-0.5984470927363328,0.15608735322703815,0.014028639445768487,-0.34730996606716036,-0.4681544610958457,0.33282091650860757,0.8206292187839044,-0.8066354609376534,-0.8258457749300789,-0.05743105277266425,-0.8689803855125169,-0.8546996308651307,-0.2894926133599254,0.6469004743218114,0.7072173628376037,0.1409024099452283,-0.2378532217859617,-0.7667321690444626,-0.1401346856565786,0.9770617275080022,0.6277834993400344,0.4230415785032289,-0.7461711131565074,-0.06146528532757345,0.3956828258730529,-0.3329005040417903,-0.08460965374623508,-0.046219797595269396,0.5042287414503348,0.06784147571909305,-0.03298395691034428,0.027005579293101434,-0.14848979044185473,-0.8229037739246239,0.946668630922803,0.4123259713551459,0.5388814715519925,-0.38897140110747186,-0.874691653424214,0.8415934092548274,-0.7727923595909623,0.9295044243203328,-0.003371004882087636,0.7351947792981262,-0.02625100364848576,-0.22101671706652226,0.4625650275058537,0.1574081865941479,0.4348272108339073,0.4264094651420589,0.20887780099401,0.106973190588743,-0.17782070358729873,0.9221243980516862,0.16827420623016032,-0.3942892682429029,-0.982786111875301,0.44637437040035954,0.9512161267050734,0.4075249200720139,-0.6683467758374835,-0.9320918809890517,0.15881657636409674,0.4616995962082231
-0.2096035086663155,-0.1664282186799413,-0.6075063741464759,0.8965044983171448,-0.35926844863816343,-0.4563141729902913,0.33463582540786785,0.31090539037218656,0.5711262707659845,-0.7949916340727341,0.1567578802610594,0.8888101413117948,-0.20616625926390464,-0.6824671793684094,0.9468948238558215,0.18088869755526482,-0.5891040659149134,0.8600628665797707,0.815974818488741,0.8455580404273284,0.298958899021077,0.6190908595508224,0.3160572111676916,-0.21123499646767185,0.29966003389286033,0.22714144320706708,0.865898166780539,0.09383365468907723,0.03134680033312587,-0.13780130269703594,-0.8275276669164395,0.36627344085637703,-0.047586984303281454,0.632754792247989,0.151712246236833,-0.886825559191895,0.5180955660424578,0.9302522965199131,0.824423657658486,-0.06737994410204973,0.016291567280654062,0.9282420525166548,-0.2462065146939274,0.9406869533873627,0.9055269167805631,-0.9800964745540393,-0.9864812216794816,0.8104471641404285,-0.21058163464473068,0.2277492479591714,-0.03065249808311532,0.9505674175375167,-0.7294182120994515,0.8270057178307795,0.16935377777860383,-0.4549374337705432,0.9009166068309482,0.09951894707828979,-0.5040669088402274,0.09955606315688015,-0.08799754553492534,0.5523975898667515,-0.4085258239190368,0.29362110313197554
-0.5410046690029142,-0.06518568369308708,-0.9753111777353056,0.9477521419093022,-0.08716803238404558,0.8337247944120685,-0.20035701209089862,0.4202813283063638,-0.43753552803378093,-0.05938463452744536,0.745460554075603,-0.12406696365730596,-0.5026927777350976,-0.7118777428202931,0.7195777805617909,-0.7992683184538483,-0.40062260578789366,0.460979008152161,0.3744386164524576,-0.5974308798806056,-0.0836989979602265,0.2355564971692623,-0.005600853473023193,-0.6965213392023499,0.09999543879660311,0.390104693420124,-0.553033362467888,-0.992738080538724,0.8654504602909976,-0.8937223223623951,-0.5136019071942148,0.21017690079492035,0.18018468695671563,0.7906924314873731,-0.24142359887354448,0.03524651147766655,0.4041324259097272,0.7601524976107046,0.5122169692800531,0.9595728375669237,-0.7953281714407145,-0.9600602936096012,-0.035103538999661676,0.3423328304525646,-0.4335786908715933,0.9259146041451218,0.8147612786644973,0.35178916164729945,0.8101449393903981,-0.562007352246275,-0.3723180974816984,-0.38313835530558027,0.5172939834631949,0.8144643481698994,0.32696805841701204,-0.025338542776482953,0.7392221675800541,0.8616328336675814,-0.0542992903838706,-0.43197635152729363,0.6737373420190573,-0.7269816763517996,-0.8337877474272215,-0.5549669300904556
-0.9641929072782687,0.15160801271804525,0.164323412245726,-0.07257994175379978,-0.4942835822992828,-0.8303934413121306,-0.8132945509613094,0.8149085203959301,0.004166234180316364,-0.6505163699189354,-0.40664287721694525,-0.5969050056171297,-0.5574806977840754,-0.7457489486579942,-0.2889666738623,-0.49477804211243437,0.8194861072780795,0.4975659762795077,-0.24169816568929559,-0.9039860067647045,-0.20117990393140817,-0.7285812128359235,0.7806693777323606,-0.4622820662178513,0.5044613388248229,0.11255216004243884,0.007566402593695454,-0.8893562726803239,-0.18130001977119314,-0.1653652508522434,0.9074738682293175,0.3096827765885857,-0.6926111570038411,-0.14358404630848698,0.5287297925651291,0.7683510300630974,-0.19743846966936918,-0.485116157248467,-0.4264262939051118,-0.43443495989572467,-0.8131658870697434,0.15254142980354413,-0.16966782654412027,-0.7048532270168646,-0.8275606474851229,-0.557646928089514,0.7840303730885694,0.21877614653641508,0.32580988122502386,-0.3241461755481758,-0.17663880790632347,0.8125951145482169,-0.04485528287190799,-0.4994470550602923,0.08816469511971947,0.9854498593558148,0.6512071990340502,0.7454602874682548,-0.8412675209658909,-0.8107297773654965,-0.9886807742695596,0.7903889677260896,0.22935616856595464,0.3331894501778869
-0.8324057961847415,-0.11955050723351768,-0.5721274974321964,0.523803547377953,-0.6506682307656966,-0.03396490338163072,-0.6840901263546857,0.8749808242311543,0.6995447314009908,0.194138908154581,-0.09652297203532378,0.7806757871319097,0.32671287464009136,-0.8090057919737703,-0.796150707405332,0.4340343129123212,-0.3505657169924461,0.09355711414806822,-0.7741277917163814,0.6263527257919475,0.9358627885663171,0.3401290790167777,-0.5979758029860962,0.2156374953644904,-0.7041978788195573,-0.7965053454961821,-0.5372285146100837,0.5934977992035211,-0.9909019629744582,0.664667447002766,-0.9731183208618335,-0.37156973176657937,0.12649026483222525,0.4992682972555298,0.7103627718641221,0.6494138586309808,0.5398351172654972,-0.48997422819590963,0.7037093292465588,0.056172307959614365,-0.27020988896808795,-0.6134233053450227,-0.6794512634015868,-0.4510592226283039,-0.7790430845793337,-0.7510746887777431,0.12117206494458532,-0.7475214958958343,-0.06948852077328826,0.8220441450156877,-0.28038246629341623,0.10799476926424889,0.8778386816823218,0.21508435206041732,0.1177613422913193,-0.9765934164268575,0.15727422549774372,0.9686969150780878,0.28963707876242983,0.6504144670318563,0.4374299139200335,-0.5454062403552369,0.12722274493256913,0.9201079003559418
-0.6594168009920662,0.9089031197385256,-0.3568118275304777,0.09700060401780464,0.4854816148986105,0.2952528031782704,-0.8971535549589933,-0.20207256909040883,-0.7317194931487079,-0.4801422713553696,-0.12757546467399106,-0.5525269201939118,-0.3404580073865169,0.7486294459770513,-0.6232712226162147,-0.23815755934906835,0.19968587248257696,-0.6830193524903794,-0.29857736626961073,-0.9399237895380197,-0.7289289258982277,0.43885788768374634,0.1566002629150951,0.3534676462624784,-0.17616838080008046,0.9330235651980086,-0.5983504851979846,-0.9908778016759969,0.35134988887165175,0.061137053192322766,-0.40359405938084936,0.3436010410929162,-0.06651625730716604,0.8438810159636521,-0.8830594686061086,-0.1502492084178484,-0.2864684331105867,-0.20908157576320008,-0.39960591808884893,-0.03815127740793023,0.9300876687385948,-0.45877647384372455,-0.9560523693685112,-0.18091045904233183,-0.12968817086364326,-0.8168568071731903,-0.0297765514184245,0.4841174797778991,-0.1394089375460552,-0.8739959184582697,0.5862303147102648,-0.05274393821299572,0.1195266714752603,-0.4822601320298947,0.7796138197792772,-0.8492722429355519,-0.8159435012206813,-0.7430274708607143,-0.18412853406042995,0.6785970193832431,-0.47572870395980305,0.7888082786073609,0.9491084784412229,-0.22548005328778897
-0.5479920502269846,-0.021835108228163147,0.7738578450278824,-0.8591667216698984,-0.1698638697978785,-0.05739015291870042,-0.8288980543603957,0.5085532538258188,0.9447153146823162,-0.7111298072595766,-0.052794053164287424,-0.08741053125576959,0.17480271149091675,0.7963267671697436,0.08519093016905943,-0.11456512624749982,0.9675312460132504,0.7241222720040952,-0.8559278347700723,-0.5778334584472213,0.501383168220839,0.1756690127062388,0.49337806468267376,-0.23420134366622491,0.025351821526567564,-0.3816137561792876,0.19812335553260518,-0.9479711346193735,-0.8141290873177027,-0.3716723584026955,-0.2488658346488537,0.5815649896528146,-0.140584422866193,0.94904048376546,-0.2855955522667779,-0.5214907227174075,0.059942436204850846,0.4768896410846972,0.8342641425817021,0.4080283681227699,-0.24782259281401586,-0.6730858115699461,-0.40856313139692824,0.9653033849381387,0.9966363009349373,0.10372634895556354,-0.6296603547552839,0.40915850650970187,-0.10122644217071652,-0.22912619446290594,-0.9047176326723012,-0.020149260071059327,0.3716287005114107,0.10199133294047225,0.5118852181771734,-0.8138979635831025,-0.18853676512433037,0.18160453633811824,-0.581016014162961,-0.1385804765826235,-0.8729469740559226,0.24373441597785028,0.284937422157558,0.9795052571086915
0.8792396228306387,-0.1140362144750966,0.9076293140845733,0.3045613949712034,-0.9008797294705928,0.8536535930359368,-0.37241376822274397,-0.5233124485796072,0.57975492680389,-0.37923348740376195,-0.48091314772912863,0.4033942836487696,-0.1813967246283894,0.7394778607468604,-0.5000352948473721,-0.6603745645015366,0.0636448613356635,0.36336114140428744,-0.9309984116807686,-0.1738954337422569,-0.5181529040271475,-0.26688735683537734,-0.1500428107472438,-0.45358209995441956,0.843116617409396,0.9776542977635172,0.7081911387937492,0.17363231783848665,-0.6934412318482945,-0.07519257860392181,0.743790105302482,-0.39871378048938144,-0.8038340240366955,-0.5222069471103585,-0.9408050704086488,0.12939726222277192,-0.8155326470198183,0.11559777713193231,-0.26060112572574856,0.8565764467975088,-0.9312658632879891,0.1680576483053322,0.9274338059957945,0.7370918567893947,0.6784561774244462,-0.7762377842972596,0.7406274229331042,-0.10485185513959006,0.811252436020363,-0.4093117328991327,-0.20527613083516405,-0.4732864347338841,0.11721026365571996,-0.262184360170308,-0.052330652423904,-0.2976776202222,0.26209665208797284,0.5794368015181952,-0.7635483337656872,0.3102797558161423,-0.17435717919963167,-0.281621053041895,0.4186985503985088,0.25065738852818087
-0.8796495008614869,0.026560006056952634,0.6583107318626467,0.9854616479460727,-0.6138880776206461,-0.9728358911874384,0.4558125893436691,-0.15238618110919488,-0.23258251678647812,-0.29681820977757356,-0.8066237501837474,-0.37981871854942817,0.9040563282213392,0.5088213542598208,-0.737059366350105,0.9527580472158326,0.5529278055067324,0.5405936815472672,-0.5987722714629502,0.8487185960130472,0.19955658069308768,-0.8085825738480084,0.07064887864508651,-0.45526203860681513,-0.23158942366154567,-0.18719275055077156,-0.5966454640923706,0.5696668641345317,0.2646919548949944,0.11795982272912964,0.9630551268436436,0.12791698096954907,-0.701995056559459,0.30678925375528165,-0.694450258354619,-0.8613248293073832,-0.8021336427284353,-0.19743652570922987,0.24246005062861298,-0.7481003598074871,0.9497244325637879,0.26263251317522207,-0.026395617587184894,-0.4248791124049105,-0.779337219859148,0.9580352320032388,-0.23201657436419487,0.4165329840032046,0.14109648718924883,-0.8057906806586637,-0.9964270899031713,0.03913654590778681,0.2918738169058728,-0.8780509729082744,0.21614495232342845,-0.22761434963901173,-0.6018420824955479,-0.49923608673277053,-0.007210816556513899,0.8084390758312738,0.21984443667805054,-0.06786232591275532,0.7241683010039295,0.5656250609246736
-0.8488686927468445,0.2082117952611393,-0.6573958129432533,0.20556402231385507,0.5637341306700516,0.8612330678799358,-0.9213090077661239,0.299113141003462,0.9138442754882865,0.02033395832774354,-0.5811475759438831,0.12657658491805313,-0.9257315801570032,-0.13307200188663892,-0.8943300977373543,0.5223588966736481,-0.07511435516514364,-0.35531397255405084,-0.12378896254436977,0.2785715004997411,-0.11324788414404363,-0.47855272591652764,0.4532996051547664,0.8871550386555753,0.03284593429866178,0.7182828748598402,0.16621984503653997,0.585209667486307,-0.6165883366763154,-0.2746209077699002,0.24179096947691225,-0.988783299960863,0.42652690150916794,-0.48880170280935276,0.838968715036795,0.8985945631859211,-0.8798439601983974,-0.778616344531279,0.12199822373064784,0.8173003230021594,0.29699509418081393,-0.2679605349952663,-0.751315968850661,0.39305055003516354,0.3644425408378489,0.16022167367990714,-0.3114019459623587,-0.054762987982295286,-0.7060299501480265,-0.8691597346258215,0.906856470179898,0.37005418397577805,-0.5542800552556069,-0.03534146373450664,0.7668531422131273,-0.3037406443845059,0.14778229881498728,-0.48190420152853375,0.4976611569613296,-0.15721441758382348,-0.2624009628684534,0.2757910904920864,0.2573187100206842,-0.6444670478278267
-0.07101026798347543,-0.872316541042981,0.9659935029468389,-0.1461307017242104,-0.3664286921368407,0.07232384328007391,0.6334841484445353,0.06239564343592119,0.7633383055414402,0.2834865851068833,0.28652983036484314,-0.9599090001149746,0.7245312539187685,-0.07275007495456598,0.527211076387559,-0.7363831613748055,-0.8982208108074028,0.1292243612945967,-0.5532035283907548,0.2011244933930172,0.7098395641185189,-0.24018271632489707,0.09859016557770794,0.7312199466836846,0.5709996604930803,0.047770053742174134,-0.9835940278797277,0.03742453036248028,0.8830072422138675,-0.6887651654683584,0.3470818990068196,-0.004879829428653837,-0.9110119492354585,-0.13236214467464502,0.273015640375581,0.3676338776475976,-0.8343270474684474,-0.08370175322845874,-0.9720757883044409,-0.11559436981760074,-0.16433347283621402,0.27077675162214265,0.3097700851073213,0.7151807601270739,0.9046778759962557,-0.44755739502831293,-0.1327905796576483,-0.6122787463601114,-0.6030702618448203,0.6549813348406393,-0.7927794567292907,-0.646143648151589,-0.0637770250171279,-0.22791002142764416,0.25962433364940396,0.7309243179063936,-0.9231410817995345,-0.6665164905890038,-0.6092233448277251,-0.37368756986373874,0.34547107496724605,0.2216764973179952,-0.4324306825112205,-0.7498953824267969
0.3972849918727763,-0.2323517486968425,0.030722615611382675,-0.1507810270359251,-0.6181408100337948,-0.08755587208967919,-0.01506841459869479,0.24499543187466322,0.8433155855145691,0.4671662870964368,-0.42342486458053075,0.8783574962885321,0.10492657117181636,0.044123366080398796,0.8939898921205993,-0.15180402528617143,0.7390987822938204,0.6025093300158917,0.710203393390034,0.9044667607534436,0.851643844225753,0.18932792310199598,-0.4397105901809115,0.3877617433093843,-0.4161500811210881,0.057928823855124545,0.8748070059487498,0.0699756868492103,0.06136860496153651,-0.15629674475778765,0.0729588032594175,-0.5470479752294062,-0.8919318369033995,0.6793163596869733,0.17108260795062247,0.4937292136270546,-0.6244234564780857,-0.5934092493091383,-0.17143447414666113,0.19238690816863646,-0.7824229581564235,0.4355816796138401,-0.660381947573998,-0.14627512103005635,-0.20482404726095016,0.7178101727444683,0.6132572203865543,0.9745896067902122,-0.7491619527876157,0.5011519074838569,-0.03895953426762033,0.8779569654553048,0.7831401519703343,-0.5559768179266107,-0.7773567240301651,0.0960909868643609,0.744988203169703,-0.827655560865882,0.6680566429805443,-0.005721680627733372,0.8437020501031018,0.8127043986026656,0.18593681497239167,0.9587550196206962
-0.5790148999051412,-0.5643535971602975,0.4937481289308736,0.23535952498259083,-0.5048263683614638,0.13410614128560439,0.0670106278392657,-0.7980799809366343,-0.4524203840309977,0.5051063302587819,-0.3795208170870006,0.01896775086758873,0.22957795529878533,0.4653906650912836,0.07742467133678455,-0.5621937825095409,0.6461912993727212,-0.3137255379955488,-0.4676053167819727,0.07418572037320903,0.4935351268226309,0.671392967833566,-0.317734628219595,0.47225753565133943,0.2460884094320861,0.178298262953958,0.43766024549447424,0.4818206572678787,0.5594376533264034,-0.2867972641406302,-0.34522359823278004,-0.5485699546511305,0.7526600476689549,-0.1831813946484515,0.8765441125389866,0.381320981707707,0.15621109701714997,-0.5747424715861726,-0.3636154228229338,-0.8493963522554697,0.6778126420479653,0.029928711235584604,-0.33720643128254224,-0.26519249386924915,0.6213800456446088,0.37123572521761017,0.5074484560741499,-0.7732884893798553,0.8248316874649564,-0.9785011529021743,0.8591093411429702,0.4310453078413674,-0.9440184786210275,0.00678596301539236,-0.5277657935848636,-0.32294886243176446,0.24513405941412336,0.8374923867205344,0.9626571708683558,-0.1027624234994029,-0.6429986369797804,-0.6409622607642069,-0.0085519961357432,-0.22505179787730656
-0.2922697082905097,0.2792917902308987,0.1277855184269756,-0.23242590927902995,-0.8563321522050367,-0.44348273542418104,-0.04409758630785077,0.18824895976491907,0.5809413902337868,-0.924335663565266,-0.6491792799560958,-0.4240769732652736,0.28911389611574356,-0.02546063097452267,0.6815256755644479,-0.7952341575242003,-0.3532260343485021,0.07668133728849602,0.8982959043490635,0.905542960036162,0.3154394753484635,-0.8730927046941055,-0.5937611414071693,0.4454145316781126,-0.013663638601977501,0.2661724677215187,-0.5505602130065776,0.5302599359340188,0.48660073401784687,0.7291564899553484,-0.591218544535163,0.15951208169555486,0.3294042004412303,0.395017072816499,-0.760348408139677,-0.8991686361491631,0.4318590533401263,-0.12609483267193045,0.8297754075248907,-0.785912689992863,-0.1033507554103632,-0.6011306276249633,-0.6999741123826491,0.2205165507863749,-0.33722764333621824,-0.20556457664721983,0.3574186712745211,0.3603678233879528,0.6420860036435545,-0.7300491497674229,-0.005912212346649959,-0.05542689896274555,-0.20532330576822577,0.6331865113471462,0.0905162037846936,-0.6525565821309423,0.1798485275014312,0.1938720643193126,0.6865821979770792,-0.2020622866045383,0.36479785758259786,0.9365993564609427,-0.2833779999134831,0.7815717332253209
-0.8030257837004995,-0.11042636380370352,0.09606793521563639,0.25430005622301755,-0.6821410809465451,0.5089028678155072,0.17758043836279147,0.900797871990201,-0.4164087592980066,0.4748583258144301,-0.40210010007316166,-0.5593382168812964,0.13656840278868465,0.1488723396996734,-0.741266584419344,-0.25090949635776205,0.7226049269360431,0.16982305363131123,-0.5542778059544491,-0.1764829650870401,0.6641881556470408,-0.9003241943435836,0.20027615487908434,0.6625361370239424,-0.1610278900136679,0.7904038571492189,0.6897603599792643,-0.47006000510393897,-0.8028381204739481,0.5221451285828376,0.1371145694902023,0.506817286483241,0.4673983937357442,0.38390347854969686,0.7283562734700122,-0.09777902738771482,-0.856181388112605,-0.24788478272620318,-0.13185744244616138,0.7435122994075702,0.6797400820873654,0.37979835889114866,0.8769152839671948,0.29240499616445925,-0.20686158774070207,0.3163770422377199,0.736989923650671,-0.3670275109066172,0.32833212570095016,-0.3050781727356435,0.8909052241239666,-0.38563519040015315,-0.057369792216870996,0.7469599674833298,0.9734777223713216,-0.8649320530674955,0.6441602398462687,-0.8397414851750051,-0.026716679660411913,-0.8255074711974779,0.8894501292289905,0.5087623612478378,-0.02378403589783229,0.7676126742544356
0.5919565518457863,0.8347600027000686,-0.1285896871127512,0.8183856620955368,-0.09104730625316915,0.5732988751337109,0.10616245794032375,0.6852173618861781,-0.9486169282395582,-0.6273680646932092,0.9201174307320168,0.9354186314352966,-0.5307478563892707,-0.2741945985977885,0.25296862125234876,-0.2810565417319608,0.7876621007033793,0.6179387963008043,-0.672204351576903,0.7191238905514343,-0.03648932460519805,-0.7932520965267826,0.47814811128487844,0.23812478287095185,-0.812929091835062,-0.9177571203732777,-0.3633900891377173,-0.5208303952429585,-0.14546687169544192,0.3965716335033631,-0.7016604854380164,0.320756717182874,-0.26739174780130903,0.6513682666371761,0.28718112670388174,-0.8424176659432174,0.737533415530409,-0.009086267360506328,0.45072180243752213,-0.9088200523707404,-0.5552107087978284,-0.08053986724282591,-0.7219370204700968,0.8120467394654833,-0.9342370875554309,0.3178444187763785,0.8714499655316237,-0.4360783749099846,0.5633340311012882,-0.07337569413619871,0.749992895147696,-0.3054008276708542,-0.5258646826148408,-0.26181877228200356,0.956384863722797,-0.3853664440318525,-0.7886121741736813,0.9502878265045565,-0.01429934808278377,-0.10013199303513853,0.5678924555207625,-0.33581171842718627,-0.9198122820252239,0.23746702439202827
0.7446012253267333,0.3484447813190745,0.3302146396997758,-0.9262766469424928,-0.8974016430067993,-0.10469758609992197,-0.8767084310066007,0.18602150510127147,0.16129561869749365,0.9624394128743172,-0.6534538046802596,-0.2722953103704697,-0.07534803346257957,0.3970099949152033,-0.1832744438410756,0.8242655599317101,0.14415017024070487,-0.6654303413411762,0.4507744030322871,0.27187093754780456,-0.4654644270855448,-0.22611633054657343,0.7992989037919394,-0.610386096539774,-0.5204357897755818,0.9551276968625075,-0.581958130091851,-0.10098873437562994,0.4557293862097933,0.7093825147310018,-0.7780559670568394,-0.23423933898165417,-0.5594184751288471,0.5535029079211287,0.47982183596457584,-0.2890296799771235,-0.0864766736551621,-0.11121733188907768,-0.7769954109932096,0.008018619385515402,0.5737665123023901,-0.37911533445498113,-0.938116986907509,0.45563792867193587,-0.3392996193842952,-0.7625826683899382,0.4771704339155589,-0.9426316119434361,0.8134263378930568,-0.4402721999516246,-0.12389251447437943,-0.037862457073097655,-0.9561440913904564,0.9678327319561091,0.1375415408715721,-0.5709033957717571,-0.7921946843535337,-0.38012226196037013,0.18074368942912522,-0.0708250700442048,-0.7663777301001042,-0.21859659421256938,-0.12642649468902234,0.5377902409915518
0.8147956505876233,0.5317961733870635,-0.7830704019640948,-0.5745405381314228,-0.7697994294462418,-0.17524859980524798,0.5670732048817178,-0.07352030838992274,0.8412896003498778,-0.9741308374915629,-0.18765212024290867,0.33427699113466636,0.4460283277997181,0.6005717130385941,-0.20039444589389577,0.07374902420934526,-0.3325378126393863,0.1718905995836948,-0.7501576404450963,0.3418388234448815,0.4003316762935645,-0.6200622633794834,0.2937936549303364,-0.6277436150542677,0.32601247584367066,0.5411051763194956,0.51024632905741,-0.7580812486251831,0.8274484001285045,-0.8042034450503535,0.695913153466438,0.46618944000954565,-0.34859807040951507,-0.3944287397240074,0.5812494809870576,0.3871119454948888,0.5571699007165067,-0.6908357369191775,0.31363902787482,0.3976032436686374,-0.19723581490759878,-0.27718050933768024,-0.2904891475897453,0.18789997724746166,0.27756104063608467,0.07507233141119563,-0.17368416718668866,-0.46236785244694967,0.1736574835789777,-0.40677609937704573,-0.8115557120969241,0.19655499482721028,-0.5365399398278903,0.6840429068640121,0.03460409403220854,-0.5510710601397895,0.944346231544386,-0.8848244476462106,-0.09876873050296986,-0.22996269871074726,-0.6302983645786451,-0.7622331884946885,0.870847413083703,-0.15488953332852584
0.7907722364537078,-0.9177848523157619,0.3000259925481421,0.14895076527844298,0.3076385727939017,0.8727212867178336,0.5032654718260228,-0.6483534575617056,0.9004298505387918,0.4595707409307168,0.7280375877765519,0.0695874255112876,-0.9906595673147145,-0.6118276784674483,-0.903316966234065,0.08260545570860667,0.680134642594497,0.08114397359333458,-0.8559570901520253,0.9097948713558466,-0.9569539669324838,0.4920989712236594,0.6639851209377734,0.6395898556887367,-0.5084652089378117,-0.8776371325822174,0.46949194906700153,0.06637255077411908,-0.9825565717677567,0.4479631545886862,-0.5182993525061474,-0.4645589780970749,-0.6728791954638424,-0.8673697358337364,0.7426058105871549,0.9922400496527002,-0.6216239027129853,0.44703338222056455,-0.11875102127920556,0.42197271738713105,-0.5998027320278745,0.8452217677422149,-0.5565739892277295,0.23883434752390365,0.7266341053615906,-0.38828399169220784,-0.7805203412235737,-0.44870738472665717,-0.11275757963295518,0.3570065442928636,-0.39397307874579557,0.3369223624355975,-0.8819110008908229,-0.999574842319032,0.6942154789615815,0.5119935945322798,0.014751151213217906,-0.2861642271511915,-0.4214285103265294,-0.16612633642817043,0.6843706469520858,0.9163557256520742,0.9870981923656557,-0.3794969494486018
0.10654958234518919,-0.0652589382715536,-0.5470948441117214,-0.6570906997107411,0.2975729585232296,-0.31511869622127353,0.280847432937126,0.4372825405525935,0.010061960102647927,-0.2974614126418256,0.917598011268633,-0.8608776174017807,0.34646140458430263,0.6229345175150869,-0.1479810973253246,0.5793655661446013,-0.7637207665321522,-0.7371587413026017,0.3455037025982701,0.9859096299279653,0.593864719625318,0.4203422425686796,0.8523484944084556,0.40688456070026024,0.3206608711531578,-0.1685144448534317,-0.37222641494316955,0.8125260730509467,0.3130080707769296,-0.30198404347522034,0.5909371589351478,0.9346000791708631,-0.5916590591832138,-0.5222832435054625,0.9328929195339015,-0.9608244231235901,0.7406207764067894,-0.8994609989585443,-0.397712055731382,0.6771022667078577,-0.45285284503765855,0.4189214832261816,-0.5135904704060037,-0.7752532050110439,-0.36471656746672565,-0.36198672222642636,0.7293072538752976,0.45366877299628605,0.8490469339497613,0.4257828748967529,-0.7021472131615545,-0.6858658750285309,0.709503882928465,-0.4577327855137032,-0.8326803913443417,0.1954478372626527,-0.2553136269259306,-0.3851804487217556,0.6327738865658064,-0.14832859160151068,0.7931918612653388,-0.9087900728586737,0.2640143848232357,-0.019325501072176232
0.10730562005671596,0.5482018566168878,0.7560247234951478,-0.788797889544949,-0.8098409520819236,-0.011305167322769538,0.17107657562616718,0.9128559353497532,0.19320479077362473,0.33578455472292434,0.48002267776237373,-0.5253070175697674,-0.32214742584829925,-0.9149489657971996,0.5034681143328605,0.29422160977544487,0.03040259776231924,0.984708643504838,0.24926958135737665,-0.33064962938753073,-0.48661826477455983,0.2741555334632526,0.4249364045593329,0.46218060671230776,0.728408222005229,-0.16392641378441764,0.11756359761638668,0.6839362990241085,0.4258999186130463,0.8324440928183681,-0.3076736375437996,-0.20785055914747286,-0.34361571468414387,0.4865848978777678,0.6367184830915464,0.05740255823139595,0.8650075379379403,-0.9780934771065575,-0.439739345763847,0.9614243751954337,-0.27483714256341907,-0.5671453681918908,-0.5394079012331696,-0.47986292258570495,0.34937584841176594,0.3086649375251018,-0.23016367470016208,0.5655432826082332,-0.23223670758542014,0.282394354702153,0.13793150325669057,0.32185686359372045,-0.29283191405614195,-0.4376956841375137,-0.25253312721315546,0.061408451997045255,0.4705780715347727,0.18604436862662554,-0.21181554833564342,-0.6199064084523596,-0.6388933250390361,-0.8990565128811854,0.7777675846787737,-0.11904975732929679
-0.5572983740218183,0.42851119964816586,0.555460846808687,0.2987203854333902,0.7041546786667894,0.3117607267010971,0.894918541628547,-0.28486178967815623,-0.14875558400426447,0.605448616533379,0.056034237161349365,-0.29793591614144743,-0.20007887132099245,0.1373971620359966,-0.9734773693842347,-0.819444275196139,-0.5618580942843834,0.7811351998210212,-0.5843091401063161,0.4945569601081543,0.5752592300848653,0.0145288272110915,0.7212391368832736,0.0500823505733603,-0.1911812796927581,0.6396117950969422,-0.6814369474729773,0.688353526149474,-0.7794651967695507,0.902130275062506,0.36326626123097294,0.32117092066366904,-0.37114989042802704,-0.9142349105937795,-0.4429392068606357,0.8025879468466788,-0.3657205110191224,0.6732321055037265,-0.9596863325895435,-0.4445275319759725,0.5816601183911432,-0.96612408851029,-0.22426374549056627,0.35420674819064546,0.15675996538841197,-0.31391365197941856,-0.007905013219877022,-0.6754638799497341,-0.8357817600517403,-0.9114503915940131,-0.4558463502085983,0.1082043271205253,0.9573176859253842,-0.23268779359747227,0.14106140004983425,-0.9583748584006586,-0.37179031455133127,-0.37962644676016866,-0.6147112781178112,0.13281954345488423,0.2755420037058094,0.5931985322156146,-0.7653153988444692,-0.8836049948989038
-0.510286813644639,-0.8089555898482712,0.16405078999020928,-0.38762799670243053,-0.9130458205775573,-0.14604797005799286,-0.039713233457988384,-0.4119685515570066,-0.3294468608760972,0.09506913705616271,0.3790946244906581,-0.1127587063506239,0.4480887823619173,-0.6017432260993234,0.04171555037048846,0.2577294840585276,0.057582493650776057,0.6443881884921296,0.8539931745754774,-0.7729961937556722,0.04022978870356764,0.8266864592997252,-0.4085867154888241,-0.8425883848131015,-0.3117801632950259,-0.07932384946526505,-0.6831445254379622,-0.9775320604532878,-0.6077982564173019,0.431944718762419,0.15202496482641292,0.3713629355935102,-0.10171605356701097,-0.047986073340274604,0.046028361002214746,-0.9259032040062878,-0.4413297731324848,0.7076340410598083,-0.8025109963470916,-0.7669716277822227,0.5292163668746159,0.3245769365326754,0.8270994116482342,-0.22484127548717336,0.40480988152632547,0.3773819598795094,-0.5231036688827471,-0.22557801228233343,-0.5029490012354638,-0.4621494697129611,-0.9697888014014173,-0.34610286625786113,-0.28388968877984744,0.10253182380805015,0.37241020185072493,0.3015076615517074,-0.7077754439440489,0.3179871532922809,-0.5286148729473528,0.8152733989985159,0.5039372796876918,0.1382926042214958,-0.24715914104222048,0.5265506122693668
0.5694122036273872,-0.48763127626422964,-0.3979933813992407,0.2546009070953559,-0.9148825693594089,0.13387604561547528,-0.9261187384076308,-0.3139643983326432,0.9278243592060846,0.8124686592423889,-0.5818074543587919,-0.8308061619533731,-0.8534389937653686,-0.8670906342186495,-0.4197158363105431,-0.4618858995708808,-0.505892254425699,0.8483285562564324,0.3223144740513515,-0.10010384425729946,0.45727197194660585,-0.954297183099879,0.5921551929462745,-0.5703316717763833,0.781016498952593,-0.49901558743538343,-0.5980919204876216,-0.3193241229600341,0.34635530870713693,0.966615194618236,0.1953845558104732,0.9698835306324545,0.4552665830760836,0.050597181957167114,-0.7664988320577095,-0.17546812556640123,-0.229838290779242,0.9179029052517038,0.08205746067470421,0.666894960243321,-0.006973451859938251,0.8548837695182361,-0.8172894708550016,0.4961730801572415,0.5447428575240738,0.9922538073076941,0.3304476958565028,-0.38285627898001384,-0.6958287547987587,-0.54307660049677,-0.19780605567305876,-0.15844527311363832,-0.6703041535637806,-0.3160759174341665,-0.5141060084704041,0.554175081892518,0.08600002246610172,-0.15841751762818346,-0.5933311662402381,-0.2784041385119058,-0.07903635729565983,0.9546082834911183,0.304955064683589,0.6174338895014775
0.2901707866954315,0.10969884133295937,0.6277150316723155,-0.9566217407990119,-0.2239661996980571,0.06931163663099316,-0.43636611042646023,0.026134039098846706,0.8014561129278959,-0.5620696872001794,-0.8962216701235663,-0.5233853872355054,-0.8776407122515435,0.40455631015893334,0.7012435579500773,0.6117184211252855,-0.6107008992382412,-0.8953129019461608,-0.007797572658371887,-0.5051740681908572,-0.9518758242957692,-0.8455464192655733,-0.4130046329245498,-0.2781583139120585,-0.06998706098112728,-0.1111301856451874,-0.3836746829154405,-0.346885699095254,0.4227070580859247,0.7822389709840234,-0.26096519261789974,-0.5214944381272082,-0.5923565413319454,-0.28109410300306936,-0.2393129222959285,-0.7154906262019711,-0.9151487571870114,-0.6725105860820872,0.2674741475540068,0.9008745410790047,-0.8897367744174975,0.5226710184430972,-0.1682510223900333,0.05730647405410938,-0.11964387583758507,-0.15222120551584406,-0.9357455868039666,0.9468085020764068,0.34843517754499165,0.03936224126525811,0.05186565089629536,-0.27945796783087684,0.32454953858411395,0.9595029933736636,-0.4361266335537559,-0.9507443422474497,0.7634714301338692,-0.5266769510844895,-0.21051493232928098,-0.53934085854519,0.5913465277341898,0.8012799813075029,0.736098261513066,-0.6545168307351952
0.31056154664001334,-0.7853177271117657,0.632206557246856,-0.7411058991648654,-0.23498279722202198,0.915735723212302,-0.2771114373647572,0.5807337362541907,-0.616520286535128,-0.24740417779985302,-0.30191142248465463,-0.07463808704471275,-0.3398339788268607,-0.24524778989348972,-0.8057373764138513,0.5950822022909321,0.2718122676250345,-0.3811109435870692,0.5789900627674884,-0.8167218573721005,-0.5659504921870899,0.22364532118543123,0.796990507384248,-0.09546151280948134,-0.46931910471312355,0.11465802188924412,-0.5496284791930202,-0.11689651017212532,0.13773813793862777,0.0894126073237067,0.6145975099373329,-0.16981786721689374,-0.09899507334935453,0.4482890121395291,-0.2540011387346299,0.39561981809258673,-0.6022505532996925,-0.060201550897283074,0.7752077315935963,0.3037732004860352,-0.028416440878937577,0.31780758706270484,0.6738757662983725,-0.8126249473860372,-0.9422985818990042,0.3030863488440645,-0.8650962228437857,0.30462653682258645,-0.3612239937599766,0.5873340570986969,0.35039405439761606,0.800090742053281,-0.2103631189073556,0.9845082765310607,-0.5730762302775219,0.9448800083032334,-0.8717227450958343,0.8788504718783419,0.5593441382904221,0.5657839331632255,0.5175829040123967,0.2562286591021472,0.3783683669909106,-0.38389082365061356
-0.022205927672445114,0.13657626360844355,-0.3888807144248816,0.3966071663052826,-0.8456635084656854,-0.1363449437332913,0.2704810665579831,-0.14917293216991023,-0.6482515560457216,-0.20846013907424865,-0.36586755430200046,-0.9482209817989566,-0.21394074578548872,0.9846613881699813,-0.27211885020546944,0.8826244235929233,-0.3498915504744946,-0.8356075237915672,-0.18426679263290469,-0.19026864052200754,-0.023495167189374166,0.3414665084214863,0.9665406693725187,-0.9831707931857947,-0.7085956846757049,0.9902738365975539,0.4055285685280132,-0.6590890804627041,-0.8764474176026988,-0.9322691531149656,-0.9111149181270699,-0.19997118200134056,-0.9581400607310036,-0.6200336841119378,-0.1826648433105731,0.9484813985282083,-0.09621963662506716,-0.2751409661280988,-0.6057224898620199,-0.8370692042837728,-0.9734064480657427,0.13132284130233018,-0.9195004298016918,-0.6009959617066323,-0.3005914334141708,0.4700431403471035,0.6456340044176136,-0.6529390729319613,-0.1691626410314675,-0.2865379700139792,0.17569098603458344,-0.4195966254789705,-0.474453648836056,0.24948315751771433,-0.30514854829118154,0.6051261140614566,0.10467504253678106,0.10333575334059164,-0.4916474409437164,0.6740148219322144,-0.4140934318308813,-0.7446115359819667,0.21022524118355457,0.9229511742955832
0.39142915778488985,-0.7726859787206337,0.2675879885911967,-0.802684139425174,0.2519127060832358,-0.12338879632773625,-0.6145749212653902,0.09076996804473869,0.24580096425325748,0.7453558450375755,-0.19216152579836132,-0.26214078169008825,0.16657247875398418,-0.9746957426059579,-0.11069647493848733,-0.41275056218503803,-0.21459828634121747,0.24932357137443772,0.36356134161873954,-0.5948468737896784,0.5704112731737041,0.605304450215254,-0.9049800439660518,-0.322367709059338,-0.8984248943869362,0.6262141449151242,-0.25714492521753995,-0.517929851680696,-0.9908725903046882,-0.6352787989078317,0.5365725002887705,0.658460272625516,0.3796589793758347,-0.08714364848233136,-0.5705131005388919,0.7080103092732006,0.5063485621274577,-0.8443757299832948,-0.02168097296378968,-0.6025165134517791,0.6437618420634579,-0.25048699955299636,0.6069511465952269,0.8197322915027021,-0.961556031129394,-0.819335556755608,-0.4867543605514457,0.31313822409279535,-0.5294928057801609,-0.404928745305722,0.9650128853109228,0.351614246622737,-0.8658723947753575,0.4895649356044345,-0.6311662031414416,-0.3355718215098795,-0.3525197522317929,-0.48494859892035747,0.3705709642062627,0.8114916684746674,-0.19156013163052976,-0.20021915829080683,0.3276976376770582,0.597301349972692
0.028577802341374747,0.6646898110458692,-0.15790776694609554,-0.9948040658497119,-0.9289635903496114,-0.5709893296674324,-0.4348652906360553,-0.42711615166863415,0.3661868485283588,0.3933544701548759,0.13198355907214077,0.6294449829831268,0.29412188078228696,-0.934938347151901,-0.9177451021273901,-0.04631219818974608,0.6556661825902836,-0.43251019413875924,-0.8589919561333601,-0.8990680845410408,-0.4146250697246163,-0.9441612757846147,-0.5539395262360294,-0.5453886010201856,-0.6206281802871991,-0.3856859481958963,0.07496065168563981,-0.8075365209118601,-0.7049593344859832,-0.7596450956091343,-0.30938610820857093,0.18571359696802836,0.017959556050611836,-0.42838434628734334,0.8746095508431857,0.7260867407550184,-0.2668600052190695,0.955977937649966,0.8312112690284825,-0.6945503057396154,-0.7856440522317427,-0.2783383846732992,0.078425905941931,0.8896304440978124,-0.6916871598006566,0.32357597784346237,-0.05467712011453152,-0.7321468853576116,-0.3906432608490602,-0.465019871743241,-0.41791963265461196,0.345153606864693,-0.8963173231339081,-0.9590358562865311,-0.05656331424108063,0.4953559628434143,-0.9450515010022094,-0.36382422414352567,0.5452621400871391,0.9717818283327935,-0.6441418425960574,-0.8649205826418016,0.6656659441439614,-0.4072332255774298
-0.8176881388343238,-0.19781715544323863,-0.6505102741164166,0.46691800371421355,0.42492631221572985,0.8175196492663237,0.8184928025876679,-0.7792150336860506,0.02846393245369705,0.7838333240762263,0.49332087641603883,0.2102755965979477,0.7462645935466259,0.43497869424176083,-0.6328658723114455,0.6926760270730272,-0.5415850377235838,-0.3558408793081851,0.5844322511701441,0.7302851040419196,-0.9424983727843657,-0.3955875147167691,0.4066499153253833,-0.09966565186626175,-0.6249405109338138,-0.16782080002701227,0.8708409053957868,0.3068834123450621,-0.5066577815278537,-0.17369526299907867,-0.07673280425450235,-0.16368905950096413,0.4728865707838197,0.03991168153103564,-0.6065430351638128,-0.9571589087930705,0.10878919108577789,-0.8305857751845964,0.7047075119130735,-0.2245503640295432,-0.6842194336810132,0.5574391259031184,-0.4191495614281575,-0.18690167813166592,-0.13253708595737446,0.9185386644832023,-0.08053249545274377,-0.06747393409962732,-0.8216923786146131,-0.8134308518368039,0.40131185873771824,-0.06222387539175234,0.27431799354449815,0.11442492552244099,0.3023357619924283,0.35437017694479,-0.10651530203368464,-0.3702184230144534,-0.986755243383473,-0.44699064541292,0.7828874644143256,0.6236250781074795,-0.2609799400730084,-0.6387778123693326
0.8212280156671135,-0.4565253829125524,-0.15829297852680302,-0.728859449853337,-0.603543512812498,0.45128678810022405,0.3994361971182281,0.941999353819311,-0.18286274032523253,0.5376678152566181,-0.579402809127614,0.020465964992999464,0.18738585329648516,-0.1267165034400184,-0.44408405668190465,-0.024057654261996575,-0.7038502535058531,-0.2959749136514933,-0.8479684125260445,0.5427385404894303,-0.16141976232368305,-0.6434518845628361,0.5766718331499061,0.4034712025565306,0.11229402880330008,0.8025111258937254,-0.4320220595452413,0.41507585400615166,-0.951349939088239,-0.014830250398389477,-0.9103510730689284,0.27430041755221657,0.2498138427993819,-0.3847510514200785,0.49921887019534217,0.7169283121537049,0.46281186122848084,-0.46768050985814935,-0.9089387233660082,-0.24073233236587277,0.05068094257996569,-0.2534019771839937,0.2995816607798467,-0.2111518677192914,-0.8693831240468366,-0.05937958363274731,0.9090248176600797,-0.6260349288253093,0.6093393959729057,-0.3895677615087181,-0.7793993923070535,0.40450658186316946,0.8432666889751916,0.0758304835748509,0.6017567489360585,0.8365326307861038,-0.12494901910526135,-0.2461694200439204,-0.5408039210550302,0.8105915841714977,0.6208366543520869,0.5274661495797155,0.35546378836602543,-0.24834200503859893
-0.17693352824512165,0.7800126209220215,0.4670586873283731,-0.3565444203509551,0.05240769731383321,-0.10957320823749117,-0.010493129995974071,0.9540270448571069,-0.03249946623489586,-0.6055851698151935,0.8687583294713159,0.5596402747519329,-0.6676380261152186,0.7493794778624574,-0.1827154521416514,-0.14007001747897352,0.20663329910973682,0.6973572964267474,0.30423582456539866,0.6751697599340452,-0.5395800817880165,0.4767441155448937,0.546457024856503,0.5197082089070415,-0.47085644713830144,-0.28088537986931916,0.4264208885287899,0.17617744135768287,0.3979386753194032,0.7599220674113509,0.9831297290031087,-0.8979978785026475,0.8645679307578789,-0.8736046379839437,0.1828685237234886,0.5998747100989414,-0.8958519263751226,-0.1606542499342225,0.4839334407340894,-0.4528070960408792,0.18920127783735308,-0.09114491513594825,0.9490940427633712,0.13650835829145302,0.5262476743246745,-0.9568568388272083,-0.8566485277159446,-0.8353793277351942,-0.3581882615573002,0.8566010034689797,-0.11795899258189446,0.08483256380682747,0.9694726575656354,-0.4516229312694362,0.7120775827133183,-0.9111134245199592,-0.4034980223952127,0.5017087614064983,0.7866548865440621,-0.12255138504890173,0.6858435584928717,0.10349127414633585,-0.9057179635996131,-0.8299301073795293
0.3833699390015146,0.8471694195403063,0.19817098095868357,0.6642677189128832,0.381041467005508,-0.22534075475685866,0.42513184458887165,-0.21928550645712286,-0.6763646116016981,-0.7608292712926044,-0.49625471854200565,0.7405560830821365,0.2761063856797843,-0.24544372423698602,0.5254700012811766,-0.24021242881493743,-0.2961052923177896,0.09889833494654354,0.7755947347282965,-0.8070584158719905,0.6669074993670179,0.22660053350410547,-0.672488196587492,0.885254884112239,-0.5615704775402997,0.3726344737767684,-0.0020016239133267,0.187593615440381,-0.29487110900922664,-0.9218308203031262,0.1092777258634452,-0.6397854470660644,0.7875651874880241,0.8787975448100525,0.02586498634313572,0.204115745200248,0.32473599712652,-0.7484432449584302,0.41325689563382606,-0.22192608214914888,-0.6884004745509587,-0.14973713417398926,-0.13578582368496206,0.7709621863175513,0.27788842924544666,-0.9647201186087662,-0.9727278639184076,0.9313140851846107,0.5809525306017067,0.25213223847371524,-0.9804136734435833,0.01543260906666677,0.795762479784266,-0.9619762371935037,-0.07501067368370817,0.19784421421004406,-0.6412318724513693,0.15208539705866064,-0.5006943226708773,0.30990995083619044,0.7267055830911322,-0.07183316702085674,0.9094947212596076,0.041171012430714304
-0.5767489646658419,0.4455903034180644,0.5906287780023076,-0.8619304395042267,-0.6669838511131743,0.6985576336923431,-0.9850365156938601,-0.4018121611477583,-0.27085555852079035,0.15980970090637436,0.46460321869977683,-0.6249771273947065,0.21674083931455312,-0.8967864413823907,-0.8794214766134354,-0.34666391626133386,-0.8756288393268563,-0.302679137049477,0.12461838537682723,-0.5769051510015966,-0.4455837995811316,-0.9649535817630044,-0.9825771235604066,-0.9490915370677604,0.8753927547437339,-0.23360424992036144,0.6296615471202591,0.21718204124719986,-0.8237570223451987,0.8328300376258997,-0.6230190246013019,0.947942802133475,0.9374965487616591,0.01737376878189223,-0.22372940965217203,0.7721471239035667,0.025284523964570926,-0.5909378152530136,-0.37140845595688066,0.8051880973795515,0.8629113845065981,0.8816167225163538,-0.48135059464461527,0.6356759791259161,0.35643730773049453,0.3619824549503028,0.4623625985240174,0.48388970492076644,-0.32355715633377047,0.9383580405516363,-0.10789828217020903,0.6337449980696093,0.30585853158789433,-0.7711541081202455,0.7752193524551989,0.18148728644679757,-0.4568302866313352,0.24686627197061628,0.90016195730957,-0.7076011025344624,-0.3289749473828907,-0.9287789509843989,-0.975387845162355,-0.4506960287115338
0.12453867391935725,-0.7289701598796561,0.5708938140596849,0.002328658279630691,-0.3969730669823155,0.11560960111462615,-0.19269171778877348,-0.4374859275792855,0.4934733992113711,-0.3073773864176155,0.06309618442553,0.3248032065182298,-0.31552748080123805,-0.0035258234458239723,0.3792085440375421,-0.8133801804295675,-0.06133421849466392,-0.24101762704489804,0.347039607320035,-0.5451689360739109,0.4423608899452447,0.40304208245032136,-0.8872963923656692,-0.0060871875459480584,0.5293850082336613,-0.4645906041087362,0.6122886813860549,0.09696707186163644,0.015914155204529434,-0.6677489223051227,-0.08829275510615098,0.3961028488439349,0.02290243937433445,0.058620559525301985,-0.9702012510014175,-0.1648405605233454,0.9540359481587324,0.01524712886076074,-0.2276735843930875,0.7349859007483752,-0.8782686261477937,0.6709489677785914,0.03967716739841731,-0.10815189503811684,0.2776876576243892,0.24680124328562658,0.6897401958435105,0.8219192342454882,0.7103917445686898,0.428092190672118,0.6474036934227525,0.1678737977597824,0.4478508266801542,-0.8438128017342594,0.7949570851426102,-0.39459311832752775,-0.21252926531605199,-0.9414890261288731,0.8528690691747189,0.11652402491692126,0.9380845974075906,-0.9244248284807925,-0.6101007902245941,-0.6549100746603786
0.9989048159297997,-0.6089078227725844,0.37946220756142024,0.5913239119911866,0.5088513846832818,-0.8380674485553556,-0.45302647021332265,0.6778730698048736,0.8846517044532018,-0.6824637906987647,-0.9708292902359812,-0.946166430380843,0.9137758869068098,0.03818969386625959,-0.08586359360694318,0.604171920894792,-0.49239043649648684,0.47958626426518625,-0.6093238838892614,0.11818043760658581,-0.5660859299918692,-0.21822651434083506,0.27530864554051626,-0.9185583900232079,-0.8070975051503377,-0.06253745234058394,-0.7074257641129595,-0.7417185047204897,0.12538925748944862,0.8901515711531718,0.9252640531637157,0.02834160536678665,0.39752985421752807,-0.9807703981939131,0.9659400901099555,-0.6386850962958626,0.6232028747522507,0.048367424376538626,-0.9709431854550177,-0.4617983966202279,0.8390954521489598,-0.1310059260889831,0.9171902197245663,0.3016214407300162,-0.675569233207346,0.7796739314887666,-0.9983867649268938,0.9832975306426261,0.7022601256671948,0.16038782459325085,0.4799733804183568,-0.34174393712826046,-0.5531889634420266,-0.6521809257002598,-0.568446738902245,-0.34943804156461367,0.7744655258206803,0.11078957276337253,0.6231274686529862,0.03406406312163157,-0.18063793114364457,0.9911143374725169,0.8849534731079345,0.7733992811548778
0.41698141267294875,-0.37561757869745604,0.145359240078746,0.6144917390300626,0.5709883061887548,-0.7482599666340635,-0.6687461579358978,0.2150150069637271,0.11602572882295048,-0.8448266188151445,0.03638211000310965,-0.42808248200909693,-0.5235689900635798,0.7657017338498793,-0.8643948367505083,-0.5124177772642868,0.8509095974823047,0.12484050846291317,-0.5265952052836116,0.04585940660145593,-0.45504034973917795,0.14602833948963112,0.6753422288322195,-0.3912284233562431,-0.9682564324049847,-0.3829758185287171,0.1401935923262856,-0.1201525312732532,0.6263737744038946,0.010696642799173928,0.6609535994702433,0.9469794110134933,0.4501568289456257,-0.9142335853336028,-0.9479824498415557,0.30399803980556594,-0.4912978350128201,-0.18166406032838012,-0.1140091468288087,0.047647243105703785,0.22173419822726625,-0.7275112501933376,-0.10234149587474106,-0.7496598989785885,-0.726403647727597,-0.09552738268187921,0.31288489486273185,-0.5016697719688483,-0.8996750467727133,-0.6282097556226258,-0.4742083416802749,0.7794403298683805,-0.6684374422898085,0.24429554322756952,-0.8267155626962079,0.6201379827116411,0.8125279305463959,0.6370399640487119,-0.4878348430080941,0.5372317214570785,0.4727092756795761,-0.3689429793670056,-0.9593654551250079,0.9610603442295556
0.24180645738508866,-0.6688322508239892,-0.41559516017579834,0.4283035616438273,-0.4485533455977455,-0.13269823139092107,-0.633384790559002,0.852936599935401,-0.7674777732540676,-0.10842754911147234,-0.5946639853858791,-0.4143651504281518,0.19501645298856185,0.0720036518362599,0.148296231171404,-0.5537055559024038,-0.7259790849404897,-0.788290477430476,-0.4558368896423768,0.5085075923788289,-0.29300220615325734,0.6893380893654588,0.931877012395324,-0.5325079950636236,0.5448523536345335,0.06852781080099679,-0.8268079909496113,-0.3958670556224084,0.6829023497174473,-0.14038193294197576,0.7063163787279396,0.3005649249184097,0.04515826501806042,-0.44949833491022284,-0.42662288750661714,-0.10228400596169829,0.26303734382067345,-0.3497893782720529,-0.14384959167994915,-0.966236901175068,-0.2278449926884034,-0.7599382497790552,-0.45683908570930165,-0.9142569560523062,0.1378229611783528,0.04765920099554832,-0.3462575366734306,0.5971433187478155,0.8175959656308118,0.42559188936028214,-0.09276027972818546,-0.536968769887564,0.22896173735132952,0.10106017726495553,0.02940453570215995,-0.42240392566253804,0.6933189474973218,-0.9796851888657614,-0.01698522774064326,-0.41100649281012847,0.37736734958901264,-0.32971086081520706,-0.9289680133354203,0.9950645620689595
-0.2831112128307822,0.2684575503896194,0.3035118189863981,-0.4762219403151462,0.04042341666904692,-0.5324212042040428,-0.8542422640203753,-0.32328115430999205,-0.5948913734788743,-0.40722305909907064,0.9153486323405393,0.247412872814734,-0.8200929606815424,0.5931989277940231,0.5012324809723561,-0.03921813376320493,-0.7389402280975275,-0.1494563618900293,0.04633905926818671,0.5988445296693623,0.38150455306065134,0.08765422737632833,0.8435061926698224,0.7776393008109128,0.7074896578157548,0.4576899927602043,-0.967951724093735,0.8273172618549698,0.37206574595854924,0.5188467675925936,0.6150140840997993,0.09948404527184906,0.12842015449662592,0.8839474284693991,-0.7794715064820219,-0.1673380526902588,0.2826839924658464,-0.3748275380871797,-0.35182807106135683,0.9401396996735838,-0.45237765124784146,0.7495222190242725,0.5252565659456745,-0.47725345734685565,0.46601574010879654,-0.049767611040844706,-0.3249924074480348,0.4874408028406656,0.6666973695377616,0.057251795653278315,0.23068864797232647,-0.6767827991322266,-0.6339269467480348,-0.013284328506791176,0.07648107181477615,-0.8212793718375369,-0.14649694502462252,-0.7447611843331847,0.9941487503185229,0.9839707384234322,0.11425596130767168,-0.6040933138044637,0.5883967922203772,-0.1423063488192
0.31965861540595153,-0.5934902533240971,-0.1574714690569261,-0.8229169279500934,-0.4620276243077155,-0.5886832935245048,-0.7592993358676248,0.7302755502187672,0.2561960131678289,-0.9307385442003884,0.21582407643902335,-0.3202308240455787,-0.0048013902345349635,-0.1812396904612137,-0.72441974708755,-0.8505067945338021,-0.5835712999769291,-0.25517631149230513,0.6979296210899466,0.5116152613878864,-0.14966622384284722,-0.5379091239886136,-0.5986767559395263,-0.6648940785872037,0.6658469594798488,-0.8644589288819569,0.6214708532089803,-0.24351288045043584,0.15434908651135815,0.6130964134596733,-0.6781063562168628,-0.4324732747144826,0.07988140877870098,0.062072109005217424,-0.19313647761984276,-0.22027055525267847,-0.9730509993923384,-0.010196405653043694,0.3221042041568092,0.8371360988937309,0.012285933276500849,-0.8126870619680093,-0.9827349079111525,0.36179607177505524,0.17930427878278254,0.2108510522480438,0.691735417336089,-0.5977834432404956,-0.21926616592102355,0.8770519297365515,-0.7863174514757942,0.4547128692866689,-0.8895774245883925,-0.8636881079883134,-0.558792034675843,0.4836769800496319,-0.0016431910305476638,0.9704550378896819,-0.3795467063208702,-0.5290931507618155,0.573254951369921,0.07815885359719488,-0.15964533218300558,-0.8711171806520284
-0.016391168795588662,-0.17356386615643515,-0.534317275378444,-0.050402094419711,-0.9580169446939906,-0.07777943477326121,-0.46717215263100353,-0.9061560477454897,-0.2544619080167536,-0.46066788952796167,-0.350444210572332,-0.5517150849978225,0.12661161096138085,-0.28423904708246317,0.8419589621163677,-0.5709455544762947,-0.7466252600000634,-0.32014730681048187,-0.3836557940549872,0.6936597766204371,-0.8228270417013446,-0.7998634972099377,0.058472497038982274,0.21455019447247237,-0.6542951716166705,-0.35844151045658457,-0.3426464441603412,-0.6955486224264005,0.4963851788870255,0.2158470587063337,0.17554070124638965,-0.45831634637758634,0.976124814486564,-0.5027642567932298,0.5510854672078425,0.41943680047022247,0.418494268100398,0.27921812755830344,0.8966142864917492,-0.5643541385536437,-0.302091086537041,0.446979623047115,-0.21547817114876544,-0.9424389749924917,-0.3175939527514531,0.8177129294025016,0.4126625441584384,0.8321702172640895,-0.31126851540816625,-0.8066622931891512,0.07627793782622017,-0.9078644773533111,-0.026307871712550668,-0.1973191965162544,-0.8481889839868049,-0.5349234498934614,-0.9405739297763691,-0.7297512524655709,-0.9194004861581029,-0.19400804007288497,-0.44262580622698944,-0.07047157375476854,0.6648428942249311,-0.9657947212111984
-0.028205897083627418,0.7147904226879629,-0.42447781134765417,0.4565100575231549,0.8697089609496436,0.8787640472099685,-0.09177677681598873,-0.026391206374915877,0.5639044736369887,0.025962874832923477,-0.06394199242761767,0.393606104033011,-0.1580182650363866,0.6735038863094809,-0.7391602750850923,-0.1549500630279248,-0.18785099706156916,0.2678508144434131,0.7406108656136625,-0.8853534158347878,0.8017729638925726,0.43955763629163136,0.5141969564283875,0.7220139188326113,-0.9674159612419093,0.7454983097794696,0.85353868847228,0.7621684965692415,0.5192846765052272,0.6389321346586836,-0.8004713201043707,-0.43691899748161056,0.37137291325843114,0.7014568610310801,-0.38902048854184335,-0.8010948420088342,-0.4225472937079888,-0.7603606767288056,-0.5519982043120488,-0.2718615902143835,-0.447037187561387,-0.9522185643241656,-0.03521862526643771,0.20517845226922726,0.941463706854804,0.41120044302198466,0.7374351182366412,-0.9798133674105245,0.6673647824335094,-0.12925272749984607,0.3917756642615795,0.6221668627733925,0.5879104791740823,-0.14211507873953355,-0.7009165387293177,-0.9704607749767031,0.42403792061376344,-0.7235462449285217,-0.35930727161580633,0.6398949261373936,-0.2188499952149099,-0.057140696911895716,-0.6092500175152433,-0.7856370056776589
-0.7582378964631054,-0.7772881900590605,0.8524156073570155,0.031243970451304115,0.6496855163904067,0.7517725175007215,-0.9795329848842964,-0.9689478063611854,0.2711716018589272,0.34850232361953437,0.3870000279280128,-0.451511573726342,0.9448651100358663,0.4883232408806635,0.08729694046613745,-0.23221904004513094,0.07874324904284302,0.8590989703753129,-0.02815814851781373,-0.3819642305141351,-0.5236148765330595,0.43379549226415604,0.41072794895805753,0.5789237671367788,-0.3453783697723327,0.3424535992584157,0.9963921471792669,-0.2062381864439058,0.3740118695553061,0.3104846975948601,0.8969735596394788,-0.7559524301430915,-0.32952454310488255,0.4470507729446498,0.27913393385650775,-0.6768929238807506,0.3405990866625086,-0.907959078255901,-0.8202095081289114,-0.18099136207842315,-0.13586497171092304,-0.42892094242459655,-0.820478463945226,0.6869730913237608,0.4265713189074487,0.8238628374315957,-0.23878535058275108,-0.2067035084268829,0.271965630168973,0.877393497964688,-0.4258111781907272,-0.9955823620956168,0.5433080762389342,0.15529838659704587,-0.4581376101088801,0.9841761209018771,-0.4795798794434407,-0.7845905477567154,0.11420512083018086,-0.6155544733352021,-0.25370173145682906,-0.7170746053848778,0.02810712329730025,-0.6982398012874165
-0.1300390986609714,-0.5432948456662008,-0.46178311289752316,0.8009419340241837,0.12148179710899765,0.7533289669817178,0.01415443552131812,-0.5480372692002364,-0.8796160144712646,0.029427221690173866,0.5311191855020312,-0.5585112889742223,0.013143822145937012,0.1263788315141119,-0.18489226965084105,-0.1469354440837436,-0.8542701149335115,0.38683113888565823,0.6120642128981875,0.28322752120165373,0.8025723256038659,0.406682256883627,0.10692051404775715,-0.7766733340133698,-0.31703164568307085,0.5423478693577737,0.7494766633751533,0.8900594673386082,-0.5743734975807664,0.13200589288506404,0.0660417470941368,0.9973996290076685,0.07879768477029847,0.23581042579815992,-0.09384749258894032,-0.016894861455096777,0.22173947971483376,-0.02018802176925849,0.1222149059262514,0.47700973526163204,0.29398913685860184,0.5342159307710583,0.7137368854525203,-0.983618659141638,0.040445057421520936,0.5284507765838449,0.1571633283591738,-0.49813744415238514,0.9493249176752581,-0.2645513480455781,-0.9684951027793853,0.010950408905118891,-0.10401361002327181,0.19407807608371197,-0.33238564494068035,0.8470073293945488,0.09465148481135865,-0.8017082242621083,0.8724515947875153,0.4866876212404101,-0.9202406690841738,0.006498287450719564,0.3814233355875991,-0.6654761953728379
-0.03429279754273473,-0.5361679771526613,-0.9044703033782184,-0.49535283856517176,-0.26955873235675565,-0.8657570299214479,0.42225403523470795,-0.3672352812126347,-0.8733637682467879,-0.08967634256926638,0.5108351094035071,0.4240015387732943,0.6601528501110849,0.18794124695267356,0.8909625731070532,-0.29160767089051864,-0.8121253782797706,-0.3062425334821468,-0.48688179483860083,0.03918626336395503,0.5776605184466301,0.6671401323016466,0.15815445003636364,0.3203779430992273,0.10362771165612394,-0.039463443667139275,-0.41238701108359765,-0.4537428399130803,0.781210181113291,-0.38969818250547705,0.8741982720044161,-0.9523615523834232,-0.5749818579900277,0.07931014504157274,0.988975934079442,-0.1869006246457905,0.42208693435157385,-0.4045884664003654,-0.4363896318223808,-0.2886653991867989,-0.5408947771122179,0.33423603311204686,0.7504767865133879,-0.10325981873860202,0.8664188788182701,0.5102169029970296,0.698480283065043,-0.2836283910587485,-0.4549558009074939,-0.3065905391373154,0.4128649311492927,-0.7100547510194264,-0.06719638024070718,0.5153378981427297,0.9875627956839652,-0.7276957374913142,-0.8852354401671092,-0.09591123210310348,0.8400176424316708,0.4672682267955093,0.932255380234835,0.278358668597698,0.608329865434315,-0.33441068380102523
-0.39141930256294044,0.005292256163319076,0.9279879054029643,0.9852205369197125,0.2716710617079925,-0.8252240449177173,0.6839944223703491,-0.17549322395794964,0.812989467615499,-0.9837847391603303,0.8733844519313141,-0.9702740263060856,-0.6437926647312202,-0.7792601106724693,-0.46689417473951345,0.46838354834553986,0.3305883011227384,-0.2078896216646211,0.6837294711397297,0.330928872446417,0.6702462965544718,0.9219046422934722,0.7197827512585577,-0.30665393489992443,-0.7610493123199484,0.15013043366196333,-0.33056472094456857,-0.8807754498489568,-0.6975149878724105,-0.9337005260242934,-0.17652072692105403,0.12346365172708085,-0.5103016053481684,0.04864503518897023,-0.306692024327442,0.5026064456161745,-0.6564538781926401,-0.3399652418416168,-0.8155266087570863,0.8418148961162482,-0.9994004065972693,-0.2034972687819645,0.8075312566948107,0.7853308187738091,0.22297920467696053,0.8014959231951788,0.4239672436172457,0.9482490882891559,-0.6411695449404893,0.3155852026053181,0.8162119859132091,-0.5809784797117439,0.2810055128796294,0.5796775648249533,0.5679129787959301,-0.10208532121541136,0.2262490503347503,-0.7061914212940985,0.46024727479795957,-0.11443164722315635,-0.5637869597190659,0.6518698821910196,0.2641257178739542,-0.18777244258938852
-0.4371345754454572,0.044225239040989184,-0.5971736176476075,-0.4650061253569222,-0.19394570499303798,0.510470570039494,0.1768474481036577,-0.4460482285340406,-0.06457345968238348,0.8198582284989699,0.08439017590657838,-0.7489794531675322,0.11891265532941508,-0.8567117274704374,0.1677417240236565,-0.6103390393709587,-0.37927499331300196,-0.38903748677910666,-0.9372349250257652,-0.29112300248638534,0.07371449540673636,0.5015396175968501,0.26515948279285806,0.985090715459574,-0.9130231013963739,-0.2737202667081986,0.5593998864995433,0.6239040834944427,-0.45147104962558426,0.191686384633309,-0.9319514296473994,0.2178760549839347,-0.30588284250686804,-0.9283914013047265,-0.16573369107263125,-0.0734463869843216,-0.41023857815340414,0.5757334886869347,-0.3738237510571416,0.7845767833870552,0.30892936140475014,-0.4714249586703987,-0.7371145398947803,-0.2738696422388567,-0.643977894494272,-0.38458619167821406,0.1103000799415137,-0.1020599650900269,-0.591800162287984,-0.8298770635844612,-0.0043986509326587875,-0.5130780473744734,-0.8410193084746802,-0.828270336938898,-0.523989263743815,-0.37223573087412243,-0.003742317395143635,0.9803342247757239,-0.6436775399506109,0.560691646084496,-0.2060311528545702,0.4629234998664986,-0.5814864039843861,0.616786454828119
0.9393540488429126,0.4307738946755977,0.08306838327373844,0.4870266021998175,-0.48546851302827276,-0.2970367629968058,-0.7895728648407201,-0.06358575177155168,0.2443602599206094,-0.3293507441858814,0.6385333369594994,0.4539945790900979,0.5329013141167904,-0.4260647202900929,-0.8071091224729134,-0.8881267454074306,0.732931505489697,-0.594212386894821,-0.6338177236076177,0.12477733272818115,0.20819194663047824,-0.19476248567984977,0.6247735109480481,-0.9176905535400721,-0.6456398568933777,-0.22701397270276558,-0.26556529831876574,-0.8603233141569757,0.14702607216894603,0.05353062982908652,-0.2613542395765427,-0.6372994343498375,0.9318411403634665,0.22039582230982369,0.9619267312642796,0.32883805581348224,-0.003122691951698453,-0.027786727744820716,-0.8686245485541049,0.7864546090879241,0.09830050973912696,0.2556605379336023,0.7131809823073527,0.9229438535659105,-0.7488721687621647,-0.989170171272413,0.3567850993517734,0.7782566424235753,0.1475994119319064,-0.7344981603189371,0.8400412692676553,0.26716043987250404,-0.4594904879756372,0.6207800288639653,0.5375434103624674,0.594121475294948,-0.9431087280244064,-0.3405368287743511,0.7644547441885297,-0.06642049278780382,0.26872538960455916,0.6004596841647669,-0.5602833820673021,0.3066826095474533
-0.7593095420214035,0.27102634261113945,-0.4612504327880709,-0.743411783828108,0.3807554040829595,-0.7964652096644571,-0.10551953934675873,0.3162378673861963,-0.4072244845404809,-0.4935229476096563,-0.18564692966909457,-0.606077091144537,0.12555939648029302,-0.1768491095270437,-0.3849834068048166,-0.7436228103042581,0.9486165912267754,-0.9775954259022472,-0.5210207177479464,0.19345860646411284,-0.13263562058453493,0.6412980243784574,0.5430561936287372,0.6838197098242029,-0.8776807157690776,0.015373487096577598,-0.9672295350473448,-0.3165883125712372,-0.5759389299529747,0.7413122722029828,-0.4812139861829712,-0.34219112368187266,-0.6959335901761605,-0.19707596229610602,0.8858487759657365,-0.9130941664148955,0.8519152243067181,0.617785347166443,-0.16633522918012522,0.5655948339011525,-0.24958995035861808,-0.5595621795650434,-0.9585161446009465,-0.6218709702561693,0.16020873134551117,0.3382558568482068,0.9710874179029596,0.31139837366513934,0.9715028197685407,-0.9870226892925789,-0.05023472895997405,0.25588159414715395,0.033866412058173756,-0.8453286960657274,0.73417844776163,-0.9798105961019823,-0.5864946793329866,-0.7938869305630818,-0.5799639332947779,-0.9127871517094377,0.5421671068649165,-0.828824918066607,-0.3597136520483699,0.15443710825485324
-0.6196420419287618,-0.9591985752523962,-0.8113741853491092,0.5738667615674429,0.23984944853261636,-0.0971457994210505,-0.3601712275583895,0.7697369266107557,0.18746828889721479,-0.5223998539770085,-0.9538317699374015,-0.4435797773937946,-0.2917253075921773,-0.27549003613306033,0.268832244382164,-0.9417162377343244,-0.7721363057793473,0.2975088326807642,0.4461791299217521,0.9719343034206385,0.32304081306643395,-0.066683071921537,-0.38750776636477235,-0.7191271764584113,0.671317005080857,0.5942885348541513,-0.6906888761943775,0.8735632509001356,-0.21885359556173678,0.5241411802080966,-0.5081191387414024,0.745038689956731,-0.8681098532962346,-0.7418057565577847,-0.775655440575455,-0.6697856237626025,-0.41035693420833064,-0.41671952250880295,-0.6576398881496461,0.48839254885286976,0.8822466617188918,-0.21352225480541231,0.8245896573836893,0.022093276795523975,-0.5312684840829609,0.5166452197233022,0.012901317058050532,-0.9661023048587043,-0.34763438647697664,0.43997514398914617,-0.14434924536789384,-0.36993869104044297,0.7997100534136701,-0.19267975654948044,0.5683012067587454,0.6008616004016643,-0.15488682417893185,-0.7633682961585573,-0.7015977475863489,-0.17636242590750095,0.8406075647976892,-0.36095304622743285,-0.5133903390627101,0.18923747842710803
0.1727675116805767,0.7018626132981074,-0.47084435822142034,0.48918203649801106,-0.08811273994969193,-1.049097337728103,-0.7336785732025715,0.27493972545397916,0.9192915315110168,0.21443589623885106,0.7364306497695614,0.4789594336990941,0.35310496931336743,-0.9281634756383916,-0.26278186194429165,-0.42239772630074524,0.5927596273995204,-0.24958641664780878,0.5862538570616282,0.7846406321732811,-0.9062176335506171,-0.8357977689798557,0.9282703943158856,0.346819410462466,-0.5459411099800724,-0.1893239137041982,-0.9130313668388181,-0.411750294639045,-0.349094481182471,0.6095433022704544,-0.35160918508013683,0.8554345621414459,-0.63352973916043,0.4042488630544685,-0.16059465106598836,-0.3693229893414085,0.10754465419156323,0.37590852243923556,0.6626074656390355,0.1286119299531996,-0.5998521945982793,-0.1928396280007456,0.16917920715950419,0.25280698189117246,0.20069942040294908,-0.2976178723045859,0.9968646571558968,-0.5917322260623619,0.13611944676768295,0.11999249852703509,0.4275693888765735,0.5534603259194328,0.3890374543299735,-0.42236524919633855,-0.707363784333148,0.8614517528927372,0.6620725214627947,0.981801380727819,0.3007840234698256,-0.36925884197888026,-0.5726504515624167,-0.20957531697994103,0.30139564060986257,0.6702595606908055
0.32882551855351205,0.31270867196093843,-0.7567797050918996,0.8255866060753521,-0.6076721175396604,-0.30653843076060694,0.17696154207891013,-0.8929650519619958,-0.33360573036423213,0.107276609848596,-0.6404173935947848,0.891820522547103,0.6785737236679308,-0.16304273233573907,0.4907772787763669,-0.5143370887472869,-0.2978556598300346,0.09478881106779391,0.9157275035220065,0.4016928850767101,-0.2578101886204973,0.2608560811057945,0.9140594112106055,0.6370647003637182,0.05770973671027679,-0.010254663488755256,0.15390727817971883,-0.5322004517777015,-0.1017518567800586,0.9699297466628072,-0.6123953735021135,-0.6478202925228498,0.6000500279217025,-0.42844675302159996,-0.4999048325745563,0.08150439546256028,0.12097832087857396,-0.7943358452958826,0.42759570564126403,-0.7511353322007226,-0.4460424234514049,0.37315206994079375,-0.051063043335333846,0.7932827858705453,0.6623522260162729,0.6764869123326098,0.43941313189017084,0.9282608895299949,0.7590717243451712,-0.5981234776028972,0.6075354983907837,0.7858416494591689,-0.6206168515931381,0.8413075673754626,-0.6528546818241492,0.06519451533919574,0.014928976272559069,-0.24354053003809084,0.42780307469544754,-0.7478506034791177,0.7719659865430399,0.027237413655960774,-0.7746387310632121,0.9882145927438029
0.499019652896757,-0.7475047108040767,0.41163648017787025,-0.0261026693180626,0.07534552615166423,-0.4038809901924525,-0.13895340218258712,-0.7800257616611006,0.5776187451330284,0.9472815956923981,-0.6341273007604109,-0.08709380843195524,0.8780841009488896,0.35454553972477676,0.6475100229501278,-0.15058543503163357,-0.8433798000027006,-0.8376205533518579,-0.7475681840957855,0.19868715122529168,-0.8169137563011113,0.5244301293418792,-0.5144798348482604,0.28254119737274364,0.9822359221313499,0.1456650116057865,-0.5428419480006641,-0.9639340488349517,0.418040260100325,0.8866363725200539,-0.8988592614284638,0.797382304069445,-0.4904231769454306,0.28273835350092424,0.8130328552063393,-0.9950468559761187,0.8381177623289064,-0.17363658929755488,-0.0317652790357299,-0.8749287749887484,0.5823506430561332,0.7037591891644219,-0.6097211558170048,-0.5396429079342033,-0.6485763280208248,-0.44916389504535936,-0.2803256376944594,-0.6693842175208655,-0.5516305923881848,0.7410902366140075,-0.33379136265773246,0.40003102295725634,-0.72525153714599,0.13304376264279183,0.4498717034051747,0.8367619162250135,-0.56949658574978,-0.11366173718347583,0.4114433216326505,-0.11391802503116577,-0.1457800009593242,0.7972079439171329,-0.2335280135764224,0.4011735393636642
-0.3118478107475495,0.8182225146887414,-0.07254796912507233,-0.28862954604631086,-0.47875044683791534,-0.09137872945105618,-0.5592801578544866,0.7017053717552066,0.6185058725159387,0.4082319106261243,-0.233146511524303,-0.28120685431214665,-0.41435540499657053,0.21215013677949113,-0.648857141723014,-0.2942069221413195,-0.6072980328281603,0.28767140447232165,-0.43165428979443465,0.7530343823552008,0.9303904042879505,-0.539829704534847,-0.5556193336732944,0.5994095274583113,0.12880577712139418,0.25217069980057705,-0.9555321573889859,-0.2386271254239518,-0.5714648987753852,-0.9387392353735649,-0.737435588672549,0.8459497372850064,-0.9618265791370013,-0.6628825560076483,-0.8581574633608331,0.8879017922588359,-0.29715906182396457,-0.8034716550509453,-0.8933857214450596,-0.5805431628671454,-0.891208871880627,0.8749844614935611,-0.6132157793747632,-0.11475333153545142,0.4007061582759861,0.7068363331091334,-0.03458033190224241,0.04757240050044609,0.5145558878135359,-0.5351717571955221,-0.7444297276208138,-0.06930881353549223,0.6859770958495972,0.05709413457746115,-0.005326095230693273,0.5183594791866106,-0.823356627786245,-0.7867690566184224,0.17196522684754,-0.9155067187405761,0.33667952044882377,0.057995688011512225,0.4057946748615979,0.030775970094750527
-0.12445987899419997,-0.9022663441800522,-0.9736062510893377,-0.6295927421659002,0.2935214211187145,-0.2629945017594826,0.0757185859664471,-0.01620225286096888,-0.7648217081270079,0.8207239768579031,0.3166880387657254,0.11881483627774925,-0.7266457127098576,-0.18412869558875822,-0.26359469220560916,0.05447237232741897,0.4629723029858017,0.5929245887830461,-0.296470651333411,0.0627352080114294,-0.3180305238071819,0.2505749014679979,-0.5986738470416837,-0.27006780911419703,0.049057260313521756,-0.6681320462579903,-0.7134574060514516,0.7960177685356387,0.931414902571311,0.7027642273188681,0.3674936798472146,-0.9215179860330813,0.7066769248030906,0.9093881035338707,0.37852434354534137,-0.23451867700345286,-0.5862326445173038,0.7105293339137762,0.9550363938625852,0.837369570423093,0.032590792467037,-0.31937589964510504,-0.8314181885503336,0.8992649719334753,-0.7567732057963901,0.8846381902178504,0.924865606441263,0.4199107868876697,-0.597665927005167,-0.11845564551033294,-0.7011473258132246,0.24331545789241726,-0.6871357680213068,-0.7296234966917945,0.2810869150122355,0.239111544300721,-0.7865418211726849,0.42973733327307384,0.8088470717535836,-0.6533087316071569,0.7170888901682304,0.2789180479301612,-0.8318651747263874,0.6467826118153392
0.018929698161208375,0.7143215776505123,0.7788597244590221,0.3867124526471455,-0.6185927316803965,0.19101787784882585,0.4574672104281905,0.34041970048641756,-0.5032353722583822,0.9981286406803584,0.018823612600059603,0.6346015567268284,0.3497548435890079,-0.3575779583205365,-0.6469634780789297,-0.6172099796617867,0.6451063601702636,0.3821482613176257,-0.321420291944744,-0.5387127103551672,0.9188926566130535,-0.5102642795697467,0.08758150966161016,0.7842083431882074,0.808641291694888,0.18482058788188893,0.26054297740772747,0.5238893627156691,-0.9763749193427143,-0.3856034059339959,0.9097307735987825,-0.9982411176061512,-0.9317560919031493,0.5595622196981984,-0.9825543761068587,-0.24039047503170208,-0.3675342424858066,-0.28986591224152236,-0.7145827695209281,0.950402801688971,0.7863615377216355,-0.1872304496960584,0.9036837709764376,0.8482288656612544,-0.02626895570667309,0.9628945804555418,-0.1903883069186274,0.22840793849533636,-0.06384693882632586,0.0350853233484274,-0.8677068295761314,0.6985014609943987,0.10927511189456629,0.5071000006581112,0.693717203074169,0.8983830558264043,0.8265858593983333,0.6474584857035781,-0.25369347971238176,-0.3202624124439768,-0.7349289624086242,-0.8233851938287364,-0.006870274437171586,-0.9229043032985822
0.35379847852021085,-0.982298873670975,-0.03203673998596179,-0.1659298170663026,0.5202576324031853,-0.7246741643219334,-0.233808498647889,-0.4130306895724032,0.5182356580732819,0.26451577951796446,0.3540785643317277,-0.7593378998845788,-0.6235352119023456,0.27311493936574593,0.9883451708402884,0.9752569046448207,-0.7078379827190249,-0.2661640802283396,-0.6424699601132504,-0.9385835090979733,-0.9510011233338704,-0.9909474953077189,0.02548121818670679,0.05539449380514605,-0.8716542031116059,-0.13658785347169888,-0.6709258165392795,0.7225752204969578,0.2812044911800162,0.569181010548885,0.4873253513083051,-0.5232185711788009,-0.6535290727830516,0.6050905508303048,0.2893583775314552,0.16801918378113334,0.42108434403447337,0.1378783564453634,-0.3301672123103927,0.21084587420949474,-0.9424809317996952,0.35990421678349693,-0.5550317691269309,0.10241731444367597,-0.44667786330999326,0.6915771019302497,-0.5104106561604791,0.581458142270443,-0.13816296265815908,-0.30866229439880777,0.2975123444944556,-0.41724170444064423,0.35583539257415553,-0.5750652710235813,-0.49521375422957625,-0.9993913421795091,-0.18329962708072212,-0.9701028180007396,-0.7652932748397476,0.07427756682279418,0.9367393834133595,0.7210344345417599,0.897436648016789,-0.6127145864100583
-0.9724572130732378,-0.6289376145666754,-0.4474844484581062,-0.09467870567814085,-0.37092851273252414,-0.09940194840556082,-0.6797262268550024,0.024089905999297168,0.512028641726535,0.7452172058535835,0.914796086014452,0.15887629945027992,-0.7263386966815986,0.9519493450096881,0.09417109996880368,-0.865493419865452,0.5385206298474243,-0.922681998379715,0.2411272312743724,0.818292644869993,0.45627657370216457,-0.711253068305215,-0.8778214510961719,-0.5962243059233288,0.23246943490028205,-0.7408948805092286,0.7678184060769904,-0.48126377225025085,-0.10593302898542722,-0.9428292101795008,-0.49352036507692687,0.8966273937601237,0.6763461192335041,0.5217609365985338,0.46274421557694545,0.11736389647135148,0.8023643032020218,0.3231880131630158,0.10394051057581444,-0.8093721113602732,0.39092599428793373,-0.1640019485688251,0.3640552609118721,-0.24630184945504552,0.6027845685628213,0.7359416046049594,-0.1765156316518286,-0.3244348894465534,0.10794009529303006,0.9516560438196808,0.7292438462585356,0.5711707272364077,0.024191705494590376,-0.9765332476778303,-0.38500909522151794,-0.5346592554283709,0.036041467516207515,0.3542857908693937,-0.9761592016123417,0.6849523514201079,0.5142151838017788,0.7746165621250161,-0.7374598619044948,0.8142092035972102
0.9628883386632614,-0.14664585138573738,-0.41974076701149565,-0.588953248371427,0.3445312322921168,0.6421070667887665,-0.8458912395452787,-0.15202256293877436,0.3628178664997783,0.6673697141402439,0.6065684385359602,0.858867506057529,0.48765644316356704,-0.2217208621522364,-0.05146356788658846,-0.4853166561582545,0.1958847588467043,-0.47566212602568103,0.7838014026406048,0.290455353255485,0.8064168386571151,-0.7919239793580826,-0.6645554299067249,0.3978148220556401,-0.9686917867712181,-0.23162804431340933,0.6617063544062827,-0.3820970895495739,-0.6372912486136924,0.3588540886260716,-0.9861738964342817,0.24695129587329423,0.8312857081521785,0.75276026768648,0.602987501648961,0.32797686813138416,0.22563719666623205,0.7830760847909977,0.07636029418165213,-0.9607146549542214,-0.5731021792780924,0.6459623443975469,-0.3828655081377279,-0.3229671239449894,-0.28489371821684206,-0.6820496702611374,-0.910138808458161,-0.7234163862957772,-0.7939042651764756,-0.455005317289473,0.7240658700513731,0.8685493394580475,-0.7838979427632902,-0.5280578027238254,0.7816762835255797,0.2838644456577961,0.21481501384803514,0.2797434854010963,-0.6299076109661401,-0.4141358250302567,-0.5992533066452659,-0.34941044227332974,0.7244639686857912,-0.8318621932638621
-0.2512924256297304,0.7510987507282332,0.7931229467235259,0.010689386819480617,0.20968654732432523,-0.13037264893665013,0.13974403192718632,0.31646420463773994,-0.4311719941335861,-0.634470111598517,-0.8985103149718281,-0.652123296646753,0.48853193435303766,-0.5684923093235645,0.6643755797095809,-0.9394607369067798,0.05500370739836824,0.11874944069497473,-0.20621250928544121,-0.12431943941846835,-0.6105288757190863,0.4593767941620508,0.5633035425246602,0.5203530602141966,-0.7558277325495706,-0.4791334218756358,0.8517005775255511,-0.47142263637420956,-0.9177453449174799,0.2929204871343172,0.22236323369148447,-0.9288975976614413,0.7774393940971551,0.18885389732812086,0.10404384490703333,0.3551907776114318,-0.2314644307444298,0.2866910333913235,-0.1705676998823713,-0.8132751515829479,0.3255535705351196,-0.8484572827807457,-0.7901556422740621,-0.8986545488445623,0.39449728173819887,-0.13269547537154658,0.24755337832974478,-0.27768073591181475,0.5341501193125433,0.9584464439401352,0.07255095293348379,0.27500467992343913,-0.9827865667414386,-0.21057945188316252,0.6892193160284013,-0.4623757443000016,-0.5607588822684684,-0.9851734283111313,-0.429826601001863,-0.3509111680065873,-0.4553096283598228,-0.326964155531845,-0.3280849136643902,0.34775936141215613
0.37967958042071137,0.7693153884361088,-0.5906066984268099,0.3001188497891121,0.3456724461889331,0.8769256262789575,-0.3226327884155533,0.25746013243806276,-0.1276313252649326,0.6008862686995027,-0.9764868134230791,-0.335358808633885,0.845494382687821,-0.5140843993520217,-0.67832863420045,0.3119719796176019,0.9624131099044653,0.9358065454103202,-0.5646880833160424,0.05963273226575372,-0.6413439067120807,-0.47987867883582846,-0.6109838303304493,0.7164190847291805,-0.7394865100887098,0.5832065049648012,-0.2146586458553501,-0.2867954122778755,-0.45233130454422166,-0.47052581224721046,-0.4507876697466997,-0.06993227676789604,0.5513069165902282,-0.20292852124529004,-0.6098059397117563,0.13335442123775954,-0.7580712662939026,0.8753175642360889,0.35157593494497585,-0.03716948212763582,-0.6127430008164914,0.5185270803090085,-0.5083210520791719,-0.5330045607229588,0.9174629389712119,0.3669697079395027,-0.0016038451078679294,0.9050167780281038,-0.5184485611113838,-0.7612601401668606,-0.4193215329345661,0.28859269411613986,-0.355542952346358,0.17604769826896938,-0.6080708142511944,-0.3234746240054933,0.9130326150188053,-0.12906788642824374,0.8741540616927672,-0.43545205820075705,0.14141565825934133,-0.2908378704547159,0.32446656825207176,0.6473182032529925
0.38181686910655044,0.08476437308100615,-0.6264882289169,-0.42279095097334696,-0.8024813281340375,0.2730121567863679,0.36155955815219887,-0.8585067697052171,-0.06252521302464298,0.6145850592208988,0.524581672016516,0.5792277158562102,-0.9201028127880604,-0.20338643069988627,0.25898201674441435,0.9344577773352956,-0.10402758939532064,-0.6918885495884726,0.04068693270020418,-0.5061229302561556,0.9562797098295694,-0.858478351904348,-0.3109568250887389,-0.707281017344769,-0.39892758707276177,-0.6382613208777188,-0.47674342893671673,0.7015655953392075,0.8680617481458439,0.4235656542441921,-0.21389885416164645,0.10532672700330625,0.9077848724189788,0.014265849872243663,-0.8418309210219757,0.7413346236806606,-0.914710494076642,0.7639407537907528,0.1489738454745555,-0.03542344856787505,0.2001244880100963,0.7175643962079774,0.18091387663185943,0.6076502324027591,-0.46187234096941276,0.2508921108634281,0.19520489439119038,0.779758695948648,-0.8396735735273411,-0.18480307908807236,-0.4436403262621902,0.4636500590393817,-0.08026177773989529,-0.911366158503204,-0.15767529352798992,-0.45043916628811886,-0.790236631399093,-0.2855533263707961,-0.7886125955202987,-0.21587411612448615,-0.6942554668814067,0.06118434310954335,0.2837369803850813,-0.6304801558560735
0.32653359151958705,0.643296187981512,0.676122800930429,0.9008896050116351,-0.03307534063605955,0.13222701690624916,-0.5122437049991002,-0.16824590665124517,0.35953626842326747,-0.5218422102787028,-0.7983266654274563,0.8091274007320393,0.39549881357425165,-0.5169800183362236,0.54971328942619,0.768349962769689,-0.5941956814492171,-0.6246843278166925,-0.08371390400459933,0.5936632981907088,0.589167535029788,0.12476327041028146,0.2354293125893827,0.9668615617737613,-0.3970297749849403,0.45218264002035946,0.4871084068231455,-0.3341611353656464,-0.8613139244209291,-0.8729864525248212,-0.42757661301725447,0.004511558302821017,-0.06603703636829672,0.9901794583990313,-0.9398182223150067,0.5351230629654089,0.428792693665214,0.9061830480090451,0.1439210417162491,-0.05643318584993251,0.32782451975503757,0.33348025596291553,-0.7728540806929127,-0.7568711920885423,-0.17684092207834312,0.2416246950458647,0.12837900829564264,0.7723057390195178,0.1013158323647787,0.16773767037139775,0.7859637222387887,-0.07585217035593694,0.47801281216637737,-0.40954634297059056,0.9257786849690401,0.8818145134239916,0.8612789202275499,-0.10849369933988662,-0.939663950707543,0.34507558973603714,-0.8096406949079094,-0.4203425675913204,-0.2991979980133028,-0.41603536419818754
-0.4192474163507962,-0.8070764440175267,0.7240755533930794,0.7820719384129406,-0.5982406243394609,-0.6295707393597822,-0.014142424053279035,-0.848001253629036,-0.3800892231756514,-0.019094826095950923,0.19655890145394017,-0.8793608418604557,-0.22634669836314414,-0.8930961296632554,0.8033313760088974,0.8575542729077901,0.5588536023542066,0.8460921120292277,-0.7444518891475156,0.10360698236663324,0.21896108501530454,-0.9089964242955679,-0.5914815006913627,-0.02134728942408448,-0.9882915067030833,-0.11052173477584049,-0.6679687756456587,0.9748072540162847,0.31920881257905753,0.5990640515909993,-0.7287710761255184,-0.1964939979692215,-0.806280718305362,0.16305107359139615,0.7893311061302286,-0.06660078824564675,-0.7003364007221806,-0.6724709290170681,0.9988901336565861,-0.2232020865712394,0.7054475448859046,0.3157954731532786,-0.16888510227508746,-0.7263161404013145,0.8187586300387366,0.9835608619131255,0.5425123097898206,-0.5785680232725638,0.051166612431455816,-0.09006056385998185,-0.9700719739892854,0.6115903644749454,0.18493846010955362,-0.9983196626096718,-0.673508487084387,-0.05041669317318265,-0.5461102881469948,0.06951765956387757,-0.92601084849758,-0.8058372571215731,-0.13231688017506604,0.8001956436688404,-0.7325069758986889,-0.6091476161886413
