0.26604208394567586,-0.02824927567867097,0.26875833004755556,-0.24647046557359653,0.7933818474758305,0.9748973557867047,-0.04698369377337075,0.8129511079458176,0.8349019223883445,0.5157804721319239,-0.18093632223018852,-0.7334869162611202,-0.7177031690803515,-0.7410464076872176,-0.9261355794362398,-0.4095947474028123,0.9484059891427459,-0.10485916888382096,-0.8405317297258086,0.01887027336209446,-0.04061898622486937,0.7270927826982503,0.6536944958929229,-0.7364431442868802,-0.1604515101787185,-0.09503627106459978,-0.2214303936783859,-0.3012379168505712,0.19425713486535523,0.5893265919488724,-0.5632132609449079,0.791800815202051,-0.6550123190010915,-0.5472933102339008,0.12052096415605251,0.43277337266943783,-0.3213489601102171,0.32264612357870104,-0.3386571913153078,-0.18919623441205902,0.12830185504783143,-0.9753461378268207,-0.4605003336900606,0.6126897327080045,-0.8555721004662715,0.6202928626969153,-0.6330252247705115,-0.05052344349813609,0.8611965479485766,-0.876938740521886,-0.7698635871026713,-0.6330853362922799,0.3473237599847723,0.635696586370329,0.33753976021353815,-0.6857553818802424,0.7532702765270893,-0.17857203375390984,0.7633830635948817,0.6421762119060404,-0.40500613513897976,0.9046167006382118,0.23539695748259493,-0.11213048737923326
0.7196099590397393,0.12005680952671427,-0.7497714437550018,-0.853461728073833,-0.8469824284767653,-0.12429258514009978,-0.5533186293900267,-0.056996818429024154,0.861795561215434,0.34235480698265586,-0.5228005482064646,-0.6157065002830815,0.6538417285982836,-0.9123255149089013,-0.46272986679844763,-0.8023256275359092,0.371836677324745,0.6649608653615793,-0.6223110631981059,0.37689083388601885,0.5711160190451641,-0.46500010092855626,0.3889502646987919,0.11394592352034927,-0.322780506270792,-0.31479369628600273,0.2660532804363991,-0.8588426757055889,-0.21065858544517657,0.5102266782041576,0.45220392717974045,-0.2973667869507963,-0.8564174912118037,0.19267949043510635,0.2599701373356029,-0.22089565673754552,-0.23871018967367785,-0.5372125603727487,0.264896971336116,0.7722037272347884,-0.6269715447867397,0.4544315098936431,-0.9395547989726856,-0.44514774478371044,0.4636685121506001,-0.41424465662172194,0.6514150135043926,0.7053704785401633,-0.8183340173207356,-0.24756085289855,0.07898310362813765,-0.35890748403784567,0.9813034632786335,-0.1377843333861164,-0.09564993283363732,-0.34440842615732126,0.4459252747425142,0.07019750498351973,0.9692479139159202,-0.9559065986161628,0.29601202166948726,-0.7314815164420203,-0.15855588265166332,0.44923927173572475
-0.234136415849711,0.39275361653259244,-0.06301267998516158,-0.17958865059989448,0.6247983730563422,0.013201795576070374,-0.16105722852811066,-0.32310765287490884,-0.5982915576794701,0.044502601560652,-0.5072284807298952,-0.8773262269857449,0.7529543404982137,0.7607691879597114,0.8641716329856783,0.7555185708338374,-0.5790936789200671,-0.19913683999207055,-0.8244678321347358,-0.3926223418549408,0.13854669507752027,-0.9869566488813499,-0.28568831809074124,-0.6650635121960418,0.790796087449833,0.062081396901970454,-0.749508113118359,-0.439396273277296,-0.03882206294692825,0.07818530169158389,0.22849041315949936,-0.16803962411614348,-0.4748857174463086,-0.21986023730014725,-0.992090111331452,0.2002086679672801,0.12314103218241068,-0.01096764490693386,-0.3140368479791764,0.3488752758268576,0.9506512860743523,0.5283940044794688,0.680944882438316,0.11407305037325655,0.9834067004311147,0.4721801458673063,0.9181524066028854,0.05017580240647157,-0.7076603578697933,-0.6299590881171127,-0.5119818941542202,0.32808897445179985,-0.8475498909905697,-0.5996978086982698,-0.17070508132790474,0.35286957852730527,0.5184214846110302,0.5417478768775916,0.4648672058347969,-0.18644010005372724,-0.6082699734079455,-0.09779940994427827,-0.35377078923350314,-0.2025175197317024
0.8370724908764067,0.7362086206917287,0.11114210578648476,-0.6684298253098533,-0.6893022612209725,0.9922497688672811,0.7134783537910305,-0.1811121412155805,-0.9349642782478393,0.7720333336046803,-0.5498779096792117,0.6571084528049893,0.5961419478581353,0.5757545073243471,-0.8712173883723597,-0.4520505622470987,-0.8516281438919726,0.9390462898709788,-0.8578711824207914,-0.4510064657401647,0.1785677730814399,0.7021870619923749,0.3245459605220351,-0.08472307789781786,-0.12143227162879877,0.831314056329614,0.11297189787316819,0.12496229703141393,-0.8793300865595739,-0.8429281036925373,-0.8133267948557177,0.011673972628814644,-0.9457563202755588,-0.5271752418124813,0.014257424109658245,0.03303510270869553,0.14234519110215893,-0.3918953256515727,0.9685766360566264,0.5833233985231008,-0.3282526975418787,-0.7090472318655578,-0.019975462472735073,0.9560845901132635,0.9589313618093058,0.6947511466310587,0.9131632527904554,0.42123182275711035,0.46841437513530404,-0.35298210532609686,-0.356774922812513,0.5703025878612848,0.8608585299787439,-0.8070150505771245,-0.2945749372477633,-0.19958919749775172,-0.5205165782865777,-0.1815920848987509,-0.31164507167280986,-0.13906699619278662,-0.5695392128245869,0.09526458449805109,-0.9219325450289768,0.7810741576715059
-0.8099606878668963,-0.6868500695237703,-0.4792473887923796,-0.46920115569202747,0.448006105777528,-0.7230949454399913,-0.35245719298093614,0.8390807679780239,-0.4013234169730604,0.21734841057796617,-0.9402500047477369,0.33177572924029186,-0.9665834989210511,-0.5690709631645268,-0.5692387218557418,0.22377021653191198,0.4095733990692001,-0.8536809430620491,-0.8873574660472219,0.48985262341168956,-0.24834522310605922,0.954005554316232,0.0062486662486884725,0.42123575637904076,0.7617105044951005,0.7195655982906359,0.7190995969641241,-0.7909547846103582,0.7014599672371673,-0.3583965229435637,0.78607875940951,-0.4493214827645591,0.12436507977847899,-0.4248648650514373,0.6064787605614379,0.5358338154126072,0.8918116845591477,-0.031106541033969926,-0.026801525529056125,-0.9295756778885529,0.5142428299134634,0.9531986613412968,0.21715806211620364,0.6113638847964062,0.271397942118895,0.2834447575175769,-0.9445365277103079,0.015085064325341513,0.6289442769445097,0.7217865303520747,-0.562726689496198,0.19967236008383993,0.2679996678980705,0.9077303236561107,0.7609226837939196,-0.9217146894331381,0.032703891220051684,-0.7567345498764824,0.893150367121484,0.238052159665052,-0.8229692428954716,0.9364666543302897,0.5603894533625535,-0.07299595454246344
-0.8297812861090377,0.3815225556172568,-0.8112649111768404,-0.8719994473364994,1.0571847368093383,0.5505423528871265,-0.9592048467469698,0.9367960348184334,-0.5106424854668308,-0.7127362136758932,0.4480919871182423,0.696685067823382,-0.10970332024849405,-0.1988666870655087,-0.3145715710648447,-0.6079850584275195,0.6435067528821155,-0.5494164786079345,-0.42724415677300875,0.0871653237135388,0.1722691907132612,0.12059058187640082,0.19884878475680412,-0.36770318884636777,-0.9164041811555819,-0.7311805834034688,-0.40318645665219743,0.2928175130475714,0.2536052129081814,0.03826218771541545,0.315085450303213,0.814517504549148,-0.07894644734352818,0.6649119704347157,0.5931001348459961,0.008189971988333822,0.2290884216700222,-0.04520949670889518,-0.21065590777985,-0.8077497390291977,0.2341181974282167,-0.9838281281921151,0.9911139364342507,-0.4285185655900936,-0.35631828837253177,-0.9909384683780933,-0.24281661810249777,-0.5916155530310736,-0.988566092483657,0.9121598663049406,0.07489710099255809,0.5598810547509063,-0.9574596148304435,-0.987318522300537,-0.7190455135597205,-0.9658162073629009,0.3285413940364781,0.524983637065368,0.11356945704770927,0.42103010173808064,-0.09117903969992947,0.515843220466101,0.6355608145114324,-0.8162245205943595
-0.7400947436686918,0.6437237069660069,-0.9849031220769999,-0.5239386715770475,-0.9973248574987994,0.5581464978333992,0.9256717439132587,-0.9291784770491918,-0.16304530487544122,0.08105582345481444,-0.18439719146273403,0.3426789345072929,0.8597544423732766,-0.4935637944379201,-0.6309069200253932,-0.8566483471335997,0.6309534282288833,0.429311943934795,0.6184979738086291,-0.03939355222164043,-0.022877114463095705,-0.8154636699418869,0.6227083844785244,-0.5577822415435147,0.5834886066027116,0.18198449021481533,0.9265251677230515,0.7093513365806146,-0.44221318820888955,0.6888000749180345,-0.16951980940856126,0.7720167671218896,0.026554267639726348,0.6407303376488116,0.07672837328751125,-0.6746128876256934,-0.14732170419229362,-0.585102880777842,0.8886210649633688,0.28501221815586364,-0.12054941723503698,0.05402891108201202,0.9156591804016703,-0.17038208442915548,0.21027008948387493,-0.06495301699243505,-0.18084695066640055,0.8941320624343154,0.6978033407707234,-0.6598115143320622,-0.42219394132305,-0.5323602647978802,-0.8156880905214035,0.016496546928580935,0.18650820243817057,0.16553261400010144,-0.8184191264955429,0.4748357409784585,-0.6868056310746913,-0.229967889618226,-0.389457804001651,0.12062184323478498,0.7990407117521745,-0.588146955059212
-0.4513965002447513,-0.40555146154221755,-0.4427898045986389,0.03694601890810456,-0.7033447242241522,0.45659908796518645,-0.36149081134299,0.5243116082020578,-0.2164483954558134,-0.9007936744045493,0.6847315357023154,0.98116169433986,-0.8219287024084558,-0.17809011704108402,-0.3166236378685676,-0.8203621972644699,-0.8860388061766278,-0.0665154558902945,-0.7005492770579158,-0.47751258199499014,-0.6144468164051151,-0.15571563083075524,-0.6422845708509517,-0.2325987190231067,0.056941952916985006,0.9171118599467112,-0.748974472370127,-0.22767586670363316,-0.91596688794481,0.41593455335406526,0.33730650744038004,-0.3259920371657785,0.342295169349357,0.10590159659364384,0.8822567987882532,0.3192030814593778,-0.5900086793531174,-0.4924222640071976,0.10008648365612505,0.6489517367541711,0.48361125581005404,0.9321474763719659,0.681615472865271,0.9533464719522651,0.24231432023354693,0.9707462277762617,-0.22766053001140052,-0.3221503133584098,0.6977830779947136,0.9093735578851239,-0.7969326563560639,-0.7744574397335171,0.2719169520347209,-0.09191610704697117,0.6704714845612894,0.9768782141435282,-0.7646872792029213,0.7826283812592525,-0.7853125553057356,-0.028926340633394387,-0.1113202377582494,0.0791589080252586,0.40089677206194585,-0.8020350600721513
-0.4618899349008603,0.8301421235061506,-0.8070064857457131,0.17709197170403956,-0.40802019951258495,-0.7707402515125161,0.34563608040208704,-0.7132211962093855,-0.17905965458541018,-0.36844251874042877,0.5858864483849153,0.4002897729680328,-0.09789110154035963,0.6961438282820807,-0.20570911796764024,0.6733086679076445,0.383050865646124,-0.12567779133051626,-0.12970927439584679,-0.7784786845828038,-0.45452526505026425,-0.1597833660203074,-0.37157289699673757,-0.0390714661006315,-0.18430848493366914,0.850632862123812,-0.5709294917451522,-0.9651459421530688,-0.929239415927883,0.7458419989012368,-0.11536907738917046,-0.7671895280802239,0.8167062525765356,-0.7096127253888183,0.8326741056648959,-0.7428271671410924,0.9982862244774093,-0.16683182381877182,0.06256510012371663,0.29436645964803665,0.8414985168917535,-0.8629222596658921,-0.36582894567090274,0.2585579597346681,-0.7710312945027431,-0.4249484794281031,0.5213673444452405,0.7869060617052144,-0.6339071313275346,-0.6953132891448,-0.12514982075548509,-0.014179074518554824,-0.7086853897281684,-0.4813597118445643,-0.22743354009874306,0.9361224538007049,-0.4659993519461867,-0.20000991913835287,0.44963364995143595,0.13465073969388808,0.9701222465759809,-0.06946526524164098,-0.9406694431421925,0.05435302488368099
-0.1860552563429061,0.6621918602833063,0.8064973610989539,-0.007671384100844891,0.6127208428388988,0.6467805125135373,0.3491352382277657,-0.12902971492033433,0.8614651622807039,0.6050707357359093,-0.6349753118871462,-0.8627992454398017,0.6779111651886549,-0.7881429452084987,0.06701613773821502,-0.831163885464292,-0.2548809492394499,0.18756564858184577,0.19287711903171467,-0.7003135917486563,0.08339266053127359,-0.5377831473231771,0.9619933558841498,0.978745647455779,0.6212281593821647,0.5937170475032354,-0.5968945479467691,-0.06482931984220186,0.2757907932685302,0.6665447655874333,-0.5018537384451014,-0.8413227197830278,-0.1411030049905606,0.44106564265351295,-0.9532698562646045,0.7615411876567788,-0.19920141448919249,-0.5581229382382218,0.7378032740623068,-0.5043115895107289,-0.7066451158784326,0.41201388496863856,0.009268606994909723,0.9162891695556872,0.1120812876349222,0.2564916420180481,0.19087156247230497,0.7349285973761943,0.45663441755447454,0.817737351544165,0.5443315166354823,0.43939891030231126,-0.5225241048283222,0.4230643520326731,-0.22693969184363372,0.3412067355290873,-0.6448358620077173,0.13940790758310384,0.9133406213893243,0.8596315780651225,0.23125924395894648,0.9609324954145197,-0.7042758623890004,-0.23465252649382728
-0.23084612570607188,-0.7849319299266799,-0.8875066903749522,0.6194848410718057,-0.6800494338379417,0.607941939368692,0.23852199765083415,-0.2987954079773467,-0.36940750997348615,-0.406102389779879,0.17569801341393187,0.4232457850688798,0.5074493468247081,0.3203453696713989,0.931205319292439,0.011315943844956378,0.8174782763178492,-0.18587566263509614,-0.8462167155738685,-0.8359144080813306,0.9318268716286375,-0.4722640214365006,-0.5518983057393365,-0.6119494052920122,0.2350796008562921,0.5345112044832612,-0.2566082191543184,-0.3730695108123523,-0.3726323307582873,0.04409443771919097,0.4284107742639167,-0.750197204390668,-0.9664786445522009,0.5484973546476912,-0.2819961869806318,0.030276670716888,-0.05642339462146473,-0.7176152409884897,-0.5660792809578294,-0.46983636496393744,-0.9930391487456056,-0.03543914245127833,-0.31091981306097227,-0.32995369555261167,-0.8438317768157753,-0.49575381315792466,0.42363380483975455,0.07892075443593538,0.9290918661610972,-0.7682732656996334,0.47139766763550517,0.360389977692819,-0.5531019189860693,-0.12893780070016625,-0.3880932920189435,0.41619419217339826,-0.7817883094352465,-0.812897519152856,-0.7659288912057789,0.14015966936426882,-0.2872112508612934,0.9768298517921179,-0.1671427936182892,-0.15832712393431891
0.24168835115167853,0.6122527137054492,-0.6821980897027693,-0.5879450391058683,0.6797040759551756,0.8074931809478456,-0.03516765366595953,-0.8273433145642486,0.8790833676622829,0.1369178524563972,-0.4939293123004458,0.42702995990350834,0.7101275222361993,-0.31902442112191176,-0.8109565476339644,-0.3919270181936545,-0.16899205697651132,-0.6580975957803017,0.4904712479587223,0.35233747271155824,0.6533392824448632,0.5173957420817799,-0.4137861962704059,-0.7411854588295381,0.36677489824207554,-0.5587611941871189,0.8865390412255156,-0.05304436850826022,-0.7588315586796119,-0.6535007027444288,-0.874759860424273,0.5177639960946538,0.23881549413068104,0.5924761740278945,0.01211378767977922,-0.19319909473395747,0.9594189685639036,-0.8886530651923454,-0.25038596036060734,0.0675002396625679,0.7526188610935045,0.8007255232059425,-0.6100280467722166,-0.7872606744891248,-0.15766573826101626,-0.04879158696326891,0.9941542884771652,-0.8070020400087234,-0.6692853237570919,0.9869348339509145,-0.2622827238083094,0.4181045093688449,0.4436075591069548,-0.32559940323439585,-0.9333308854336331,-0.05920496844441381,-0.5973875568508467,0.16099944451523962,-0.742992689806768,0.32833106982833216,-0.3747246832863558,-0.9493089172180202,0.8446864108550611,-0.23200125983111475
0.09086822187958243,-0.9135565127209402,0.09521415709973136,-0.19827480420426036,0.11949612347040794,0.5100811830188103,0.2687472970448679,-0.42446656501434266,0.37901554016228167,-0.6006137874630244,-0.5273076440840756,0.641436697343664,-0.36643444736795283,-0.8848455735139678,-0.6604191511173438,-0.2814797431760949,0.9037287657804713,0.4745994338065602,0.19536568851354263,-0.9759970635499047,-0.8146820096362368,-0.6263430546889224,0.6370166686699821,0.1382530769533794,-0.7164996429401949,-0.3662840874863227,0.9101100725328108,0.6144079618890492,-0.6925029664430196,0.3046278681353902,-0.9377641429076444,0.49183393293749034,0.5002700537279596,-0.1440895959288555,-0.7582336924549504,0.23434409178953164,-0.005721063424163564,-0.08463939216502303,-0.060688864796914155,0.8605700531444871,0.4584394994697316,-0.6186069730000201,0.7794493179622468,0.1881696302977538,0.5533515082792959,0.8471953531402954,-0.01041038622339796,-0.060113972334867816,0.5033932762778031,-0.919984647521588,-0.8600061221156767,0.17319620667017177,-0.8866602210191954,-0.1254413059572903,0.008666386232818457,0.22691338719140952,-0.9153901534645728,0.7201403750358901,-0.9812541158898238,0.08352731038804895,0.9429774638145818,-0.19045882097853473,0.9952522903214687,0.9463176098882244
-0.06218787456199926,-0.5932655543370642,-0.9939961200833114,0.5475998551831169,-0.9564317443076935,-0.3871663062506703,-0.7687069018320354,-0.613755517127395,-0.1837426455736595,0.14565542598271586,-0.35862292173489085,-0.7092072714907032,-0.9742129314373156,-0.062232653845700536,0.3041962551318409,-0.19519032888199472,-0.27819004837493955,0.9567361437700139,-0.33239705786219464,0.11999209462411464,-0.26436490566495996,0.2925784768332178,0.6685629797990342,-0.06530150143448132,-0.2179008589349949,0.9000856244215958,-0.6720741761834603,-0.9545312581495011,-0.10548823309346744,-0.673724878763214,-0.7537510575823461,0.17478085392723908,-0.09548272897695487,0.8518579716468835,-0.13571099484012383,0.8689097393447196,0.03350519823330478,0.9380086161798804,0.5326993962527669,-0.11247622498004328,-0.5725616121546018,-0.018494625617091476,0.8576765994497244,0.7036273744851278,0.015426985868271403,-0.99352511906058,0.52627458372721,-0.508415848466385,0.2548688264594472,0.8564648464269877,-0.9947916924275693,0.46359789100910964,0.8275101834299121,0.09254072466828678,-0.9912933888794133,0.27085674424865136,-0.10018624224188044,0.4554617178212481,-0.15475811554404006,0.5191292300047969,-0.4757918491780537,-0.9095125579286902,0.7706624930539265,0.10235028571958638
0.433958255287485,0.09822088818503505,-0.8046157569623962,-0.7060940292418436,0.8738518187486812,-0.16908833183983707,-0.5879691216504812,-0.8836999612994219,-0.5286398809954953,-0.08307243390146346,0.4887412158166127,-0.5672005918151115,-0.09712093997477855,-0.19289787696296257,0.24492960713875256,-0.14862091139787936,-0.974582040379198,-0.248219532505505,-0.5493902130572188,0.16711870512837912,-0.7738773359675788,-0.11074832440456817,-0.8047501527766219,-0.44437209301621405,0.18804431337583027,-0.5585131084896282,0.8600180052060342,0.4275911108285595,0.439584883057901,0.4010665138121312,-0.6319365319574948,0.5700865295541564,0.6894743820869202,0.5383575594337819,0.10078610773648156,-0.9824768769641539,0.37945049839207456,-0.15660618927126846,0.4748046236125141,-0.5053487407751369,-0.6367326914760958,0.11000268779988498,-0.8447306391663851,0.5523579064661017,0.8144553031253274,-0.006942364593454764,-0.17553683262119768,-0.3709431372158103,-0.30731119050049194,-0.10447001228586061,-0.48543905648062124,0.42404837499597714,-0.17786081828062072,0.23053699163340124,-0.4104459035465411,-0.43186822049205675,0.2330140862201393,0.32952178170601787,-0.02692880916091367,0.4892036665016186,-0.5671577807127886,0.03708907320481636,0.326451343106932,-0.7745420335614119
0.8774927616152899,-0.7093458164593991,-0.8486688821237647,0.48708300228113655,0.5020620101453084,0.16199028344844524,0.749361975953279,-0.9239419113935396,-0.01925817180525291,-0.1581855943790862,0.5470712425790061,0.616142205220958,0.5465714627252003,0.2239643104148068,-0.2998659905139869,0.22367941944955327,-0.8746426579277915,0.049378713786061956,0.5127420817926949,0.09652211875582206,0.15732842680290515,-0.9117933083515732,0.5751708914854865,0.8720542233692843,0.9572973773064573,0.4417390406066568,-0.1413988188965336,-0.8737105449615852,0.41549316630541466,0.8500007436845165,-0.5377065281366078,-0.47922666032347716,-0.4624725364001723,-0.09721588889410837,0.7267376013050153,0.7903516162099673,0.8633641664515745,-0.6386175319272596,-0.7075956312629332,-0.24778807376993495,-0.49657119990529286,0.4667593718899401,0.8217916563130907,0.7091175840407082,0.5484444653025446,-0.12772566684989517,-0.8772927800393318,-0.36708508256413896,0.2528327749946997,-0.9318602519730348,-0.23842741753046348,-0.2897599256094068,0.438818004335088,0.7532961504394251,0.8156622727396217,-0.2598711732441237,0.6150645278574092,0.051336742293092597,-0.07312436263896127,0.4352245281805198,-0.9650831696863391,-0.240308438144321,-0.4438991355005901,0.3327041899766878
-0.9243423183689219,0.9319749244953526,-0.9674384974718977,0.03468296506768284,0.18067802385870957,0.8069066992318044,0.7889741182604815,-0.8449042792652741,0.8306985945066709,0.5572935479974335,-0.4961337175935252,0.7458976625565479,-0.4728601575211917,0.17320222460753,-0.7189172206599326,0.05970493974250379,-0.2688680494843234,0.44229986275027366,0.4596358246226764,0.8544043173277507,0.49489886632140845,0.382830579184821,0.265227520284133,0.07159844503477686,-0.6739362312519852,-0.1671080647076424,-0.9359009973477141,-0.08315873945044472,0.7784353840192662,-0.870501756653548,-0.9055818105796565,0.4794621691029288,-0.6475962832073441,-0.08164537595173993,-0.80203544934299,-0.4467790659196693,-0.8381184681723046,-0.1858149836917533,0.6910246024934033,-0.36664959018524534,-0.13919283752415246,0.036463351656899956,0.3328883642132958,0.35740481886832476,0.7020915295199146,-0.2514548168211397,0.877609123169109,0.5476794256327178,-0.9288156348691787,0.560985796566337,0.33253456220079336,-0.7087394408108436,-0.21834738133042686,-0.4225640193624278,0.33869364483609354,0.6371843016172456,-0.15529221129768622,-0.04496314245842403,0.49470124882473865,0.13275511574092524,-0.21138537450775874,-0.4427116033044083,0.6521187046351089,-0.0797769862676787
-0.956817913457843,0.7379787604645203,0.5458171277712873,0.9214500557227461,-0.5797011887539223,-0.6266815194916671,-0.3667721579620755,0.3861986649103897,0.5181330400371778,-0.8100759011891949,-0.3142640476097116,0.7721171456593128,0.6617220890770323,-0.9179937123597874,-0.14068762746332153,-0.2858420463033535,0.010255732581140764,0.19016908747125139,-0.334020994496147,0.4809339206641208,0.005349521195631368,0.33980953887965826,-0.01474607443229603,-0.29182910217400093,-0.5908423902557347,0.5113731832940316,-0.683218639180464,-0.22015809193090474,0.7006630795235793,0.3422150962140469,-0.9528116082624274,0.9786925116235798,-0.3685811628602875,0.2040440409293951,-0.3074720184497022,0.4022849701389455,0.46176639406139497,-0.6981341530494634,0.5524287852655292,-0.28515847081100465,-0.026165405479518844,-0.8648389705423469,-0.5129382559454452,0.7279332314810838,0.003551835022543637,-0.4530544764847193,0.798384758074276,0.07233427659682623,-0.9948274549412224,-0.7198769256156787,-0.42172116876709387,0.6912508052233453,-0.7735658492677657,-0.6457886865197711,-1.1227165235736578,-0.4558694198418809,0.37530099795606575,0.2052419850069509,-0.18567360421330315,-0.18927265824180406,0.9921515039624436,-0.7783829591045688,0.802174948759685,0.1325837501922298
-0.10969832307978233,0.3015749635771514,0.6108403699971967,-0.39187835051597153,0.42488969610316585,-0.3302900097012582,-0.9850392085284947,-0.56913466617487,0.990248507724365,0.758122549295527,-0.9628470052046882,0.2814692186337693,-0.6998131194200947,-0.7997244371363206,-0.9242344985976896,-0.4011776422286919,-0.43668338977733856,-0.7916305292470127,0.9957625892345248,0.8815054789393926,0.6037573136419967,-0.940433901931045,0.09150101997744642,0.9560642675827868,0.4683316250977343,-0.5838637064038168,0.43605498107750384,0.9203263409465581,0.45539786362625057,-0.5454592006981867,-0.1482415721012489,0.7662011879300394,0.363178391152843,0.32350981130186196,-0.8512052784395627,-0.7085321924847447,-0.765337031471556,0.7607803332895333,0.17682347096858742,-0.26062769627921933,-0.7592016757465971,-0.13900384167330548,-0.20283739303030712,-0.8533902974981469,0.3143868800116594,0.23704983679161162,-0.0030351493130285068,-0.6744247016083798,-0.390859278274039,-0.7736975156024124,0.05979403081624968,-0.2568626380131098,-0.6286542502782504,-0.38323324929663927,-0.04347669543998345,-0.005606784962659983,0.6056569405836447,-0.31845760387271627,-0.754714596727756,0.9077451721794796,0.5615394118847776,0.4592422122736217,-0.8389976544764401,0.7049555083185308
-0.39285269832034486,0.17728694630565267,-0.8463093283435312,-0.7644330975644993,0.07567815027458447,0.06271384900217436,-0.17239988185204513,-0.5829242822746161,-0.5570862832379027,0.9416845124192357,0.984716318040801,-0.5159450105840155,-0.8411006764259459,-0.7478240596685697,-0.5801904344940225,0.35501347956475504,-0.35707860295133154,0.840957389377609,0.7554965014767954,0.7549927307390334,-0.4080515222305203,-0.40089942853648086,0.5132122727112125,0.7062224184014301,0.44829465150171344,0.8768507624136725,-0.6927214651900231,-0.3794061813204179,-0.07357785266920147,-0.6122576693648376,-0.26833228760792105,0.40179260942313944,-0.5449314834039043,-0.12285610445251272,0.38799977782481276,0.09156631802448056,0.6995063749269785,-0.6093185454413425,0.0834278391487806,-0.8586450137917443,-0.6841716413329209,0.20711544400923665,-0.9196119845400275,0.5898043428444644,-0.21271875753094127,-0.7145024614684241,-0.9162081014486367,-0.936778869738478,-0.855908082591087,0.7671701081705067,0.587307619624877,-0.5445305231890429,-0.5703355742075513,-0.012162956045738138,-0.8348324318762657,0.7434214968326338,0.9064779490979826,0.754350512045312,-0.8600771028367373,-0.8930983189957631,0.4831162101723858,0.016381489997185916,-0.7407975518669174,-0.9588129086190789
-0.060702629229258065,-0.9650139130749253,0.309850772941642,0.9002209935766696,0.7765973108141573,-0.18996993214205382,0.8660325200364023,0.5720582342106282,0.8751701026404082,0.1848846366653969,-0.5727784514472973,0.03808881408647791,0.8303916962785178,-0.9636103628686943,0.21461589309604978,-0.5117254695482809,0.46336285595832605,0.7475264117171732,-0.3217285230938145,-0.9400429050523975,-0.7136044940915749,0.8482274622645714,0.35533574133529733,-0.3135430129586021,-0.9090232810632812,0.43558911052321103,0.6130718830030191,-0.10477615920640915,-0.052885287874363085,-0.09312409778492325,0.9801830647168579,-0.6418742998732703,-0.8999714645195596,-0.8672655519062795,-0.6275363462137349,0.05013892446936996,0.4290246767023609,0.8629706575797635,0.4206445963386267,-0.3118337076739339,-0.5889498558619788,-0.6934575828872238,0.9764451563053578,-0.3774267677719597,0.9104580887139133,0.9903671647811412,-0.7943555282211872,-0.12567918632181607,-0.11220030664545289,0.605089308064475,0.3360290823554066,-0.09847451166970567,-0.03948408407545334,-0.37454544932572786,-0.19918389150739735,0.3433092480918114,-0.7651012666343942,-0.047222372315075756,0.5790898120185337,-0.006638381722940956,-0.40389906079112214,0.7505036761412163,0.5510717076561584,0.7110160584588177
0.8375165484203533,-0.19811356465455487,-0.5166553674046805,-0.048355906801684556,0.7835248190629525,-0.46453575188527196,-0.872003754865315,-0.5603972341969445,-0.5911861906578626,0.49847149897312626,0.8148168054518332,-0.5643616331843069,0.30018780872263395,0.7221170059177049,0.5212224725802355,0.854128826524388,0.9442707894407496,0.9683992741215837,-0.2788584643965304,0.7818215296953128,-0.41727621901485423,0.21185161066457336,-0.6285271613363952,0.4149896680363765,-0.8711288025964561,0.9626231461557924,0.9852649862091143,-0.7732931137913219,-0.17565224860886253,-0.08150657594485722,-0.9736421731292642,0.5009762693768747,0.12154919465128278,0.8963137771755545,0.33280620805218986,-0.696265186116132,0.138174673129291,-0.6237270144906883,0.7310671000195017,-0.2933909999354558,0.6081856511935593,0.09950853267553583,-0.07884265768587717,0.5688146359202004,-0.6358565899450874,0.6765797398426172,0.10279120850771228,-0.1633219782406492,0.5694462423187565,-0.5513431113095515,0.8625868020588661,-0.36619468426617785,-0.25940038323646086,-0.475961735830001,-0.9202231752693313,0.020525073625760504,-0.6314645492610653,-0.8973716049428546,-0.1804416723856499,0.29712606301675226,0.6393343144478867,0.2656137641667524,0.9885932787696694,0.7838141768401281
0.24474345801225472,-0.08580356501560793,-0.8247586138712804,-0.34383721124822975,-0.3506938743731729,0.19677086936364163,0.4687385763373526,-0.5923247929641482,0.6706143805585649,0.7932042454003725,-0.6276877568598005,0.31271827425881193,0.8540811095054324,0.7610178624025516,-0.892406704583875,-0.6733283343388572,-0.6308020468836675,0.4065516026376974,-0.051157403810885294,-0.8710295290341539,-0.16438320385940375,0.5821744119738403,-0.2988663932972224,-0.016763826986186725,-0.8820069858454471,-0.6113226361192508,-0.5047842299769778,0.23159591932260204,-0.012489673559712422,0.14531430654484012,-0.3767126364760065,0.8451684321598711,0.8749204397958434,-0.2542826969602463,-0.252342467912567,0.2194181692986774,-0.3636087109617461,-0.6932255356199581,0.4339623299798776,-0.4073070442367046,-0.3546785953584026,0.38239249025372923,-0.018240458058756293,0.41659949542367514,-0.6680935246652286,-0.9255795176220849,0.8594281949636657,-0.34893529896032516,0.9940275086768602,-0.3081047975584579,0.8817306918635792,0.09810867534369039,0.4541096642927056,0.17090952961984862,-0.03109711788341274,0.5552684068380005,0.71707045345342,-0.9669601180894101,0.06386316100619793,-0.06476511450001454,0.7856535019702373,-0.9706295635800137,-0.22503639545226317,0.41658003413730094
0.21079387595290933,-0.042216591253743774,0.4668162522445467,0.8418221717048553,0.8008334765028167,-0.4880519459531485,-0.67426028793735,-0.28103415800721976,0.6649373668093794,0.6592064785922409,0.5603780603495807,-0.8585961858662041,0.1281553450410602,-0.7154384781486554,0.0984511399708452,0.8051747379241596,-0.18647918405940267,0.889583217625608,-0.14816657807658418,-0.9211130663081715,0.21486365732958923,0.5091302058644238,-0.61216235904785,0.2835324409258342,0.9814496511140596,0.3389359156829903,-0.3006339497926862,0.49847482122766595,-0.9943267009686918,-0.7283065445300907,0.3125785099619536,0.4503100830459892,0.7565912028615442,0.4113692691034887,-0.5085777968365379,0.7259731739419666,0.2544052135679036,0.16977153030952707,0.2090298551171772,0.44848048346370595,-0.3032785193486063,-0.44438956229110227,-0.6641990323447453,-0.5403989604663886,0.3954372123030263,-0.2532386805102753,-0.6206889748400428,-0.036118764256675595,-0.06008822946728376,0.7959831794971552,0.17548858417925972,-0.20434704795175795,0.48411728479509564,0.4148063017127568,-0.6124614799259991,-0.6705563238052576,0.32836800942122046,0.39480306084822314,-0.6353548542763181,-0.8019774785642253,-0.9785004909071806,0.08506466292852255,0.08816927878353309,0.44402351833512266
-0.8383025553408299,0.9688670118675846,-0.4172431725746221,-0.43610334849013865,-0.24562177547893138,0.4812085121852907,-0.7143595387465858,-0.8347135407442807,-0.08777660409325305,0.5170970811003821,-0.6405823287510561,-0.4980964143408553,-0.692233091708002,-0.6724433191313535,-0.9487628859468722,0.6975026321611273,-0.6606144867580317,0.16261746871161997,-0.8637576134797933,0.43282549309755725,-0.11776750365540511,0.4768995123120605,0.46574698171924944,-0.4771161021658914,-0.2931120161878715,0.7717513654025534,0.1912427431998145,0.6326108503564729,0.6344441380451777,-0.5075118322240701,0.6400887240292403,-0.11746651264715813,-0.8414135628613659,-0.44497787771281105,0.3329264354689079,-0.9001738685414031,0.8962243815486093,0.8877050559893953,0.3177617173125744,0.02080762667890723,-0.7198896641406414,0.997637720461354,-0.5073408461785136,0.973601789499192,-0.8745694378422035,0.9040271143047502,0.7758483320417842,0.7818334703394447,0.7060718945380773,-0.16437725332600195,-0.8131320753558253,-0.6432402291069861,-0.8505683260875694,-0.1799165521303543,0.11319016922273195,-0.9518007342940014,0.25263527870673985,0.4383108882198359,0.6381494883244472,-0.882492151887271,-0.9214997056217828,0.20908331564331029,0.6769407507980398,0.4162202385833773
-0.491348049086328,-0.09602167927091543,0.42162101162812693,0.803159998791064,0.80711374677307,-0.4691988347925242,-0.2448260719323172,-0.22547009325848322,-0.9194807072030071,-0.7046535718685769,-0.9936884028974398,-0.3921976427892371,-0.8060885679682115,-0.7848648424219822,0.33481468016965477,0.8864059152689983,0.01456613389881456,-0.5370186367850907,-0.3118561126138313,-0.9262809228439772,-0.022601961211976995,0.23339047550662428,-0.40530838377032996,-0.6001709631642629,-0.40716420280906607,-0.9050171620612792,0.9185493004697409,-0.42222682336416706,0.578569882164262,0.7701264349066703,0.0520212839276466,-0.3067113867265481,0.35598090278875527,0.8233099636794101,0.5199322875200194,-0.49182942325856827,-0.7326703343772649,-0.8527621690155958,0.5955006157372376,0.4813197404028169,0.8846863314153126,0.26049917169779824,0.08842542307775614,0.035888753573870336,0.22679958906238773,-0.3001366820323199,0.9068191412295947,0.49117500482859855,0.9867628652139417,0.08161920859332539,0.19141579383129548,0.18801781326102374,-0.43675395728522703,0.837581888947375,0.9035011441168146,0.18438933629155763,0.2854641562855671,-0.1797987403139183,0.88294768164799,0.41086186981788364,-0.4652186716097537,-0.6836875974444052,-0.15328929478306463,0.877045839424462
-0.04941611524973366,0.7799892900239491,0.5235505496936417,-0.9141717893147063,-0.4405268216524172,0.7607676056156885,-0.6360201705533226,0.5699121021934772,0.1932363417129388,0.3383675612389849,0.23587117234258015,-0.9243463088111366,-0.7330609599214588,0.05230577627490329,0.989848149181807,-0.6261392294250696,-0.002279569691653327,0.15704608660558828,-0.28159673450051637,0.4313099800490463,-0.7250128378015246,-0.1047034903982742,-0.09423647197253726,-0.5304748174461991,-0.7518298375025725,0.6246699066237493,0.9192263709445896,0.7357219966779569,0.7718012764127942,-0.9796167945366285,0.3410816218314452,0.692302825580333,0.5546407412300347,-0.9906927087999966,0.6587879605065046,-0.657169516346473,0.8300452677786763,0.07751398857001246,-0.09403086350489565,-0.49996543771875457,-0.12396538888926112,-0.3755854620743111,-0.0838806956487772,-0.8435925189407929,-0.8462085220412918,-0.9113216472730068,-0.028777190745921777,-0.028617122242629023,0.7135129549215808,-0.3698287880411979,-0.5909766188995427,0.2681877325999893,-0.004125201617534602,-0.19523491092086975,-0.9265741773603164,0.7758436647847475,-0.6044962049842446,0.7647057077514863,0.9178295433207493,-0.6403663690753145,0.254186881520726,0.5756169167013354,-0.9159368831418175,-0.04254046943279177
0.36353310460560007,0.4820540555652526,-0.06590151282303669,0.6937993149084252,-0.08450024456495808,0.31472570673288214,-0.25751447658188953,0.26047168121360764,0.7847314709944186,0.05013541291278445,0.038564910336593705,-0.7643083229602903,0.5687833494129815,0.6923164077984723,0.40621646522868127,-0.39141615524584417,-0.6617149857523346,0.5320071344933426,-0.7203834679154466,0.8583422310901525,0.07357913240648029,-0.44409278311577927,-0.37709191855954205,-0.9156052939271813,-0.8125520225127483,0.8950006454375767,-0.006528546779504207,0.519369892088438,-0.28580958116865807,0.5882137068433826,0.4916936514636532,-0.5066666114862199,0.8406770960531684,0.07296282734502602,-0.24260632233932755,-0.669817817418173,0.08945881969447811,0.5890421293449446,0.09466868129200878,0.27057658508723326,-0.006952523556908785,0.1824533570325364,0.15705814467761825,-0.44916890912717156,-0.10712054211346222,0.06094857297809031,0.4522008586591846,0.5770085668866916,0.7683227993800654,-0.3076525022236418,0.689452077543403,-0.9500981433782238,0.45073263809537667,0.5038741183988806,0.8676502898108125,-0.38504114442270465,-0.4212736661088836,-0.18897856451316297,-0.23873385061787666,0.7929691281745526,-0.060685880991796504,0.8294905935498758,0.2856296080913918,-0.195148397488629
-0.9086643930099085,0.27919360898311973,-0.29256434117608143,-0.7734158653680414,-0.8573436714708911,0.9984331341215271,-0.9653661932588127,-0.23471945183339504,0.8453328939993328,-0.6922653172081765,-0.8281942234592847,-0.3465898794666169,-0.592183238742831,0.7019552557641611,0.559238181718906,-0.13031252727038933,0.05846979855269896,-0.30980060718461555,-0.07350280671054432,-0.6647197334028383,0.0181828726403368,0.38617634352336117,0.6654531868901605,-0.8627126853994218,0.7321922824215181,0.7988065731628655,-0.8947975018615966,-0.29755198964054297,-0.04943104058897663,-0.38229095088777787,0.03388938385354834,0.4347086219706,0.24438750853985836,-0.45407019374420243,0.5159245800147958,-0.17871120944112362,-0.43411938106401093,0.3110166525743354,0.8529063796762391,0.5424246265242294,0.3134952042153023,0.4697145504707778,0.9855525973853649,-0.13828253162411852,0.15947792840878106,-0.1882639207966892,-0.0126729581762548,0.5442072763600654,-0.28501109098373956,-0.3284964991016728,0.8513091415065794,-0.8836758821543889,-0.5877465385267295,0.8802721117662351,0.43937673616355766,0.4561140325145212,0.42003640928079733,0.25465814280160615,-0.16323021668142346,-0.05577734742593843,0.8043194957202273,-0.03904701781144282,0.2455431725198538,-0.1538467263868264
0.705624552292067,0.16376270369982837,0.5444045731399507,0.6146563643239806,0.1514931955741925,0.5005234475197842,0.33503054802176346,0.16852856644804248,-0.5623859152842792,0.9096679858499068,0.21657769809914718,-0.9499996839085987,-0.8523373952908975,-0.5759581352692706,0.21159959045391052,-0.7293242635253594,0.011938768680408662,-0.5528780692360364,0.06534210758283865,0.3776082801418814,-0.5698495607652703,-0.5683812775517492,0.3499378973742835,0.2768273514691324,0.4368337887942586,0.49975151254983796,0.14735379247090408,0.970824180401247,0.2259759907999126,0.31577466214181404,-0.5620342994698557,-0.9638069259851143,-0.030180967872948994,0.3777240556756982,-0.05754314150029338,0.027592553830621647,0.4149454569038533,0.6959099597745224,0.71032055852539,0.4770719690373042,-0.41362153640415733,-0.539272989980607,-0.15840234560618915,-0.4651468350091792,0.45652455728709307,0.7178712338745448,0.21230612468986476,0.6538455468878093,0.45421928437957004,0.6618998823383504,-0.9380374238151064,-0.8103983760058477,0.7673609477719674,0.06262088697392998,-0.07520496873199867,0.39606736666651154,0.9789770987722566,0.20175974211764913,-0.6476968577596964,-0.43868743976957725,0.8819345204806077,0.22084359433429746,-0.29655804451035794,-0.946790077578356
-0.6552706160658144,-0.5131622005054919,0.1652435413629212,0.1508393340171803,-0.1646946871107522,-0.33596234673822534,0.13443849842386202,0.7379615425566675,-0.6355499483635125,0.2069062498531431,0.27632200276618035,0.2739082830626598,0.16180045628588835,-0.7867705180151239,-0.663965511750132,0.467749932539141,0.47472676571944517,0.7435134694379892,0.917122286695943,-0.636238839667584,0.260383532058738,-0.4183549478401767,0.3676595092556332,-0.17345265509926522,-0.4306945812318732,0.15619328232606677,0.2013259442636406,-0.39356045433426123,-0.5619240184172112,-0.7111626156668633,0.43396329356689667,-0.1628329266837909,-0.4613720689799432,-0.8332759921614352,0.25262604905464014,0.3349152765577743,0.35230298772686,0.41124564169056677,0.8857147725710208,0.7838009696859045,-0.6745659671476774,-0.019333912761465788,0.05343933103019216,-0.2596054549416935,0.025976085495277523,0.5897583807081369,0.3327028797535847,0.32925441276069867,-0.7563842177478892,0.25128034442205727,0.8707098654314605,0.3847926732588367,0.009676483386165391,0.6594374553616338,0.048779421875004614,-0.7045678822041246,-0.4921783153619206,0.29777902944195755,-0.44205615774651275,0.8466777223966206,-0.374067045639054,0.9920346068442862,0.9717227610240486,-0.5668753658331822
-0.34479002061399355,-0.485619156541113,0.6693138929746123,-0.03155304394351632,0.27764173870838116,-0.40096040987444526,-0.8759945779670939,-0.8168969424676191,-0.9223049988089675,0.6158112179452704,0.8522939105599789,0.4933341033793628,0.5853134872825403,-0.6447817739938797,-0.6959909328553484,0.9203715294890173,-0.5621238356549003,0.42779437282955235,-0.3402942663284918,-0.14589619879358384,0.04244794830041987,-0.9065253365754642,0.018641771177743127,-0.26225943432052445,-0.43094047377545874,0.30327039542717116,-0.0806825050761597,0.45639153955966716,-0.7431880389421002,-0.3531049971898057,-0.7643330845372858,-0.18105944981377475,-0.8436232909103532,-0.3182943079509042,-0.7754863232712803,0.555492934147539,0.12022278799108044,-0.2947330044379426,0.7792529236787145,0.32520072159661284,0.4354185297651334,0.34050353932875654,0.18487897003846143,-0.3906727295037933,-0.2476160701770429,-0.9860851231496799,0.7234507051571433,0.007823719922222416,-0.37275939628181676,-0.6631141321121576,-0.05298048603057626,-0.001897786970793458,0.8499870701732737,0.15705943876775064,-0.5695581346570155,-0.10088671665417981,0.9274391725818787,0.6412906447362829,0.3980144575340592,-0.9299904348355996,0.8918910093395738,-0.03602553835578948,-0.5879936621257047,0.7709252355470522
0.7948274933187449,0.9746397601313948,0.5545866764559133,-0.13049028639922233,-0.23849258539245688,0.540116669362162,0.9303741037923408,-0.6711650865794945,-0.9935219637417185,-0.043199550083910854,-0.4241094192376882,0.3575936624775209,-0.06832222899859519,-0.6529455170362775,0.15298115625820374,-0.5612658051645614,-0.2021646475100316,0.7397196632414775,-0.8754149796800155,0.6624991537738003,-0.8404344246835991,0.09719500403833226,-0.7007491562147605,0.7245232836351474,0.8464869555266332,0.0986525666251774,0.10885999319354212,-0.7039831283481937,-0.793260618061917,0.46030055099808065,-0.3659741434696566,0.7702687615412411,-0.03974301583997697,-0.08979456347806547,0.39141430160828583,0.6208027828374492,-0.4901742810535321,-0.5205168497831072,0.07576068152301496,-0.08336654710768743,0.9590936704656481,-0.9524453340906442,-0.5525546266903145,0.38378073097213306,-0.1688017434879383,0.6213451276932576,0.7223696998761566,-0.5813507168557088,-0.14183345967381644,-0.3710606929590141,-0.02736577817005026,-0.6759408876401254,-0.9174846592468795,0.030376022634928113,-0.8171860157961803,-0.22061218222272605,-0.4554080326791359,-0.14693143957748078,0.6250667746172323,0.04883402271337367,0.9849459635305768,0.46187971675313055,-0.18007536262632406,0.6788771620077538
-0.8331562285813863,-0.37028717189996785,-0.600676159540871,0.9515769255755244,0.8271156545171732,0.9918872700249033,0.12668121650205233,-0.141263245347516,-0.4636388039750907,0.8135734577648828,-0.18026997507377795,0.6807718239634675,-0.9056748895402886,-0.42038245324629164,-0.020277791119795996,0.09651191477195686,0.5729906729999839,0.9222112553121147,-0.8610946922298715,0.24139645334876025,-0.16327032047943724,-0.881615739283983,-0.5486271501971824,-0.8612951481792248,-0.042109276642543714,0.5345576117419637,-0.9518610940667214,-0.27873377310683667,-0.9463052929669691,-0.6573220641060895,-0.7136412935533307,0.6501816428476046,0.551884026437452,-0.4636858395579775,0.9023475945093176,0.05743921260871088,0.40209727382389904,0.7068393991250226,-0.14582821377573274,-0.07946477035250288,-0.15587667565592955,-0.2602488646049623,0.6404760939011975,-0.3488979581335385,-0.6031499614567286,0.24232902138170864,0.23679595685000465,-0.8078784819554556,0.9475416078055507,-0.8661023441709503,0.7058612520640526,0.7470993644880382,-0.7214749514186509,0.18196921499973384,0.954516202651361,-0.2138237210328624,-0.259528573269876,-0.09244652357663607,0.463140743986155,0.7852219414723165,0.6972469268682886,-0.7250724805824178,0.9219839405622514,-0.13842046482054804
0.7447981425716066,-0.6901856745403512,-0.8024979982480187,-0.7077092109187606,-0.641746485720396,-0.7223011420555734,0.7335802189904452,-0.644150556043618,0.20947524826910202,-0.3102590878250393,0.6900449635835675,-0.6847522046766576,-0.5806247040903081,-0.9891943671484109,0.15058087344673865,-0.7147400410379385,-0.637342759474556,0.5295246861351461,0.5378230894075262,0.2617416272552575,0.7933434194623403,0.30621769186991354,0.10656288596903218,0.030137964189393074,0.9032250621582589,-0.14238153366786266,-0.19804126311831105,-0.7558301735168214,0.5590847728195181,0.964649961543016,-0.00932323149253067,-0.17971213582420198,0.9529412338713861,0.34252902724318823,0.4022138922272698,0.38812861063340565,-0.24819536542221954,-0.6537581244973272,0.566420581417941,-0.9565216888013504,-0.4570619199954322,0.6523141224584166,0.3186518579114168,-0.24807214959004642,0.17312084007386286,0.8174815258292385,0.16462653727775933,-0.19591110013742763,-0.1939407486109177,0.10726136340437353,-0.7570531009323813,-0.7196166410338247,0.3135378450894657,0.7672188028931912,-0.48490442000067024,0.8517544017404699,-0.22594567216405026,-0.5788760249667042,-0.9093865932932503,0.734550755581167,0.9174674938638725,0.9065998350295965,0.6217666804534396,-0.7986548414399313
0.5286393788067907,-0.4232042245417549,0.8656172663126163,0.30019123624218547,-0.9947423799417348,0.8046019537270543,-0.812847698116999,0.8413612592583997,-0.11043499963012904,0.4626448866172612,-0.440783731801202,0.8044156105193709,0.11627485702577078,-0.2176269160605211,0.6358160099710206,-0.41859865858950296,-0.33578993036430393,0.8464583615419767,-0.567943709380611,-0.6619005041018737,0.13421230707993148,-0.8379492329484299,-0.12224135901389466,0.50563815306198,-0.11318905857532924,-0.5230764823168399,-0.1400236083043449,-0.3383804831424342,0.6797589893252438,0.6980369750255822,-0.9340887977997578,0.8648269247600968,0.7288545314151089,0.2349850720283957,0.12905569388601967,-0.12988113986317562,-0.26099766016169457,-0.6094235429059642,-0.4444232061756954,0.13500385160156925,-0.792175476822041,-0.20522874045618322,-0.15948900774049268,-0.5477618925722236,-0.33818383132603524,-0.18387712230140063,-0.083787834498537,-0.4745488215355027,0.6271905933523174,0.10333790246531782,0.415063765478185,0.06103834198556202,0.5417510768294997,-0.7988886280453145,0.8684518291090129,-0.17443275102112632,0.9049152664929303,-0.9789471019409701,0.6248819436926454,-0.3957414101145684,0.18474304538945874,0.8760339508657173,-0.12739676771975095,0.6933069968468213
-0.23360067354652703,0.43500044739718713,-0.13858934082808072,-0.1510134261623317,-0.21360763292753915,-0.23957213395800303,-0.16063103803761636,0.7525972966336543,-0.37953762059850593,0.7740303603558789,-0.724103886527887,0.5516493125586066,-0.21156837956183194,0.9429071666940576,0.7364801842788804,-0.1688971184757091,0.7670601454889481,0.6358665049764063,0.9103481130541791,-0.39782552321629616,-0.9294601523419359,-0.008251123094501045,0.2011403929803739,0.5664077112383423,-0.2454618846396539,0.4167052386527612,0.2718006933526602,-0.6521531216964074,-0.9902339170903505,-0.021832935793042463,-0.2636704544610746,0.665241885429035,-0.1279397240907847,0.924052314662698,-0.2581705643715846,0.4614237521525244,-0.5136319521188264,0.21495962698291793,-0.8170898530567952,0.0368526472351669,0.9512148322187337,-0.6376090730172221,-0.610225473165583,-0.6993579224539663,0.6035330898199376,-0.20957740681605497,-0.13985889857682898,0.03725685145643043,0.06690427411243438,-0.7344159105790802,-0.45838825171333797,0.8800332354524116,0.509823587319711,-0.759809833161083,0.809527487848605,0.7934790859832936,0.8018333946569705,-0.9782817308270548,0.4578047698351535,-0.6818917974563068,-0.8662956616222395,-0.2397480807953909,-0.061680672063536335,0.49738516125218646
0.31312254128689676,-0.31304275374278334,-0.8779384387877134,-0.6955945070347549,0.31367279361044176,-0.267745483142257,0.6385234474495578,0.34871898533811807,-0.5125715866701068,0.2687530206484767,0.31655008480815217,0.599749989507194,0.3808717007163056,0.6414148827497799,-0.8802052422243511,0.07027213150083766,0.5967137716324649,0.775144173331322,-0.9434556735844515,-0.4543144916054127,-0.8318604548468973,0.4357270642052258,-0.6368299963064852,0.12266671676505192,-0.7575603506569977,-0.30660395463147094,0.526137784428744,-0.249129343375591,-0.8928123847145206,0.39881681688521264,-0.12086153450956871,-0.11566783181387574,-0.07816653301390208,0.37395588444173633,0.08400557513615259,0.7421155327931224,-0.6014768748132824,-0.6274382385821458,-0.8073972229152999,0.1218107367822554,-0.19013803556546138,-0.3237558324003431,-0.511853769694576,-0.2636568059915878,-0.5828395552081123,0.3199972440077117,0.09385568940770517,0.24091757248936707,0.4506493349235541,-0.9893314900204664,-0.9298839708888669,0.20415454428688395,-0.12371821142544337,-0.7961540376027421,-0.410752600408824,0.9500096196572423,0.5894498997647788,-0.7823862683927354,-0.12393461693866192,0.33053140444188833,-0.9660073031784786,0.20570352210769616,-0.2906541794740942,-0.2028731924086551
-0.033027461363581034,-0.7265732560010103,-0.3584678029206205,-0.9285855442217605,-0.43893102742257883,0.648316212580136,0.18665699042869965,0.8400934611391888,0.9419701711773003,0.40713823427842644,-0.8512199779888339,0.035785786474515247,-0.8121855751448301,0.651112471441831,-0.08859950127391203,-0.4777993747380824,-0.8390482408228515,0.507200347017436,-0.942381156046606,0.8701942426632923,0.6459755916774317,0.8930491391257984,-0.3683276996454483,-0.032031506878531735,-0.5220385024535461,-0.9253604689140196,0.4805705603698667,-0.5069350468776308,0.7068785042883861,0.02767021774329992,0.6394732168480166,-0.933904774498995,-0.9499091787870408,-0.843707133312692,-0.43574102768059864,-0.8508033108633171,-0.15246557594682808,-0.5372081690704007,0.13697968780016678,0.07878359861167428,0.5872540703752116,0.42679243359829,-0.10329887065530152,-0.9248916173207224,-0.7452867538882062,0.2487436795149096,0.2057343009733339,-0.12449000622469297,-0.21760745726369857,-0.5059470023280117,0.5472074328347079,-0.32971660909224587,-0.608992871417235,0.3416451308275841,0.08448510361125061,-0.14329668072946414,-0.22337027645173602,0.71113555150109,0.4097602345504714,0.14551684880300364,-0.8079735591059205,0.6675709015534803,-0.006497272099682538,0.7498722267125557
0.4001370898930847,0.7952138947437417,-0.6758307964713539,-0.5224793786627155,-0.9868040057587688,0.06162431833519255,-0.35598733471312816,0.37480310411317497,0.7255731256644167,-0.8172001007810903,-0.6339860268442585,0.6489596228806815,-0.33116228189557995,0.8574047455776754,-0.5137088031839876,0.9706458915391503,0.9523234567609058,-0.6102381656217613,0.3219580761004257,0.36376590704666456,0.3588770182457366,0.6679336607677129,0.8115261681341142,-0.34892939278590673,-0.7469139136052194,-0.2313741241659073,0.6101897392611086,0.47170427752618305,0.7287029713078688,-0.41247119593725246,-0.6593543685284708,-0.8822233960456478,-0.9604546008181785,-0.40163098920404683,0.7320295839904714,-0.06871176818642222,-0.8608423768246238,0.05238704843159936,-0.5849040068416185,-0.8356369709828717,-0.3035715682828799,-0.8602234993300462,0.9899749590855034,0.31855468962444355,0.33199395815785704,-0.9208556618525392,-0.4055331332014174,0.48084059121354183,-0.1999793549252109,-0.7929623108905917,-0.4471904420113082,-0.015942802332696182,0.6351854206319785,-0.1036492948713219,-0.12981699535856173,0.18597131008195777,-0.675788182187514,0.696459165401548,0.7859322432564186,-0.3930512173941807,-0.6585210273402271,-0.5901930519118646,-0.9673896566419593,0.26080803208272996
0.45565362255493613,-0.8190469850569662,-0.44592376627196373,0.5875977892410358,-0.21491895368658565,-0.8936156084410607,-0.8904823908853965,0.4480883882213984,-0.6314979830957155,0.9403864107532796,0.5059225426832497,-0.27458871260993245,0.08251209146895011,-0.056077019081895996,0.08468653562233941,0.15228543001453998,0.9793823945867397,0.7715436193223884,0.12069711714645948,0.30127074696646394,0.16620495443674277,0.13104301947438346,-0.6878571593249299,0.8777067018381546,0.010256215367659527,0.2976173125094248,0.6897594087097829,0.6794938324412758,-0.89036771349569,-0.8674560770529984,-0.08703167186639282,-0.8807354573501636,0.5301890700877916,0.5198401498200231,-0.13586919692335364,-0.9635198299747407,-0.506045269271169,-0.3812221680855368,-0.6407496003074951,0.7045071164566719,-0.30146148501085235,0.10512539998629489,0.46764529875810745,-0.7759735822158482,0.7654669857111092,0.7771547719060352,0.37718339043779303,0.1199521219156523,0.65051842258782,-0.9130109014266716,0.6530795502957014,-0.381631195879639,0.3111870077302388,-0.14138343026420697,-0.8313039981569053,-0.874317752092618,-0.8510445600458705,0.8387814582617044,0.6822217189574651,0.5845422564192895,-0.7146569687693543,-0.8047543603640201,-0.8008913311385937,-0.9885275027089249
0.7928992442849365,-0.7406078116577599,0.43044261106634996,-0.5984066816481186,0.9441205549738305,0.7641330715284975,0.35164654087231817,0.5876969801374523,-0.9003720682289251,-0.3314860749084627,0.7561505323427682,0.5527861999718471,0.9400084460577596,0.6160414337986211,0.09372858998432876,-0.41011509473153573,-0.4276262974292335,0.07705824540414441,-0.697659675538155,-0.6031565053763759,-0.8790024402739647,-0.41842469074115574,-0.32323382151280144,-0.29765272186269787,0.38126191109731855,-0.5773881550654563,-0.29446240394200074,-0.6976122947362287,-0.8882355093201699,-0.3419596944354959,-0.40741343706050603,-0.25669551273184243,0.640568404383556,0.11633156522801058,-0.4073948895806496,0.389218897646336,-0.2144320783749123,-0.2249978733350626,0.8661314503526729,0.8113215788563599,0.7418866004281854,-0.49842310669139667,0.78115863603815,-0.14800022151730485,0.7330608938261809,-0.13665893552116004,-0.6536562383640276,-0.7335528673109923,0.1716633475024092,0.3069153276715568,-0.11713440949279685,0.5529356702228383,0.08425095325594123,-0.853040519285674,-0.08385322853367261,0.0037313029279686383,0.8212222152701671,0.34906644903364326,0.7503515689811173,-0.5122365940936193,-0.8206051446511156,0.5536665931413749,0.9759652244507295,0.35511000890734157
0.27854927960344167,0.8159011382626573,-0.24171528968555234,-0.038197861673731515,0.0408453823224777,0.8413375653008108,-0.018513401793185835,0.6229978980854163,0.6124607975158052,0.903986321400869,0.8841953758367336,-0.37775180885852766,-0.38178158289252195,0.8140607615976205,-0.7700363157470629,-0.47694051713161034,0.40826182000522393,0.2243010558899008,0.9046610551786642,-0.19616653206900914,0.42830436875220523,-0.9973377472192269,-0.7015010800270067,-0.37285152073281314,0.6120715568519906,-0.7376027232993496,0.6308821778075187,-0.8871108218818342,-0.9585060170397313,0.7926179938631943,-0.8960081557937296,-0.5457749487230181,-0.5377577780676956,-0.6600141323900541,-0.7498357963467379,0.3483117284335828,-0.6797438211126658,0.9460676183151768,-0.09895171345366882,0.7310312311071825,0.8729174855256354,-0.9787297545017903,-0.2434209339024198,-0.9586036092553605,-0.2349639213294905,-0.10832594073490487,0.4544353476638141,0.8621331117800872,-0.4089904913924396,-0.02049893552626969,-0.5390029299679648,-0.13795191504931426,0.7364909143284843,-0.6540611960590159,0.10718050818106062,0.7753808909582722,0.2860563253450359,0.1583029518675596,0.4611236475141489,-0.19649391243253223,-0.1148568723729162,0.920070376399035,0.04812263087173152,-0.85548626209208
0.33215825791707054,-0.26867788260834136,0.27218135654288855,0.6294144825930472,-0.5196574236348837,-0.19528945460282543,0.8571203955866338,-0.06965745019072256,-0.14479258399192935,0.6957805295362984,0.2859466011793772,-0.05326622593383523,-0.3945775965328404,0.8729602935835148,0.1702265986897853,0.12396402424385156,-0.7557774307933955,-0.3371686588168632,0.4319101211839047,0.09240162151857567,-0.8192440977680684,0.6466658500212084,0.8504089175522525,-0.3442301024587542,0.767932957404655,0.14238113883250714,-0.7258463083498541,-0.686602536876771,0.17807220222157882,0.41473435548713833,0.733711973796183,0.0951598445923012,0.3921283958792763,0.8984961640214024,-0.23153920920057036,-0.6961068241101676,0.33563025452278983,0.20847683675959905,-0.7861671108667423,0.549238722117976,-0.7816129648803423,-0.4591533572900359,-0.09492125275866625,0.08505795895471868,0.04465236610084844,0.7743789426223564,-0.6269115070347402,0.154679487931618,0.5213750076006003,0.8110986713607895,0.5605187318184646,0.9506503780441531,-0.13357496045855366,-0.9130225478138974,-0.990148596871002,-0.20448872899596715,-0.6021063531284123,-0.23570036884293954,0.27148956175000616,-0.4592740241170401,-0.2648465168035141,0.11435363101519158,0.5139783188980671,0.6768684496084667
-0.09128779317960634,0.1081202182625467,-0.38554701097177824,-0.6925316894378069,0.9600697703315066,0.5469755715603761,0.28918980523885973,-0.16244851344097988,0.4799218359178823,0.3386025907713883,-0.19451120893620844,0.6424218352725772,-0.7413032717594579,0.7075910857031404,-0.9279803366871395,0.8034976502839801,-0.860227754300265,0.942554822707343,0.2753601407433848,-0.5938996082657599,-0.8181759286341137,-0.41094124913052044,0.6939835116825699,-0.29064802314548044,0.4339618499147546,0.11700817205815373,-0.28010158785522643,0.6836775220577314,-0.03957906081251816,-0.6151410925283789,0.9699962179911592,0.9542270023578707,-0.8841863555459439,-0.041737660155363177,-0.6921422517649967,-0.1597115177093298,0.5354484073450745,0.2912617765856176,0.24621860639210474,0.26594097110222337,-0.027960058493302853,0.12296189990357709,0.33108735657952293,-0.42514888850767196,0.9123659076404802,-0.6315825404292041,-0.17609166631144846,-0.39121000853596466,-0.49699921505828426,-0.9155519540133812,-0.8759585296673438,0.27527558688766973,0.5499282859783381,0.2287355102367652,-0.6978229439641681,0.5240180927452327,-0.8871129512123759,-0.23717055292125755,-0.43087558892084243,-0.8720011612442395,-0.571084659232378,0.7513083426295026,0.811803200604269,-0.6370574035650289
0.6662011776934731,0.46620588140670494,-0.5210042486009818,0.8065308341282733,-0.27255907434205673,-0.48060943273246837,0.9437889735203018,-0.3850832224878755,0.27436795310682216,-0.3675524040347977,-0.5164085432127312,0.6221163324638863,0.5567912795916921,-0.06273124368338445,0.5992206263008792,0.4630394481850848,-0.8454527391830455,-0.4053031096196358,0.4923325413791948,0.13981645047922675,-0.625901622835648,-0.9614344249632718,0.3322896186635025,-0.3605066453312977,-0.46978245476209457,0.4128368306899153,0.48536526819991344,-0.8928794843930445,0.80167095057053,-0.713439408593487,-0.20259141248730095,-0.031796620667845055,0.05816734892685216,0.3503355301398454,0.25025856828510396,-0.784692057384258,0.0643919116380609,-0.9151333702911972,0.1344212264270832,-0.9636177776039685,0.6091159767031136,-0.8268075589698551,0.6778030324099409,-0.9895524416109973,-0.3358458643008344,0.09567201983959062,-0.3361571530404903,0.9820485418150031,0.44552520121254635,0.8454109862972121,0.6375334080271624,-0.7782248018582185,0.801915816306543,0.6160762547542964,-0.32390523647642455,-0.24801604836152502,0.09741859063533798,-0.449467203275864,-0.2397010207066983,0.9862848041705901,0.6701262818168467,0.11886406260767357,-0.16167497365737749,-0.9130026330905501
0.21246884710248715,-0.5372381262209165,-0.3913416141186039,0.4754965024847453,0.8497425138895252,0.09286668683476251,-0.7894034246674042,-0.8155891393976464,-0.11427727573131197,-0.6928112429489885,-0.599537118568684,-0.8985302886433308,-0.05511428597718493,-0.9210713735244307,-0.9585003829873915,-0.5652840790199418,-0.42699557155719736,0.17843280438786424,-0.4114934639333365,0.44143339498844747,-0.8663585256316477,0.718212875508645,0.2502307100389334,0.2563049473736385,-0.4859757553969002,0.008591641206068035,0.4122080498864067,0.8196808520521841,-0.7182711528463819,-0.9051422899930253,-0.08012721614085017,-0.941252409659433,-0.21113496061316028,-0.6499670994760238,0.6223268220130447,-0.8298801632124586,-0.542654361336693,-0.36240015933254166,0.44240987504229823,0.6370044980017506,-0.972260425007734,0.18277601648974828,0.377036840599311,0.16631681655756836,-0.6059991544656897,0.7244282429390259,-0.3117022471552824,0.7509588694782483,-0.3539839707710659,0.16579272160753034,0.9556747729599324,0.9897489548074332,0.22570649531361964,0.7899018998454246,-0.7981553608327334,0.2370570790889437,-0.5252127821422168,0.9260154382237273,0.6686704358051314,-0.23594230370749814,0.39323725841899715,0.9551177232297658,0.5365412237278131,0.8833071063133908
0.08816909358219394,0.9001189513577543,0.019344682914586908,0.9320291797889813,-0.9227429425390525,-0.46494988074472077,-0.37749372064544606,-0.1699458857931031,-0.3256343790517229,-0.7024803790804364,0.3813010927574203,0.3467832598525422,0.07257481771433572,-0.780917469749077,0.7265564800499236,-0.44487405108909495,-0.45853492487096514,0.3570349690130201,-0.2862352177676215,0.437448480075987,0.5029980993513428,-0.36819781603159263,0.29870529480420904,0.6873722799936999,0.6866363702543803,-0.9427977069018918,0.703844793503815,0.1978741454014441,0.23229279647750545,0.9952815796828267,0.6241986979824747,0.6904774102474867,-0.534841439736679,0.3080058412592337,-0.9853122228151729,0.9369327432344381,0.5931176942285918,0.7574485967138083,-0.3296001236730868,0.4767363523956214,0.4204866918990344,-0.7844616781634184,-0.4511929560678569,0.5269594120083541,0.11291718159707576,-0.04922006038268445,-0.23273325939896905,-0.8171669451470849,-0.3548522226549622,0.21483641206006365,0.8571646800372428,-0.41058569819532575,-0.2844870207917465,-0.05507014433481516,0.6785557579847701,-0.5191104578079899,-0.19590179355196335,-0.5796181701174163,0.9165611072188056,0.09752742243238322,-0.22136499870404158,-0.2007555634800542,0.3062674362210829,0.6345758068660641
-0.8295346919659177,-0.608453912669636,-0.47593897855177314,-0.0290840771268972,-0.9726558165343808,0.30816670771172316,0.3907185259578423,-0.5395447625004752,-0.7787348090391666,-0.3135079974190096,-0.22728396544138096,-0.1279489042761004,-0.42554439186407533,0.18205452043512182,0.8079210934533139,0.6507962084639949,-0.21477073543014713,0.39638654879940804,0.7495613810554294,0.9894947544006107,-0.6803914244000269,0.6973233481933987,-0.3139784065756537,-0.37855613740878646,0.6711924491935954,-0.8656569887988805,-0.21342340009692595,-0.003879732727460228,-0.2883025367144185,0.844583916948199,0.712154196473495,0.21434816496443743,-0.22430296268182115,0.9951644852519419,-0.0256581131521596,0.966173690493203,0.6660347751844882,0.4937005087592228,-0.2464633037643924,0.0741772692333551,0.4950457996372226,0.5491475143155986,-0.4668433965706833,0.9571576753183173,0.9514775386892309,0.12080059322613357,0.3230175893891509,-0.015841983066861243,-0.5996118525614884,-0.1940226395996465,0.27857854120719483,-0.7268301218879785,0.3706997923804065,-0.8077353508239367,-0.17308907552691877,0.4576816860408943,-0.42637739657367546,-0.6318941113701444,-0.8127070624861499,-0.6463436116663193,-0.319569521681508,-0.974778103945509,-0.38770254295058204,-0.890173257296849
-0.33346002111580164,0.09507673920352877,0.07606272948491632,-0.497905038216921,0.40343610620586756,-0.2976159240659946,-0.9615221984648155,0.36253544011053895,0.24759611571963092,-0.760011366826836,-0.26888267535935984,0.5987100486528887,-0.24311360097147405,-0.8387451531755987,-0.18708542915580395,0.5034318870686647,-0.8477402779121366,0.7342239389422416,0.05474869306574881,0.4093434107153897,-0.37032385761596265,0.46077951043675025,-0.7629246466470994,0.5037985473827009,-0.034445378849514485,0.21294099478529183,0.829017545744249,0.17668557196188872,0.3653124472717739,0.19286815427000373,-0.8001598633970195,0.7535431877333565,-0.8372321307101476,-0.13225521745900748,0.5552278960994512,0.6815843742139582,0.2580204794034706,-0.936053940750512,-0.16283180063176417,-0.9416670991132288,0.7947983219357355,-0.7000716035509902,-0.1140194571691513,0.7378015305564005,0.5206188957252653,-0.7538018746172166,-0.1962808134897549,-0.7193380679110064,-0.761296672233033,0.9110524280296914,0.12564012764785226,0.12155071582979016,0.2857104109684585,-0.7956795053678309,0.8049845236842008,0.8185500502109084,0.9012502934102127,-0.8859947896814355,-0.5749415433058427,0.4928809585192979,-0.8415854368014386,0.2564026439003384,0.47932132270520134,-0.4537225458415519
0.4247106184454803,-0.5029912832890409,-0.9310580035204106,0.06401268164164131,0.3979992443794802,-0.96767840771618,-0.6645328140204121,-0.9281887119590155,0.23613325327981127,-0.28499621778125217,-0.26046472818159105,-0.7733416456785205,-0.8519689882352488,0.802795041712576,-0.3219245134619557,0.6109196856806003,-0.33020698008963767,-0.9723836159030228,-0.2641917481762006,0.9619819278552026,-0.7512614444468382,0.6249487728509469,-0.9726751191349565,0.5421365758420462,0.7504243680937661,-0.7547485192670409,0.10706556032338566,-0.9890376026070296,0.9331065446411249,0.9869028221508396,0.33766038657824193,-0.5191519563347147,-0.982911891930343,-0.08372698009168755,-0.017801954123108477,0.018867146387337996,0.932257491164693,0.28510498608526014,-0.5862794823917687,-0.2527477889970353,-0.019881171170071488,-0.24580403799183626,-0.24077068474743824,-0.10021858801784722,-0.7150428318240476,-0.5148199904448651,-0.32471708612841277,-0.16902346212448838,-0.7312750284581593,0.00128378258277273,0.5599596569865244,-0.46739129578020533,-0.35691682364203636,-0.034616706412583076,0.2500782318036403,0.2959237714218823,-0.5714062599397511,-0.12962907063706508,0.6748776585625187,-0.7633938354377015,-0.05242393949179114,-0.9801769219046839,-0.7243890533346102,0.6286173767882894
-0.5773261264328289,0.9919456692897972,-0.4147631943943324,-0.2975349642171876,-0.541538177604336,-0.828027304865198,0.9048714226266594,0.6067133480667841,-0.9272698165853563,0.7724837472498156,-0.8931270134320217,0.9696329676904845,-0.5973901408506381,0.9555555243636151,0.8010680627450337,0.33781530945621685,-0.6987320714595384,0.9804305441846604,0.7313654544585977,0.721278851626336,0.5934425984449414,0.2775244911470047,-0.6005808695319743,-0.6462589669709404,0.9721575373104496,0.7588705971095964,-0.0309991707487538,-0.288608460562765,0.5509341657405353,0.23524296875051642,-0.09981469245070729,-0.5003478290340471,0.2373090409998193,0.3384422469868871,0.386894062911296,0.4532112694506607,-0.046849677603274076,-0.2135402772368702,-0.921909429472419,0.06049798147094254,-0.9240676037368472,-0.8772721543128716,-0.6132896764382869,0.1700017548161068,0.6577203543724148,-0.4841972443974423,-0.7119235794152237,-0.9054754168216756,-0.17528228452028238,-0.14754254193471783,-0.48693745531861166,-0.4736939912430753,0.8108847931854521,-0.07397917277345023,-0.6176274155502408,0.13469963852793776,0.561886526361697,0.9128940544670285,-0.5327267431171128,-0.79325557772184,0.4268143757650822,0.26968185320541527,-0.5524546011781677,-0.9192276711532164
0.046269609583111215,0.2660434731983061,-0.4388081769919676,0.02893391033974635,-0.6810341027853126,0.9508481697302431,0.4248048479219777,-0.5087269146685869,-0.7223961321536225,-0.9871212110554664,-0.27002051324704657,0.0948073391648685,0.7076672921469314,0.6759733631425815,0.5570222357081249,0.25823550563551545,-0.12089825889040617,-0.6615763641770906,-0.9920932934460596,0.3983796126920387,-0.8199694456491566,-0.6847104632498935,-0.9963045310166805,0.5174718746694393,-0.8302424608911776,0.41286231090041237,-0.620362110477954,0.5009538669404716,0.5191206738622733,0.1470868482223746,-0.09450388114132413,-0.5967677013301522,0.257408219332689,-0.9605008181385708,-0.5169514923581366,-0.0008066172719578546,0.1352655853249547,0.7475870770952808,-0.4580207676512855,-0.7177465778203775,0.7702441380747178,0.85320907487367,-0.8190594044821509,-0.05724263592567258,-0.978749458808752,-0.6716243382398019,0.6690536810633199,0.10110403633331466,0.013551218504502138,-0.25173300981118696,-0.15658101459158935,0.5953030086169058,0.4675541625240729,0.399970126743902,0.826356384000577,-0.6803761781747204,-0.585724148147573,-0.9342301101542605,0.8872915647367368,-0.9036796315753688,-0.07429954341121081,-0.6252577596226192,-0.8846670937753229,0.5548004305508636
-0.337398849381624,-0.7197607651747471,-0.4280657826807819,0.7968736071444009,0.34188351997995303,-0.8337441753092745,-0.5812202585386217,-0.23576316941341768,0.1345236723487695,-0.2500076339337902,0.5896917302756786,-0.9735990511530517,0.8877582408909361,-0.46774776558617925,0.16974533012275406,-0.1465681098953855,-0.03810017933344789,0.4132029385060805,-0.8708624776696006,0.5235760591610805,0.1802438170182017,0.802279099094533,0.5587907571865982,-0.822244676939794,-0.7845257831925088,-0.6628755629347347,0.029737497993094886,-0.8486443548127978,0.5611501234291871,0.21742160846756153,0.940165160649657,-0.6487310609774668,0.26941231629331597,0.5767806884860203,0.15220172145235122,-0.8080090981284638,0.9752109476031448,-0.37745189044135863,-0.531385036874052,-0.8019897649341013,-0.21366391096062531,0.27475322509891686,-0.5567378077027194,0.47655950740783903,0.1765394733493657,-0.9644223017031082,-0.5930293752101656,0.37814514691131196,0.14673957342325283,0.7117235474354167,0.7232623888001211,0.6883349235068299,-0.22302350489924683,-0.969209129605318,-0.9299957612970484,0.8183833188748091,-0.780683891072095,0.8439345520709349,0.7567679325127492,0.1844925092939591,0.6622936649381179,0.15098394884502908,-0.8853093782339052,0.49331710225817593
0.897937254916573,-0.10829109247905055,0.3785425080269753,0.2015796346813159,-0.08745238545024936,-0.33156081943450655,-0.716049297172825,-0.8833060053904147,-0.5391966870389593,0.06357378330264618,0.741341970910399,-0.3645687244526965,0.8726525719488532,0.10791277027511104,-0.17368272551779662,0.1650470771495589,-0.15299799967081973,0.11912536600212231,-0.2958552777835395,0.12937645000431774,-0.03375531620585415,0.8477214362785839,-0.8030834997795817,-0.18740442637327215,0.37138177585180987,0.3596350060128446,-0.9515410197881771,0.8275767040940922,0.6145976924542289,0.2531448504528411,0.6927193175636206,0.21234228814474165,0.8789142051992609,-0.3546679031139226,-0.19629933501624675,-0.48373528464441384,-0.5561901728958005,-0.5151675457665481,0.5928648193084292,0.8118783432444929,-0.9304698531035647,0.6229412559178289,0.41178753237280463,0.9753773634558243,0.2653839362299,-0.026424352698726894,-0.17963131181559344,0.3854510636935644,-0.8794113459906887,0.43846462857219803,-0.960337357158739,-0.8162325313610885,0.7315175637582412,0.5830228879863151,0.3914865012969473,-0.7907177585145948,0.5632688260979339,-0.7914166261996729,-0.3244635708861907,-0.2203055715922142,0.4359840258101655,0.40265278905271606,0.9845163552863287,-0.9266987782154499
-0.4959306992688519,0.46049120068104776,0.9894152183248228,-0.3762041092075865,-0.9214849393057345,-0.4590667239686701,0.5239323408740315,-0.5608475035701277,-0.3352559106390831,-0.20418070077302075,0.8329547439712575,0.7403895496232049,-0.9879863857145998,-0.009790646900485589,0.8500818366182739,-0.5550946591980968,-0.2874711247863988,0.3140333559301689,0.8790004416892165,-0.24461831777135012,0.00577862230855497,-0.8403035494954672,0.029582408866259957,0.409070706063867,0.9465969296296146,-0.019492455575067957,-0.3820907025763167,0.25390966148292415,0.7172434086039499,-0.6834312005615184,0.9302935980727052,-0.8478067182740188,0.8365366441836704,0.7940922205091623,-0.019435680681394896,-0.06335788324845604,-0.10546515833565762,0.15774717120052273,-0.47610891318880766,-0.9903310245493717,0.30426386717490783,0.8563101104333037,-0.24994349345808337,0.19606377172186007,-0.5956749784878446,-0.09043597419113025,0.6899929791331763,0.5648188191586261,0.42845541158423206,-0.646952113939949,-0.47798723298977386,-0.012066445346748944,0.8015412104850097,-0.7328150649840166,0.18748678542192687,0.10503503085495836,-0.8332530732922081,0.9809610327198242,-0.33765392521755655,-0.4648779985528486,-0.2809277158481971,-0.14378481775392138,0.5183770032260013,0.32318603339940455
-0.9888939834146311,0.23407697431975172,-0.7660243471651107,0.1460858095664701,0.826023912437241,0.02167627359939517,-0.40057941017218757,-0.6460160149162786,-0.8535352872690543,0.17882592139947984,0.5387560571919794,0.7993507038020897,0.2720792273776367,0.8846684280911732,-0.21009881355194926,0.3617681387146223,0.9645247977554032,0.4369250261968196,-0.06632037320072759,0.8613158964157965,-0.32551331108408155,0.5506738273064262,0.8830663328353072,-0.5892815708242742,-0.005277318278697818,0.5156615791815875,0.9545802846679421,-0.13324819432991997,-0.19343642845412323,-0.02651304139107702,-0.12870133458125266,-0.2705002608782987,0.5897425780458248,-0.4048409084579352,-0.2591179299900941,-0.39035694241288454,0.7618116165005926,-0.2478959906345275,0.30644733490790754,0.836409764247489,0.6409999944606619,-0.42283968382071846,-0.7303214530240201,-0.5003179862428109,0.7160891071877626,-0.7774968394008921,-0.2106862677204726,0.45188529734279315,-0.2242773265310627,0.02320033492999629,0.3293589656487954,0.4756802443557757,0.5651726329505038,0.5363313287455505,-0.6620949236787863,0.14713331951274444,0.17015627741731798,-0.6972977287801105,0.5258977072469211,0.8857585694744379,-0.9197449908736557,0.4261468649580107,0.3973959802179059,0.5522483270754976
-0.2833795329655229,-0.6506371748298663,-0.8873476614947069,-0.8593105707911746,-0.9470784798872176,-0.42666377476275397,0.0007120359429142464,0.3749500370550165,0.9307887798891601,0.5511963056236551,-0.921260100908545,0.9389854827850022,-0.8653560206593591,0.031695533733580694,-0.5855168509326394,-0.9437126975717101,-0.43618489200285526,-0.6595853932151048,-0.4290775005362608,0.05277653405272753,-0.13821178233800357,0.32119593107651423,-0.12992520560987653,-0.11390031914758447,0.2946447656773441,-0.6504223120411341,0.388154007251422,0.9059694264245612,0.11070368379961804,-0.5344071677689508,0.9205314370456514,-0.30706218458674184,0.5053271193153412,0.13032016098930388,0.1835451396960981,-0.7801672814390275,-0.32600323671698406,0.46197619027209136,-0.8524078042282281,-0.871795344757504,-0.6817420245186614,-0.6374733888318787,0.9526644003431481,0.486350459789213,0.139156276636335,-0.08153603993478797,0.7091379529760216,0.11235192612723366,0.12415386094598224,-0.3246516790127367,0.5899252563236594,-0.30580849666352616,-0.1324086114138665,-0.7128644722746738,0.1280129166931807,-0.7707567225677787,0.044172122534234415,0.8821085887978521,-0.21248507193525001,-0.3514361315516401,0.6590566896880536,-0.9736527671765283,0.49536794590729416,-0.46212812366156086
0.8580563845451434,0.5969093102325658,0.5946405483724795,0.24549871931167755,0.6605586231902554,-0.223460921169375,-0.9644024633870543,-0.20891867961024824,-0.46435271921994903,-0.5363474893259126,-0.3439227377794287,0.922870446096284,-0.11899265590068486,-0.004567311377862371,-0.349443144029544,0.3018785829307584,0.7414051664488026,-0.4381505933705878,-0.3104652237061585,0.1278674592475142,0.03297358101929482,-0.732063177495111,-0.9879999704118216,0.2889016516556373,0.32367503583637225,-0.3126500829936747,0.48911008296915104,-0.22381652327763502,-0.47031198535589214,0.42037476538421004,0.7454173308420213,-0.12423405566114187,-0.11381120601271477,0.5027015476539878,-0.7438017587806631,-0.5357710608439268,0.8533122333620196,-0.3790406562533579,-0.3852743921554549,-0.8022132772224599,0.11160795072325747,0.16253788640731068,0.9425070136624853,0.35354500971169833,-0.2792913665432133,0.5723989349739023,0.0686976773422261,-0.8649126864694658,0.47672744170305914,0.6433294879150193,-0.7778523085913269,0.5523647287570934,-0.24288096501233247,-0.5517053021689389,0.3565149165166983,-0.16570782431082787,-0.31711398016373926,0.050762233971323845,-0.019081765077188617,-0.5468077702528777,0.8114018683239699,-0.5733216017935683,0.2834854025510758,-0.5955616476375196
-0.08836207255644557,-0.4632667565953599,-0.28803063286263875,0.8652674443019761,0.7968771091122007,0.5281974544745713,-0.0625768954456658,0.07235558072583581,0.7948754774633446,0.7361661586880854,-0.18997383672651158,0.5290468442124447,-0.8548527534679011,-0.002282013519230963,-0.3158862895544903,-0.5432359890239196,0.844531281393792,0.26356005027558993,0.6012839601244679,-0.2803715195585146,-0.21699632736487762,-0.16593912911785158,0.8296309106568767,-0.2956241111844049,0.49670828169346826,-0.26806604066038076,-0.10661817864738093,-0.9396215625009676,0.5784542809983144,0.09434063042275742,-0.9968865212249116,-0.6656115990664253,0.9379948630462454,-0.4475271410271595,0.7769153478317532,0.18809342789782701,-0.06748957920212018,-0.47994423887610305,0.42208201785322386,-0.6167941676417696,0.48024049088365106,-0.5434556617457953,0.11264968356150962,0.7229496356816534,-0.5027513226747877,-0.38095192061009286,-0.12342161464473578,-0.01752030980063246,0.10458231212055957,-0.1829842092046292,0.6686712534365336,0.2675572020077155,0.14504317382608822,-0.721884698356577,0.7493284624172876,0.8741372890942616,0.9373638571410521,0.6774222591411003,0.3505432932281227,0.25945898318556004,-0.4280497682171329,-0.7399925832374119,0.06187667495836524,-0.8951643589690117
0.686623243216459,0.8385441492837375,-0.8762344887209386,-0.45400716457380286,-0.9593958733920591,-0.960158089515339,-0.10558467742632871,-0.8340630850550501,-0.8886847487858318,0.015634022735343978,0.8676647401620259,0.29954740302756777,0.3888520211064317,0.9582987884752356,-0.39254579009119817,-0.5050216658844096,0.4443018177734994,-0.3962036727525009,0.09981695904928234,0.41360808628870016,-0.7904705239319794,-0.5012155610525246,0.19284514240597317,-0.7203418313307033,0.6535116159440091,0.5234765583401715,0.6541231694491731,-0.9383254645743837,-0.9818628026541689,0.2782625385123503,-0.0635254341018543,-0.4291703007414083,-0.32068794651907706,-0.09649424453863609,0.9195951387642765,-0.5654074581087163,0.32278496083607955,-0.718064349077139,-0.922855056000873,0.06891832818472654,0.9501992557165457,-0.2624990092792443,0.7169526022452346,0.9865902971927971,-0.6299736776476985,-0.25133913825276166,0.1517968520035844,0.744665557980156,0.06139516282512747,-0.5673179906423365,-0.3432056688621581,0.8724577967014444,-0.7871445622667841,-0.17863245707994313,0.9497466701344484,0.1859979265723981,0.5910000661390014,-0.9145034248373649,-0.0536683300176628,0.40288278746223694,0.4109695768056154,0.07788069017143173,0.5014435536659996,0.12510949732869503
-0.39724998643664855,-0.29351608168414667,0.8611616874590085,-0.26778687025814674,-0.6694981366431902,0.4967800328190104,-0.9092182996718918,-0.15465212500680803,0.06978981345243884,0.7495504542311455,0.7421826374720393,0.4867966235834664,0.004694378617636108,0.022563191274320493,0.38752564897990194,0.05486024805255796,0.5128139699224139,-0.9979535397853092,0.9452742401958767,-0.433351256644277,0.8023829769449011,-0.6339569188547183,0.6462950611598335,-0.6062094140110008,0.30197776575931856,0.1782853897605159,-0.6191666392694295,-0.04578601156797668,0.33069939858948794,0.48044525708399743,-0.4557515986472531,0.9638582941593068,-0.3359671126294852,-0.42910368863683956,0.2755005407818387,-0.13383536596683543,0.9760385937181832,-0.7444665021809969,-0.4711826290565768,0.8618900175725548,0.04914980471827057,0.6674126376651854,-0.6989652351467097,-0.8740160484026116,-0.8388791844177137,0.42904660892545343,-0.8192752551833635,0.5582356943987066,0.9372510749313405,0.43414984371589194,-0.6803568662826704,-0.4381085680632506,0.013086109094927245,-0.15621185198063525,-0.613617025608546,-0.8298879142092177,-0.07492838692565917,0.29414376927881336,0.5204775547892158,0.9621614846075155,0.15470997240596618,0.87154164644571,-0.653290179879654,-0.5068538863301035
-0.08051640286190875,-0.37806498345820216,0.22398258018615969,0.8020986907579488,0.2773868504837904,-0.4265617301693885,-0.09517580996078889,0.05366494382932374,-0.17328835633170225,0.7196458045657539,-0.020377695508272176,-0.4209574185660676,0.951566690334495,0.6570515130592784,0.8282755119647998,-0.5221214761804576,0.7732528316966731,-0.6233872315106672,0.8144228054638354,0.19811245521468912,-0.3488559977922354,0.013824767546853245,-0.6049546160542226,-0.36944877471850157,-0.6926835546022962,-0.485735335428243,0.6804538934710869,-0.12296772342440287,-0.930067192155555,-0.9655706705738769,0.9808007562152754,-0.8516774122127628,0.9157039684959816,0.2578894942971648,-0.6962309785229233,0.9757758395482381,0.05513220205759084,0.17345704331124678,-0.8202925940918788,0.48011592645613876,0.5007565984248223,0.8714820181297629,-0.7741068171241356,0.11512577402541391,-0.49555292028440734,0.20871222832419112,-0.2206484646618223,-0.8219080137447343,0.7143621100967763,-0.9328626440936061,-0.47722797744344936,-0.9466267502271535,-0.7876421443425261,-0.6765544045861116,0.8200521472965534,0.2884655850343747,0.0065938215533041244,0.26946281312342646,-0.22586193143809918,0.41161993665153407,0.01288234790478393,-0.8693987404272234,-0.447351516925782,0.02218255775719813
-0.4537161864580428,0.5342998579815506,0.5216893077387623,0.7975099916460302,-0.8997087398085055,-0.7058166576452449,-0.5980639992972361,0.31571883109767684,-0.7082649881346215,0.9692977416498776,-0.5235375972551752,-0.04329637061852987,-0.31691544303151997,-0.5685054381248248,0.12806385229019268,-0.9456959370804532,-0.5090491203502892,0.7703666600780097,-0.6770881451587487,-0.5024339781758003,-0.07102411880109605,0.7252483746339142,-0.3199304481921368,0.6121719890307002,0.4434002191900883,0.058251780283594234,-0.10817227979377297,-0.3601272607899695,0.8952574279256871,0.46102834750828237,0.3622731004653579,-0.8720330204148699,0.13877772153881596,0.12460404368403322,-0.46205464072145874,-0.030644942108817297,0.3818738597519944,-0.9248195133320303,0.9597259392968167,-0.18486922958815954,0.14690567474047467,-0.4355271874625073,-0.9074091611144248,0.8298256166900639,-0.38094674659047545,0.8280523498655057,-0.8635172597166703,-0.3491965269149335,-0.11881225402290085,-0.14017847715407306,-0.9186666324038333,-0.6738512955256617,0.8246227675156073,0.36331519288832337,0.015781824693610114,-0.18474179085507436,0.3325816636467034,-0.46784782826513305,-0.2624381845564214,-0.6686518056464867,0.927983705695641,0.08022330174974512,0.8594420474978235,-0.9368651737505174
