-0.4712051179343859,-0.33079086035492034,-0.9900312250091481,-0.9087588315184094,-0.34488066120969196,-0.29188977802179505,0.26727482209041287,-0.10919052871844581,0.2454114237078604,-0.48934671531795737,-0.7946141360401335,-0.32007179288164367,-0.06459314961571772,-0.7627548640134312,0.17263742616700317,0.11914476133462415,-0.49725502232724916,0.49443066585146567,0.17848592160168164,0.18632440572900322,-0.3261727858708703,-0.5962232487305825,0.4200817057904478,0.13172431047946387,0.17918706447599209,-0.05308711956469314,-0.275165976878041,0.10600222524234404,-0.6635803303087622,-0.528226887551261,-0.5026580787797175,-0.4780025952024298,-0.05328889199272813,-0.6247564278493449,-0.2057195421063036,-0.47447744722555196,0.7807659565951688,0.15443329802406902,0.5580987353150244,0.23976758591401182,0.13069546501642093,0.07074569060527325,-0.20310746987771222,0.48498064416179143,0.9478294764415129,0.6724276015005777,0.22481855515115123,-0.41639256171397965,-0.9809544053203223,0.7732564830493853,-0.017624139304971642,-0.7989890496074441,-0.9582827261149511,0.41802693025242377,0.6493602531634546,-0.44244734303890687,0.48896969018063596,-0.9728616578787288,-0.6493769549103967,0.018944311313430884,-0.969280112830958,0.8435360069715827,0.377249255009513,0.5161953022102433
0.4484063545531545,0.43388824800175363,-0.27535194161259535,0.597222404500054,0.010994149723412505,-0.12170103807664567,0.879731417434364,0.9188989698924106,0.01030775559540964,0.7218730824801769,-0.5151454785893097,-0.11165438114369497,0.3990718325226479,-0.0046501344741598505,0.4211802403285765,0.5521806930743121,0.2698692084977845,-0.8997980090547075,0.711923909722112,0.9501120313467255,-0.05044881452980898,-0.5163355697919574,-0.33463819337811396,-0.6985388455454922,-0.7078268441048685,0.17633661361061348,0.3877604193129647,0.4502671374526954,-0.35778951550838545,0.6336632734435834,-0.772267894851929,-0.7926575358996537,0.6900662149546231,0.10510310721770888,-0.31957375234798313,0.8995502008495238,0.351557915425861,0.353246656429794,0.8238883551892731,0.4424616581138301,-0.8732307440882772,0.644382670239674,0.09545047542806318,-0.3555057575662215,0.09531811017674241,0.47430284633053477,0.7829897888546087,-0.7092719719697069,-0.7500073413348771,-0.9632593800300848,-0.21378426924260086,0.3493986709508119,-0.12295078822151329,0.20958987814163477,-0.12932505459122412,-0.6264485843740089,-0.9099366629565315,-0.6202670381313291,-0.3889888062184368,0.864318564511829,0.21745949006130272,-0.6702881144059187,-0.7963541759487749,0.42192124067567915
-0.25845373749145306,-0.3961468079777044,-0.06676308743991188,-0.25364183408785257,-0.9643857173789392,-0.543432451701285,-0.6277235710045923,0.34689720437756755,0.9117422774816661,-0.4381857071732329,0.5440509657166179,0.10117405282189207,0.4038735405874341,0.9141595764246975,-0.5041092250649317,0.6235098296847128,0.98562744613792,0.8356946272872166,0.7674856475246616,-0.6607488095831702,-0.9956577532291946,0.8358094211089506,-0.42382020028880896,-0.7391790813410746,-0.31743453945546984,-0.6409872591164807,0.740006749493701,-0.039856876109184425,-0.09522523288089868,-0.05836629102411872,-0.6726088107322101,-0.9586091548039624,-0.3610871481294866,0.1872786603398211,-0.6517496904770521,-0.9728160026405324,0.6563425061262202,-0.49247195122215803,0.25153612383911983,0.4493587802373409,-0.7287335995467124,-0.03894211394739733,0.877620773748472,-0.6318704761989062,-0.576101502034432,0.6772954915843561,-0.6760334781000334,-0.7819087506240128,0.8573734520786795,-0.4749264112066278,-0.5687968488888424,0.6717553849924149,-0.5139784121083386,0.9841880730160193,-0.22268624326573438,-0.9905236231159427,-0.011800722100807404,0.07125256560281068,0.4295062285068807,0.0270107398954591,-0.6693528856609032,0.5101444818640997,0.5500666311989264,-0.19531119773462113
-0.3839735830542188,0.8444786034013749,0.39113237657838895,-0.89891865880978,0.05887844568846501,-0.15633129466674767,0.943338735197546,-0.7411429997926717,-0.211510272620697,-0.35800996663303986,-0.7860322108161419,0.17749227797031097,-0.526773313903093,0.4083072145453519,-0.8224156656337898,0.32107521220771496,-0.8968344423968833,0.3785254716559403,-0.9041046043379521,-0.05656554835730132,-0.5497026195116947,-0.87873105227618,-0.017168009871251444,-0.4670046154666736,-0.7802783717111716,0.5392895409162335,0.5607751889114838,-0.8432977413773322,-0.3312431977181649,-0.24202130908833785,-0.3819531636784457,-0.9894713399307953,-0.10276287368617787,-0.3806510607631928,-0.724957199965556,0.21029036826462422,-0.16026943086811984,0.6748006383067358,-0.03515450141587362,-0.7627972334641822,0.8813840124382266,0.451417728839403,0.7282729993658636,-0.1794344025192418,-0.7867898343142297,-0.8585895894765299,0.6713400338935331,0.15588769354160426,0.4173886987189279,-0.10634986935607804,-0.5096946038219186,0.0029417516187804083,0.19058426783011773,-0.018711400253765165,0.2602900270595123,0.47211440657572723,-0.785712243716503,-0.46037577309361355,0.7047108374366062,0.13852650665018795,-0.8683141855842744,0.4284889367678544,-0.81863504819215,-0.8568076042676533
0.489514763269455,-0.7091231604746484,-0.434622015106257,0.6364345159655989,0.5027960873477553,-0.8469761817635866,0.33720364066125863,0.6121290811684497,-0.05627767426565522,0.37026762298149096,-0.11269712490644723,-0.35581118816236756,-0.0972592056922219,-1.079320861609542,-0.9105270737693207,-0.22999856550527298,-0.21393669471111987,-0.1575521025040303,0.22844374634125786,-0.6165095511921486,-0.3119087994890577,-0.3759398882854297,-0.504556835152346,0.9609279371252775,-0.34625189322981,-0.5790121496759126,0.1090662901711692,0.28802668255210784,0.24343939494476818,0.7159802093493672,-0.10106264339010607,0.09493668018437273,-0.7647372944725184,0.9588838378101914,-0.468492261839502,0.4696333251533198,0.004454477262495482,-0.11333148351327726,0.316453922941456,0.1668351294786572,0.2920762398570049,0.8978609987846768,-0.8697359471018644,0.05032337684396615,0.5073173032962321,0.21314717290157326,0.01435236920154348,0.5019848183259072,0.10581011471072954,0.9976337824012087,0.21525360933273352,-0.09476652957655296,-0.21896222409861887,-0.2750670523610381,0.8359165640976853,-0.21185197002643918,-0.0465319274968341,-0.6695832145834573,0.3789405052602306,0.30455386041042076,-0.7366733768176952,-0.6761678223710139,0.8660183237702228,-0.4421343454558979
-0.2225399455671242,0.860546019349665,-0.48342973970928105,0.1933985626801913,-0.3422716090614768,-0.07421319774535462,-0.5380642716596951,0.4807902256737193,-0.801245613281317,0.8591851534999857,-0.2184559101712671,0.42905282907853315,0.10297818416409754,-0.196699010665907,0.7300702989221706,0.6008212967712456,-0.325103013887323,0.09901625620093268,-0.5408041846336722,-0.6972957877668593,-0.4775367730948814,0.9328839676893037,0.3717561717942499,-0.7547312777408737,-0.416322163139661,0.18021311466012802,0.5918863103511172,-0.9845180868560979,-0.07148983495298822,-0.7792379578108162,-0.7583840556352981,0.2251589185467744,-0.39025803172911466,-0.5231023023735288,-0.4618090667799306,0.4253973751763831,-0.09578709993173629,0.9772991027536766,0.9805659300222895,-0.3941202896550542,0.02425649633640936,0.20409263957150237,-0.22350003480472425,-0.48841294342170216,0.3369672668904178,0.5590206404315308,0.9634133690136844,0.7376980341677557,-0.9748594802233101,0.6999955297285592,0.1270896309107581,0.15991913863750185,-0.18308550131604906,-0.9757456674614338,-0.11039538141840688,-0.7846495360170127,0.7471096313155705,0.3163687816812282,-0.5516496831947015,-0.08311504916249168,-0.7142718974394413,-0.6808803108947374,-0.11509605332260398,-0.4737638700473148
-0.8920267208194699,0.6543451927983905,0.47841153020022986,-0.6615690900999573,-0.3291923952330085,0.05767135633647258,-0.6854961185802315,-0.6274901084784033,-0.33705686609062613,-0.5785299798420542,0.1002857631891132,0.8455388791008032,0.028457566314632476,0.6802521349681463,-0.013416979818519525,0.7755671588618449,0.060767384190015594,-0.6523349549237576,0.9929715335236231,0.8367657502701162,-0.21403267292307326,-0.2981715635680635,-0.33979850825160063,-0.47856400578459013,-0.6511409046039354,-0.913584262545093,0.9203929593537239,0.3119298798521275,-0.84985409577111,0.8558370804325461,0.9456159477039938,-0.6937100560052907,0.850759366325041,-0.8148809076294137,0.22636430483392767,-0.22501710009551568,-0.9571999823553976,-0.9939225480302363,0.9540537969844287,0.3331739246265051,-0.608332953739048,-0.024727254772900498,0.2707219469770441,0.2838804531820003,0.6410498815144443,-0.18027989332689875,0.4844904538949939,0.242774520528672,-0.3323677923220618,-0.9261942282428304,0.9958445065696393,0.32359856996253367,0.7241738093955936,-0.4165329122572934,0.9741139191499213,0.6105483917884609,-0.9209776127731739,0.5392008868044265,0.5925138237297944,0.028432934328939563,-0.9746069795817021,0.01690963495670772,0.09193763719575254,0.8671489203582865
0.8878027532003154,-0.3434540393879386,0.9753383648182683,0.6163597198300368,0.7756798895520967,0.5366952161119791,-0.8320870034281862,-0.37214662679156363,0.032841595679284685,-0.6731110629744519,0.22629470482584457,-0.9814361536673588,-0.9034088810505854,0.09661203907824589,0.9714491106966778,-0.12545600197757034,0.6030727532393498,-0.5191642662784881,-0.3127079610825765,-0.02535570699304457,0.9990560166632367,-0.22832121348775303,0.45303387548312624,-0.17739188842224607,-0.540113283612526,0.5316837028892747,0.4972477955846222,-0.6270894647081606,0.17405986577134658,0.4616941913332895,-0.7750560228996626,0.8729408753478722,0.6294801854395988,0.19554056870132208,-0.7661507326075008,-0.7142020284209096,-0.7140318820912364,0.36734839251442475,0.3495229538517193,0.46574538852825165,0.40352727032161284,-0.6231540300537324,0.7739162411406972,0.10074861407126723,-0.9650717390099304,0.6946380260917275,-0.691764881858576,-0.7814878865831376,-0.24963203418497892,-0.4160589838526385,0.01564395323755985,0.3377232212047774,-0.22972871061980293,0.3677752064060953,-0.7379397740832343,0.15253369312133036,0.5382411224880959,0.9714404718427878,0.8120871606114026,-0.5773143102804721,-0.878884851059061,0.6807837492420399,-0.007041275807748271,-0.11098927262840141
-0.6873091247359462,0.8312779035992539,0.22038969619497029,0.7342118233596071,-0.3994993529066464,-0.1795404793416555,-0.2775184761896303,-0.9108768597010921,-0.8761037677312529,0.4418875939701934,0.5416188128566961,-0.8696499946491032,0.03511124016045031,0.501879170511065,0.2622337687569001,-0.9641444874799181,-0.21312979310858626,0.1752898648260971,-0.1901824411794304,-0.010795450695744613,-0.8841761292682513,-0.569388294045788,0.8345052388422123,0.41776405211751677,-0.9295209191528,-0.17792833955583176,-0.5723376552154875,0.9844450129873497,-0.980474023749889,0.628824332252901,-0.7621554005254572,-0.3395018623235373,0.8218995653089352,0.10188376941189126,-0.11885555196401554,0.8721343620423234,0.3772887933209004,0.11362598216983444,-0.9480106559758488,0.3014686494983756,-0.1604913719579184,0.8807235194937231,0.7243589266471522,-0.6051029862078854,-0.21496786061707418,-0.9397539553698935,-0.7437190218724343,0.2822103687280739,-0.5674845194760161,0.11352505646497635,0.4508372368093174,-0.6272861495496336,-0.2970895758651366,0.3632763959812031,0.8228992307263225,0.31984522861364884,-0.9743924585375416,-0.8330196592763841,0.9851076289409058,-0.5451375626533053,0.7612850719305564,0.940204000316651,0.4279160648537763,0.4779624999148384
-0.364579684070939,-0.4939860603578643,-0.018189184483695886,-0.19982330893593026,0.7131010567017189,-0.764634773313881,0.031490512891166444,0.31928502625498045,0.3777874040267608,0.4665811301400169,0.07709925942530904,-0.6835001122105933,-0.3407303875704304,0.3899503841179741,-0.6186269970748264,-0.5399545230424736,-0.2597487501632709,-0.9581353198022287,0.9861534075357821,0.887716593117513,0.884815921873237,-0.9649267333027747,-0.6602451384403338,-0.242670947396036,-0.3388105846549627,-0.5810415809359746,-0.8583051897570844,0.77064875496732,-0.5381249575891836,0.7096850140169058,-0.33029037493998903,0.14263504279176575,0.6154077825668036,-0.6933344706876277,0.8357648825507704,-0.2546519439206054,-0.7779944021227712,-0.1039744252409398,0.8854153890928511,-0.012240537068169743,0.10530109381130326,0.8115198089952567,0.24025933426135104,-0.38843347363738356,-0.7608834666208377,-0.4059594018606292,-0.6604722770978395,-0.18328213026939189,0.5732058043507198,0.30184353917305673,0.6630247535096938,0.9224112575639323,-0.104115814606064,0.24402843415517372,-0.03070625310357733,0.21955791127801394,0.8131866950359121,0.8599784223091052,-0.9972091672618559,0.9901884044271203,-0.37607834886795355,-0.7205086209365195,-0.19363653469522468,0.06468511565317092
-0.6294989412879928,-0.3840164445118517,0.03159888980039893,0.895747670014656,-0.7753712382358626,0.4749444644052312,0.7102022008520759,0.8300830838573316,0.8315230014762125,-0.7621995381749787,-0.07933312735971576,-0.0013784664596310225,-0.57986048500686,-0.07836102905861808,-0.6176759226030206,0.2069283974506726,-0.24942103208939748,0.9334842928276927,0.7719923651560887,0.23084232419876893,0.8451858850321152,-0.4236276035361579,0.5578584974077494,0.11364749277703323,0.5030295097954633,0.5562377098395956,-0.7872436506271476,-0.588632239013297,-0.3086231213948627,0.6637246000379777,-0.9811874545938295,0.23298241729829905,0.09936074723757504,-0.7440791748882492,-0.14039667742650597,0.6598854585983978,-0.6466960871068217,-0.5405817023597141,-0.4526565744086799,0.5240320551495514,-0.8471998431596282,0.35676629371195157,-0.21210999493727956,-0.5254163252595738,-0.09649999369315188,-0.3642066766865042,-0.6569528670844211,0.7376021983981906,0.44780285856804647,0.94567373589594,-0.773011893081357,0.953260134344303,-0.9132878335603944,0.2433545339140577,-0.15304292043117695,0.2994441936194303,-0.8609788660365494,-0.3594038042762042,-0.6417216569011068,-0.07427741358044915,0.572243688840661,0.7764822160558871,-0.947488991850435,-0.13022659044581864
0.0742428768834067,-0.5413478467039339,-0.39220569061800936,-0.29719279379118735,-0.5757635273552812,-0.7723244037399128,0.37920043085588717,-0.6565632027036872,-0.9134887950432942,0.7055424042033618,-0.7191287477177106,-0.9515606373229697,-0.3397449272784958,0.8054624318879176,-0.7789795206108083,-0.577171574351979,-0.5957430724564088,-0.9008273906432187,0.3198405506176001,-0.7305787735831075,-0.8552291968529797,-0.032183405303356505,-0.900457270025619,-0.0801683347321549,0.7251038170305939,-0.8412027180453263,0.8549971544606874,-0.22345423856822944,0.3527148896438148,0.8738187553872516,-0.5539929768432859,-0.23310969802946135,-0.2656724871647984,-0.04749635290063203,-0.37235153072315086,-0.059458777550346786,0.07931909339958465,0.030620257367313997,0.31874660222149975,0.24681919186000534,-0.7524140224401166,0.6047785620608646,-0.6134538637577389,0.6345385149841409,-0.08418547876320992,0.5548544958080148,0.7478702086350932,0.2595956575733003,-0.763115676434815,0.5093793081669884,-0.9667819917534943,0.08363099855574929,0.2830448479294527,0.9945937155784266,0.9885546797719496,0.4502225566152225,0.9697618206496379,-0.21993333117189917,0.02841054318245284,-0.8362925453445405,0.461311727673662,-0.9757468768091733,-0.25104852206272765,-0.9281188953671604
0.18199060775153542,8.215630895347381e-05,-0.5147596691697216,0.38036420873254095,-0.19436731170995425,-0.04886027041979313,-0.23417885513196968,0.48395819476901836,-0.5311466660370401,-0.008471372774426555,-0.44318308627483716,-0.7664589905614434,-0.4285972700395202,-0.011045114388445132,0.922094695689057,-0.968908673252985,-0.9847281692302359,0.9993492793708842,0.38840817481305656,-0.37719559929400437,0.3562791540178112,-0.829510952951307,-0.28529395704827687,0.6227593619893743,0.4796065330957504,-0.8854186062284717,-0.7218492669542957,0.7247508675476397,0.5509067938884702,-0.25541030232093864,-0.8498481475457937,-0.3352952481133531,0.18973953672257005,0.06272723493868892,0.6159931341393319,-0.48612156504429005,-0.41593544823519957,0.9661494092404943,0.8607382602438214,-0.10816692899912606,0.7518694493682696,-0.25471986703971883,-0.7969253330315869,-0.6566845412323044,-0.4667632430636697,0.288879669830846,0.45722078212941963,0.49917310071539145,-0.931142112139923,-0.8271420694021818,-0.45926284526165984,0.048785807640815415,0.6101011020615237,-0.7159378002251171,0.7152976991471287,-0.6901318874740128,-0.2916648512791451,0.9862937663546008,0.34715654925607886,0.35610490523457905,-0.9146369409199118,0.16077117132861285,0.800435068339977,0.12438131711659839
0.8576417562602034,-0.6032039500303696,-0.5896422847768519,0.5222152671923033,-0.1307147891258873,0.29319530715218844,-0.01680107432026512,0.49928796665866315,-0.5295559909780303,-0.5546862040480893,0.03841898209893824,0.7776212444819803,-0.7733533494689477,-0.5014424085569427,-0.5381399346560485,-0.02783941221103614,-0.9725874892947841,-0.09256629064587685,0.9532902191708676,0.35304578294801137,-1.1277515446455588,0.25780867518707207,0.38873780491891385,-0.18627164706324884,0.507092979259449,0.12302184221276313,0.28280051067467316,0.9308728176541208,0.947993672250897,-0.7205305043310843,0.6418669916231272,0.7032397279284444,0.7521102594790863,-0.8649345466218572,0.5628772569333849,0.009860191288454168,0.8772984900865424,-0.4893831409977005,-0.8401000410912864,-0.3855591652801489,-0.31607198568687855,0.06063674792617313,-0.9444906249236888,-0.10624647889406025,-0.12008636970042863,0.6372027438087504,-0.8834247621774052,-0.9172294210377945,-0.06256478066375792,-0.3445323537944234,-0.440721699885692,0.5949576477368257,-0.505044793652379,-0.8436721300665102,-0.37435672705924516,-0.6336882908027994,-0.31282566434528225,0.38249625956436395,-0.10080020664552292,0.5301104436432649,0.061713251134518865,-0.10056778466577554,-0.5931416880929534,-0.7794094175917456
0.07925247074963226,0.1343408554290788,-0.8956203083555194,0.7368358094663958,-0.6835353458988536,0.08271453877214108,0.21209364969241862,-0.6731338470599464,0.2654603068544159,-0.4679372745270267,-0.1854001018393412,0.9830978553256347,-0.1270936651269987,0.5400740425804076,-0.5715573531848599,-0.11749919714505497,-0.20917824823641684,0.8165717346796157,-0.8631983508085455,0.8639941498022152,-0.7774536105293515,-0.9226431145059619,0.07160430804016715,-0.8285104887027617,0.2758931214597937,-0.9886660953109179,-0.9329416967763613,-0.7434645281749412,-0.07032843387446741,0.9220580597962202,0.6962641598294175,0.04866924658002647,0.19060460525800105,0.9125335528306033,-0.38243205243563594,-0.7489260766550088,-0.9728780326940676,-0.4223955418388824,0.060894993080311766,-0.29146531093307626,0.33825452252793364,0.03601736480949258,-0.12877606289256516,-0.438873301891739,-0.6851772139373156,0.6087088235808915,0.24724992461777573,-0.37095135923656986,0.279464163434751,-0.9175616605353962,0.6174102112002657,-0.9670882143777457,0.7695093272718225,-0.22680604412210914,-0.6793125462665066,-0.6005839914415869,0.29123564953150494,-0.7820295874833456,-0.9970639084094695,-0.6912892046896479,-0.1350792772699938,-0.6670890240389291,-0.5529002845201159,0.9379684346286572
0.9459664819103306,0.9926332786184944,-0.253204070576982,-0.5528741313424927,0.6900515465404133,-0.25154169893122313,-0.306222287951712,0.7098061651161982,-0.7910135390932562,-0.9941105249201316,0.3175564963543187,-0.5158861857445971,-0.208558991634485,-0.28298574277218935,-0.30116644090392386,0.6254680744172163,0.4341796575772148,0.3119925106439623,0.6427162787125158,-0.031827684135218304,0.9576818025247968,-0.47957353130882385,-0.5017070316099608,-0.8465190421565576,0.32671828417525983,-0.307524719062227,0.4536600252473941,-0.4182109228360753,-0.3562404728669535,0.46792436739328,-0.5653575525537995,0.26418346025896455,0.19112262617517262,-0.45209122016555514,-0.07578131188078863,-0.037574399388873525,-0.2450222185331592,0.13359210939972743,0.9741097570628201,-0.5524300950788681,-0.9769425737095145,-0.1761132732055941,-0.6200117603678816,0.2680085091573503,-0.9807864785050278,0.5591145386650289,-0.17772959859283088,-0.5924992066413586,-0.6591333381439364,0.9397756642477859,-0.2917672031361538,-0.13468105786947993,0.9948531164633354,-0.762995372288571,0.5617600895670685,0.2093170359859826,-0.2999323572160957,-0.26506422274832375,-0.6402778436835008,0.8720242314249105,0.9972784383152598,-0.3689934267427173,-0.22889251595508164,0.5897222884286721
0.39773600761368777,-0.292274011726382,0.6696358408242862,-0.8978176498218857,0.05397594766150027,-0.08885137804585796,0.4681110104803632,-0.7604504009333097,0.7689485582859863,0.05716982652913161,0.31615478652170004,-0.7008260711082197,-0.5900426408780639,0.049427053754032224,0.5834418290479426,-0.1434296209354582,0.09168938572749052,0.44929185731870347,0.1581246278192463,-0.4464244286731469,-0.4168184945741009,-0.09881103616095799,-0.4811417844049599,0.816199820163098,0.5216899710665821,0.9142228860575805,0.7724188173814464,-0.49166654348331407,-0.1065477348881978,0.4577569220218176,-0.443094155623154,-0.7419662270727916,0.5218457564451529,-0.9713191267911079,-0.29884350648656044,-0.508664659179149,0.22192092976847366,-0.10678273517519266,0.5586576019901219,0.5784776344115192,0.9917571383113071,0.5441370432359727,0.5834000350867996,0.49353680079842,0.5242084659789876,-0.502153824203929,-0.23309046504236441,-0.49213547204763675,-0.06962890243844155,0.07037705054362409,0.07620051866596067,0.8200564395686132,-0.8701084118055957,0.12772690800786868,0.8551441650902343,-0.3051332934464013,-0.0874319150616305,-0.7345630742244489,0.8881574773955359,-0.5210140457462928,-0.6118739642464777,0.059164740136574245,-0.622586505501511,0.46129421984322194
-0.2388894882695205,0.33853060884687025,-0.06058341678155754,0.2909255400450541,0.8249192960436251,-0.6654825439931746,-0.6766118490481883,-0.4294021123151046,-0.008343473946459623,-0.6205430762438489,0.059843406859625636,0.9447696062002171,-0.04180589247289146,0.03131128206475475,0.07690213735497053,-0.4441494228907823,-0.40151869926699946,0.016023646991053964,-0.5350126260537353,-0.47021339763549985,0.5043558162053612,-0.5224845911632556,-0.11787325446060959,-0.23476852635853152,-0.09064591861551041,0.06155937044333726,0.03031941221352774,-0.46529546230054386,0.6218642520182311,-0.7324488693249833,-0.06239016176379231,-0.47844013145427056,0.03767786184423039,-0.6537520306582378,0.7349874419972993,-0.3090813228099025,-0.9760032974430246,0.8895529179711841,0.0847612897937211,-0.3237116202382291,-0.541126039748181,-0.1621642888947643,0.6448599162053066,-0.8925597344984579,-0.35669727263072826,-0.6025827087195423,0.1241058151222365,-0.39099168224690684,0.8602462693139203,0.5390618797580633,-0.4198173204773563,0.08399653971440535,-0.8201129496374149,0.8344335557290059,0.3040053561124909,-0.48669343334718707,0.5253052023782496,0.3026251288008244,0.2751741680059836,0.606258451414347,0.16257269009111042,0.6158261398500011,0.2064524726581709,-0.34805356599959536
-0.53338750198261,0.018985489132220312,-0.3147267999653427,0.3898550667588536,-0.36509226272296136,-0.47893341746657514,0.2053846886946178,-0.52318726133467,0.9167657886945166,-0.43629578367306787,-0.5753530193506937,0.3547643523687578,0.8177611846250161,-0.1336556338268704,-0.6618487184538826,0.7677800102107024,0.4040867785854627,-0.7847909324701559,0.21178805819055269,0.7480992552659786,-0.6431964569619117,-0.023984169150016887,-0.04071330983044841,0.49547732505305486,0.961161238505905,0.6600720846160291,-0.9029607608635861,-0.7571561473386912,-0.5503780450961411,0.3431097147060118,-0.9212208905510495,0.6643984277895576,0.9002112373630713,-0.2857256969145221,-0.5074190555710438,-0.252613531874033,-0.8708762318768812,0.7239990809115948,-0.9623369014278003,-0.7830529880817736,-0.4034376241879585,-0.6696698292318177,-0.6588642001184877,-0.21600688104970023,0.9896996208202258,0.1750101034813205,0.8145806731350569,0.6180639681189468,0.8985923933329449,0.8437082710052122,0.9300633259849502,0.28784722756360415,0.43374548521321343,-0.8367520741933916,0.1881521879750181,0.08221150567897006,0.5228661427073324,0.1591642183994484,0.8214642178012632,0.37723550734648326,-0.7014256835194967,0.43788878106359297,0.8365118507618514,0.05446139534723615
0.4609578836940751,-0.6032848029284739,-0.586687950466491,0.013856298318575933,0.20896304404050614,-0.2145281188787418,-0.302492326552789,-0.14334103067284332,0.3599739585576265,0.8280925273706445,-0.11310732853577532,0.6350387701452272,-0.11051809299283444,-0.05254050845950231,0.42744462581583575,0.13081533916573895,0.03275531609908988,-0.20754495630273184,-0.8491215671308732,-0.52181581843599,0.8228023812567848,-0.42260021488220256,-0.18263267464580624,0.18293894650855091,-0.30495499646169,0.8784680545298225,0.3129103073570947,-0.19252101988134052,0.7778364928292201,-0.47144664651169976,0.7327861788666257,0.7176745544364349,0.8707264420277214,-0.1532273046097532,-0.6029315278274339,-0.3595379378624213,-0.5567197969583915,-0.5309517145979248,0.43601874301288857,-0.8196703453073286,-0.6037858026237366,-0.3119377271172683,-0.4300413624116841,0.678371414058256,-0.5212845343100185,0.9817957149843928,-0.7973910279673126,0.6198814702214448,0.9201776971881817,-0.35978084512294095,0.8779477458219944,0.14124009561630113,0.7666668983286085,0.960533778217407,-0.4455023387365211,0.7399241947390907,0.7787312439042173,-0.1826305826444785,-0.96924961563628,-0.5231868335090737,0.03816115135831022,-0.8630237487284307,0.9340649085962225,0.6367561738997047
0.5933717169434236,0.4745812146134796,-0.2765419611213846,0.8982485163604477,-0.4472597467934971,0.526757831033966,-0.42498985721597693,0.29496971790329907,0.7552541006474189,-0.36997263688318993,-0.824901090351857,0.5333159034825796,0.8870946859696067,0.08661747399528452,0.027439242331385394,0.8883585232363957,0.3944855705727637,0.25538099295287875,-0.06958681320820825,-0.42049484353101074,0.13336562669549235,0.20609599649491916,-0.22879117189682008,0.6472331019385964,0.1364420434635707,0.9669863093389064,-0.15194158431031624,0.877994616260757,-0.9697845137151915,-0.6653773466204813,0.20085388584342878,-0.7539914453479226,0.04641927437158433,0.8714784184529698,0.22144212437278843,0.2834893708947337,0.47718329939307,0.040112672953503736,0.7650320307154121,-0.9368761581790648,0.6584621375262771,-0.6710939482520064,-0.34585182826916383,-0.27371438491643385,0.24345352285405775,-0.39708902335208407,-0.6422545621643456,-0.3382549386880698,0.3698538684156425,0.6818609026754066,0.9277162415686202,0.42353923655056036,0.8242415327156236,0.1520341991235552,0.6462937799309227,0.5726585561065212,0.9418664085733424,0.09993318460106138,-0.8536317983836994,0.6630155481992499,-0.1370366150753377,-0.11233802715282115,-0.7183209081480515,0.2648281901008931
-0.37897661948661576,-0.515106095999883,-0.6182981503351952,-0.5580898276198871,0.31671639520343997,0.2737021687199206,-0.44780507471893305,0.8684608059993224,-0.034599109589395605,0.8442154247616533,-0.880202320315767,0.8458992796169758,-0.6354734055251132,-0.24745998566030458,0.8224593586665423,-0.8364957038139791,-0.1356205505136845,-0.8340424614931568,0.5983744675328004,-0.6819476395251185,0.9584195764868539,0.8992357796832089,0.5012076108568893,0.3922120896839456,-0.6962842472765054,0.13591627603275125,0.4435540981418298,0.09440640731012118,-0.4551493630782706,-0.2891112366028512,-0.5696959210926049,-0.9660484579715105,-0.4364961115061121,-0.2561011236307573,-0.720253466209366,-0.1112284812512796,-0.8480819188136608,-0.43939986357792926,0.7948618394061995,-0.1780326726898438,0.9567611105062921,-0.9114756640229074,-0.4027927701890164,0.23292807343872246,-0.9124729489580956,0.16406495771477325,0.7650850021822222,0.14684552007667828,-0.8115120713597862,0.4605705356518799,0.8706363346660055,0.23759288320158056,0.9640422553495214,0.6171209375597726,-0.1876941317070422,-0.7758192759529954,-0.26410523764020755,0.857967497346148,-0.6743856389329677,0.40807023201894554,-0.1805547082050707,-0.32123919007791124,-0.359873091487525,0.2500021871811431
0.029393933681147955,-0.9742915763146669,0.7205374513423817,0.9949154217033771,-0.4448101323155236,0.08942876103777753,0.9204201504992198,-0.9493891117699005,0.24858963281329172,-0.42655390556638406,0.5761539193898642,-0.35641773748746597,0.6410415733953487,-0.09983751665249807,0.6394922671978285,-0.4960210993062746,0.3810938476371406,0.5751821854734427,0.2477938177439718,-0.2727676098264469,-0.16904454961013782,-0.3139089597938258,-0.5084389182189382,0.046874622098747265,-0.43115990329203835,0.6336597713442944,-0.711654292884581,0.22924221962944613,-0.13841454700148792,0.524347415884328,0.9586036378217904,0.7343199889071026,0.5453137884961383,-0.29936138207185814,0.011120896093371968,0.8901979720577158,-0.8739820036574721,0.21763918379313596,-0.002877737090954957,0.7715777575989022,0.6889051776128559,-0.6868869045654569,0.3244907869021296,0.4552210192378561,0.12638409697237574,0.9185285088301405,-0.1856111775143161,0.09118424735514497,-0.9021167818415843,0.6904910474486119,0.8326216323092441,-0.8299550788274179,-0.3130379668078769,0.10806741592151492,0.510706967671712,-0.25189641361564474,0.18226722821852248,0.2768293364786414,-0.14945264180778062,0.5710518700233804,0.20645326506994444,-0.592884986087749,0.6734927678308238,0.15535348889018596
0.6777650801583504,-0.07180854535364545,-0.7007158219966012,0.5334858175355515,-0.1298922920140939,0.6795865243353656,-0.4323371384399737,-0.283176561834793,0.8758103515553881,0.6024950654213304,-0.08890514159978302,-0.8306169895776443,0.9619347315637257,-0.8943656650668741,-0.9532006886136621,-0.6565252070697831,-0.12411776717481171,0.23654080597812133,0.14433326663349977,-0.8139986298271469,0.35864436914847864,0.3839582803986228,-0.8072816011909911,-0.26622280598954884,-0.5907277774141841,0.6773591021518275,-0.5408505346023942,0.770450117700084,-0.6290259681478116,-0.9180913708359377,0.24034983671567534,0.5394325253709267,0.10062502152005282,0.6340586763263423,0.4645664927042421,-0.6249366135967662,0.8990929658087232,-0.49524460171507423,-0.27721337431698245,-0.6424552230487519,0.7767983845390556,-0.7971044544263564,-0.6159411783219031,-0.5361395997325051,-0.06057653841205668,0.2733288304430117,0.3364079011036316,0.6752997937669962,-0.1961528501277956,0.9059744154083262,-0.8831371914902095,0.22288415417816942,0.4881569625790141,-0.45237938089389695,-0.8251700358372591,-0.6665414094329503,0.3979318091490742,-0.16386630405939928,-0.4115860951553174,0.6197715463212026,0.0352051520168597,-0.5231320152489476,0.44817433934877293,0.2201466141386803
-0.77921439017046,0.7093840411006818,0.43414539603073465,-0.6121136120240009,-0.41345152651044015,-0.00296405704522984,-0.4878120332741418,-0.6920473887533978,-0.3993536093162442,-0.7392318426551248,0.3084752795714518,-0.7251187121127807,0.7248883045152925,-0.08300390266519253,0.365434049145853,0.09520188320904577,0.61062043962823,-0.24781435271934527,0.5796712522652134,0.3968326868702752,-0.4847279768713826,0.5859266103223231,0.5863517329649386,0.38835630114110153,-0.6485408265176611,0.37200136821925933,0.8037229703578379,0.8019283839419524,-0.051531912191020934,0.39944378294910665,0.6969565155850788,-0.3254093586171747,0.5745070193663089,-0.04104770650898626,0.3196028689586079,-0.21255677923902683,-0.9678029786285878,-0.5787090193893467,0.3004510558230906,-0.738920472453557,-0.4348049403633778,0.2054429896835448,0.6615975805635921,0.9995845484375363,0.6259750112599001,-0.6781448921198059,-0.6149901736720533,0.47969646340401995,-0.054464019809677744,0.3733340013640343,-0.5084746309074784,0.25578654004990486,-0.6054651607226058,-0.30503637998059796,-0.6598351714417021,0.5268199408382588,0.5159337771853427,-0.5719586379409618,-0.3990958229333259,0.8729912547024177,0.4654417901307826,-0.3130252598652612,-0.2920004472379081,0.07947277568971978
-0.49263098768620694,0.8249787331984886,-0.498826400166247,-0.7422406389335855,0.38284737722893825,-0.5439178124741662,0.645154155529466,0.7069575926331471,0.28288837551440915,0.45195633345755915,0.7466555376893396,0.25295413963115965,-0.4453482342125712,-0.7556054446037126,-0.25241662167136547,-0.43472675899559743,0.43825000745456255,0.5935793843684505,-0.6946234404661398,-0.1930856323656951,0.02068460128891636,0.10651676387562703,-0.9178697947565058,-0.037039927115941396,0.23438631574250435,-0.7936152308274844,0.7600490073637673,0.5601823791083478,0.5281107779873093,0.5938811650737148,-0.3414308582386809,-0.9442955962825137,-0.7690019150292502,0.7028594898782468,0.5017618782620941,0.7687749913039692,-0.005145141771334627,-0.8985719520471827,0.11699980046101621,-0.31028560988910026,0.25524211235237226,-0.2959842968575994,0.12718277523521682,0.8603490248092227,0.9366705446627797,-0.01243264559335544,-0.011104562635781856,0.7787431205974567,0.01062096902230003,0.16777671706971775,0.7359623425575814,-0.2852726876490581,0.41826553399944344,0.9484859909148544,0.5166634157040633,0.06174738723802209,0.4084552843919942,0.8054710700080405,-0.7740786304948368,0.6860616415699095,-0.7911575488419409,-0.9114143235138141,0.11593045316072237,-0.8384822969059536
-0.9424121455721282,0.9259136725615402,-0.5713425506849721,0.8314107147653931,0.493699304586277,-0.31250733309770506,-0.3550405092379376,0.4817931656226344,-0.7579199797267984,0.3226410091137135,-0.8979221631116159,-0.2645789548109685,0.8272141696357707,0.014383912346185967,0.15562989935843907,0.3455584270984591,0.1651829114848402,0.3228770983788254,-0.9695273066028309,-0.6291928358714953,-0.5752146192794081,-0.7150612594147117,-0.6180112930949462,-0.05293354668579964,0.46705552014837926,-0.4847651560074109,0.21447057474056308,0.4955281961301701,-0.5899584660910695,-0.9760088103578739,-0.6458086128838663,-0.2945714028623794,-0.21155889482739276,-0.6467585278401868,0.4383473897596488,0.8057357872355053,-0.9113630970182829,-0.8923742215000008,0.9359899090474699,0.47583943632102477,-0.08435520552053566,0.2977132768550743,0.338590820964936,0.38836188690571083,-0.45921861065310665,0.47176627575437013,-0.22013339961265066,0.3487059763419418,0.554197756086269,-0.5997629747339102,-0.8146264533719758,0.348914090266492,0.2569444855024998,0.9638259754041629,-0.2856524266619642,-0.2554684752095,-0.37009521356592234,0.5477856815813822,-0.2333189895717782,0.8592170314321388,-0.3463614044587129,0.7985143395874708,-0.29545548036406477,-0.45683824580736654
-0.8362809970214975,0.25280374651721993,0.7738596049632569,-0.73694046688078,0.32285464416550624,-0.3882900033956722,0.4935390465652103,0.5126572524312301,-0.46006502581659103,0.7128601056130857,0.9045621762302638,-0.8873149587211069,0.4764527991796057,0.6776752288514762,-0.9362677407854463,-0.6520797840405839,0.8808667861545014,0.42071013502430565,0.3126972272035047,0.3840163120067632,0.5585880099714817,-0.15167656441868815,-0.03959210525463375,-0.7133267102807543,-0.05380149501567044,-0.9326390486823053,0.580499420489782,-0.799387692804705,-0.9665005773602113,-0.9387211637172823,-0.9807969127872447,0.15834124189943233,0.01162668806335665,-0.7048011179398295,-0.7936533642811057,0.6489074474983412,-0.7885656412501942,0.8589525938633582,0.0927563023794753,-0.48986739339894125,0.0930304367501078,0.8798813366432483,0.5042985912264157,-0.01896311333557965,-0.23894145484616636,0.008338452625389792,0.010731440301336992,0.03552993677783567,-0.19243844581169411,0.9620909647351874,0.03233789238356599,-0.9627335811328739,0.3923720989273334,-0.37931651151249146,0.49013984509015796,-0.8206619581637995,-0.6927796457640218,0.6663332826313297,-0.15763790581932535,-0.7366431525368431,-0.3789868365436597,0.12601085146353408,-0.4812212815325534,-0.6691135134404425
0.026170548575182417,-0.5250398428359913,-0.509495570859344,-0.48507088475428306,-0.46227984187993854,-0.46066070498107514,0.10397934357233463,0.9020859955631986,0.9585101567602572,-0.8819705452053257,-0.3532588226739668,-0.2522469665161782,0.0750232082883735,-0.09249291460637377,-0.7883297328572165,-0.36678849677851333,0.9195840767767962,-0.8862978296401756,-0.46883024575474797,-0.6708512347797673,-0.12964710393558554,0.9784900419390807,0.5323210929001763,0.8974158230539548,0.5479877021184723,-0.3351782820885163,-0.8762795228560689,-0.9489607448167539,-0.5444865678927713,-0.4273006947515312,-0.5682542827657855,-0.1534435862686434,-0.8686978672158299,0.2986644132438536,-0.7366265005866037,0.8079284088874865,-0.3160908241163989,-0.8531137627372203,0.5435124695949038,-0.5139219868322187,-0.15837167072906744,-0.4611748577449395,-0.4348513155616651,-0.6688066961548955,0.9315106900628412,0.07172349479282403,0.6796407332177319,0.7629962253137892,0.0875534754517493,-0.21183513579695346,0.09948907493420589,0.7696749510492962,-0.9490624985675147,-0.07324400881683002,-0.6590964839260647,-0.967553546664967,-0.7341567975524139,0.8902887987826507,-0.44722861761968846,-0.7116593113435028,-0.12105185293936627,-0.814099825321084,-0.3597771053923089,0.36725392351602726
-0.23982157634084378,-0.9612496952569825,-0.2892511050107063,-0.8920127332612853,-0.4523484773592936,0.1297917078855264,0.9458725246681499,0.034396155356382074,-0.36384318806153493,-0.6660504348049783,-0.23085430324279677,0.6333722927466106,0.15604804123090332,0.7735221011284159,-0.38854525794324535,0.750352481541261,-0.17450971454900244,-0.8833268348266674,-0.07007263399166597,-0.3752746572887977,0.24218308660734822,-0.3374787691281358,0.8747810783980807,0.8983168291064223,-0.7591376231450555,-0.8009958405809332,0.5288846966616516,0.6639275754988572,-0.5911463127479972,-0.4078421543378037,0.2577220750347353,0.9828134565779827,0.23101806924709156,0.29106593867499764,-0.4374613204567017,0.4508699195865882,0.7605433119014657,0.3575798477090526,0.4707355595756144,0.6146580837515192,0.7142762535444642,-0.8105114085638223,0.49365101900978114,-0.8410257717540963,0.7281572960264606,-0.19711578693872744,-0.07074797111797082,-0.3284579005303583,0.6324088494550526,0.20375053806603272,-0.7798555581948212,0.9147321403994322,0.8525002205166026,-0.7351717290877571,0.9904147486198323,-0.24112850310983047,0.260513068110672,0.2631852290542105,0.19426388821695384,0.37080775357259044,-0.11071257159517867,0.9333197385259961,0.32914576948352114,0.06380352220416152
-0.4255961322673927,0.037254430116429926,0.7346158004330079,-0.8766519511260298,0.3143750755372685,0.7811939811269031,0.26376609221042235,-0.5252529354072022,0.7121063865973003,0.6675309606135016,-0.8335934930543676,-0.6212022121672982,0.8493644524246347,0.5891645721828511,0.4782655878704154,0.18928811245781385,0.013275462264164872,-0.9407241521569643,-0.3208228770270418,0.5723771984104202,-0.04683734827491959,0.29703511415847905,0.16982029747346084,-0.6283345776958424,-0.49096593275113287,0.8571630897715785,0.36624873832498817,0.3826077290315779,-0.8392770197726667,0.22286201764107583,0.4287983924042753,0.23304308747485258,0.4476035488606043,-0.15330062875479555,0.41491132066384884,0.20273338245688155,0.028073628821835506,0.8591740299321018,-0.11307497114582321,-0.23382670144532303,-0.8688697200428981,-0.8090094088354636,0.2037337797624934,0.43306341355999844,-0.17817777235642018,0.9047432192807117,-0.2571847669626337,-0.7493037387289816,-0.22766540138676072,0.4551613279481579,-0.10588017425079865,-0.7180862859962749,0.13485268822382412,0.7015298440723883,-0.2877785829150099,0.06539674499799486,-0.9908914328000871,0.11970868948585034,0.30262283970404225,-0.08012898476746289,0.07947212325858088,-0.1911441681297248,-0.49606018106372485,0.746143778920553
0.0947556539592902,0.21010072100407573,-0.6454714517279916,-0.8630030722441662,0.5208843642815171,-0.7436695143636003,-0.18854613158238087,0.9361859331643145,0.8942555747553624,-0.42823273322872124,-0.06110912515012523,0.3285503993565895,-0.40469909415170835,0.037083176240457094,0.030851895294025544,0.19320468980591188,0.4492032264270649,-0.7696311431537508,0.23058950583016213,0.18677043156380835,-0.86111489552898,-0.3985182466073216,-0.45468098785306266,0.6725514088253188,0.14335906803490417,0.45928111829632834,0.0033023859570151526,0.6604036611632098,-0.5628767418528746,-0.18233404440017953,0.022113382238497348,-0.7054891424731149,-0.2894304751392349,0.4148651835994539,0.41254120111590664,-0.05056225331319797,0.04080027627517491,-0.3559680839725188,0.4163876295554425,0.657944983498171,-0.4658273074250452,0.37937201877401105,-0.21615135820107567,0.871681436715209,0.7988945362242357,0.2411338519596571,-0.24118863177993144,-0.12370374199703371,-0.1588354958853586,0.14933201519547645,-0.0881029916933267,-0.24388616607675306,0.7149518891564774,-0.14872463401510227,-0.46745957369893953,0.5265852086532119,0.017169283124084833,0.6094042958060106,-0.5354282381054802,-0.8239342621012,-0.01486249204609158,0.9243345443263109,0.4811605805006458,0.7101239003742532
0.09185082759031182,0.8280622463279115,-0.7144397514890644,0.22015477470321376,-0.642802230370261,-0.08485733885351143,0.3757999965690175,0.6266588538867803,0.38808546076382533,-0.9202176150192025,-0.32716720196357363,-0.2986163416952774,-0.7404574982567027,-0.45716926574566785,-0.5976879352939612,0.055354568981442975,0.8604932524911872,-0.30050058119864165,-0.265162674642194,0.3020602642043592,0.020142135214843426,-0.30986326679040666,-0.14198454544791694,0.6713780148848383,0.5024102749314354,-0.27620244079602574,0.9671982913746147,0.13003671730107524,0.007864022346941058,0.7564802095546799,0.0763854058586475,0.027931638308529294,-0.49986483499729006,0.9930043467633891,-0.29799554257524186,-0.9995720205234138,-0.016468717425375257,0.30769394620263824,-0.06516437740474479,0.7043584518436348,-0.9051838794238352,-0.8592120852275664,0.23053373425400592,-0.3326449022094877,-0.7765006032728945,-0.919655557933984,0.5297573042862418,0.9747114011147697,-0.7730129825762895,0.6939809536304158,-0.04560788522966841,-0.0464103416586128,-0.9593728488284112,-0.4666665942811101,-0.34930056316815117,0.49403170807217034,0.5073159720408031,0.4230380759147707,0.664183076227923,0.7118373555056017,-0.8538312218422077,-0.8396817491829098,-0.1155172891440428,-0.6351900297557644
-0.8038290811042501,0.0638206600350435,-0.9652185897167691,0.1973041593041771,-0.4939540413910004,0.3924585576156685,0.12748301782553084,-0.2699313297633461,0.30999256664399755,-0.2875996846094837,0.753220412880443,0.42073455933989146,-0.3747187898468458,0.6386702234606796,0.7775324286903857,-0.2090726819922153,0.5935786959438076,-0.5659244744862577,0.04141683877838931,0.7419361369617696,0.3341027197309008,0.20814191377069236,0.09289637623381641,0.8873706795940932,-0.06400062057857214,-0.0773184916969758,-0.1838098036430933,-0.47236690463753983,-0.4998666738419659,0.7977585091073374,0.536513321578507,0.36920461920104564,-0.19910146966868703,-0.5315646590126271,-0.38128208034362077,-0.48876230845742574,0.515658056686668,-0.20816924503068757,0.4839660866608686,-0.6067711139253316,0.6112374515712602,-0.9908317629742347,0.7219344497555975,0.5192375879314655,-0.09072958311934709,0.38716642204668306,-0.44299004758619187,-0.11635912092631595,0.33003430178589466,-0.004299629475993605,-0.8289997346558877,-0.2408217121344891,0.1801676735383857,0.6828529593860944,0.8210910037107007,0.38979433957511556,-0.07178562885343043,-0.9509537703629976,-0.35712135868812256,-0.36505622343799127,-0.024182187676409672,0.03395338119477387,-0.5562131251356619,0.8945952260874046
-0.1486070697440005,0.5013236926340148,-0.8506677602681367,0.9493154430953785,-0.7403104671301703,-0.9946908539532913,-0.5384567425505715,-0.4029518941808543,-0.18975179004679354,0.09881265307091947,0.5405304139546583,0.6787210602990406,-0.6251195023390597,-0.27554146373060795,0.6792386882158457,-0.8765572713557053,-0.9800931062718066,-0.5145639128025548,-0.679925677831626,-0.9173587817626145,0.3541138175386933,-0.6225003766682631,-0.015815615573114172,0.39250413766459635,-0.43932010825728374,0.5526626615836701,0.6848539452121072,-0.531747909968334,0.49407975368352886,-0.788916625272212,-0.10260428561694868,0.40556863847377156,0.3377193488733037,-0.966631881880313,0.23792842915813117,-0.3876908406864441,-0.3155710782575183,0.21871939971416698,-0.32283372829829715,-0.7050730759485662,-0.025343981787712355,-0.6909458186285999,0.11585734646351642,0.5034538074654229,-0.278423849969863,0.10770588496179823,-0.48160201643172784,0.8946870035077226,-0.1727648892042708,0.43825134744284644,-0.8704607229126016,0.6069476741216175,-0.5367653682347169,0.5605065544782053,0.009275962674529126,0.776244064506918,0.7389662285461447,-0.0412525826633674,0.9018898311374204,-0.016612709751836485,-0.7252930963623483,0.23896124955244247,-0.9896546755899274,0.1328643349719112
-0.43613684775894934,-0.2732934117361896,0.7887208534360519,-0.2529886337181342,0.9241326210455418,0.04687797831224794,-0.5436756190532355,0.9153116989962751,0.3425693522098472,-0.4086678272194031,-0.06247350958342657,-0.2181043699291807,-0.8709284765725411,-0.7669339063141103,0.05287928081901594,0.9115382817343116,-0.9145496011578611,-0.06553344814729134,0.6793553627222304,0.4453240783743262,0.014622025709544406,-0.32421480861166607,-0.4640858381805595,-0.447914860411198,0.6888483147203808,-0.4885873406134773,-0.5455571014871325,0.8403562210032172,-0.09346639867079176,-0.6663152641000727,-0.6455346699296354,0.8922843696599887,0.5106546345733813,0.9726818136613331,-0.4118216401694068,0.589629539857957,0.9893959361535483,0.6349427700293231,-0.33693245031854957,-0.5042405567498804,-0.7588270610598558,0.7176982830446457,-0.25218487619763086,-0.9708210962945214,0.6594382094062985,0.15028975820959767,0.11787091973570019,-0.477170245645653,-0.6723373186718167,0.7113867877481541,-0.4900640410790247,0.135016592437049,-0.13634764354076423,0.09516914304016755,0.24835576123478798,-0.04534455946614502,-0.6392905117302343,0.9597409341345124,-0.8275793685665698,-0.5456659128132266,0.6731776974737351,-0.5837622797761501,-0.8039288764400983,0.7032036974008629
-0.7641849264991702,-0.2796765507967516,-0.346926591716463,0.9374824318493336,0.522547222846879,0.14409836216726668,0.2666459718264296,0.23705990749191552,0.8558199283989261,-0.7313945193158935,-0.0732118586058641,0.39424198754844597,0.45332987442171424,0.27762588727552395,0.09691732818538479,0.18648667333321112,0.7198272656097593,-0.902788513485079,0.7921619970232978,-0.42456797285939896,0.9313784433609149,0.06851466104073167,0.412383341646926,0.6649747561405293,0.7848862082044785,0.1931727538533572,0.058206433784751876,0.8759340328502021,0.75212341982217,0.09713836464587988,-0.5290704296773301,0.9041995619538814,-0.7112412218528295,-0.40862394890355436,-0.7313175557392586,0.02875034110725444,0.7521480004454031,0.5348806394289902,-0.5367852761634822,-0.3180746267303678,0.3261183631211835,-0.3937548304789229,0.13095940194591593,0.8581954975198887,-0.5979730255004605,-0.6661475900995386,0.5877575950686416,0.050191127771310295,0.49851790551711117,-0.22664362449185793,-0.1745909058835351,0.3293909319849506,0.5642321931804728,-0.8856803143840541,0.6957363574336715,-0.7000799428691309,0.1440344594859546,0.701168192829388,-0.012228256007460248,0.07183233000221922,-0.35043293337441717,-0.36921630461338006,0.5740750395572412,-0.21863128667922793
0.2249941466863501,0.12402008175673429,0.19177806415494514,0.21572332150261508,0.36694881427114834,0.37831681495860936,0.5143588993629766,0.4608967152636956,0.08507470997820277,0.6627899588972395,0.04762246732353259,0.1761973624884252,-0.8107818911590876,-0.07650858486497158,0.5439012039829312,-0.43173282575727967,-0.9305611393279472,0.5860649403774283,-0.1423284369474207,0.6775416940594554,0.18716500358164367,-0.6617842919614174,-0.3725705790260667,0.4110124486417457,0.3790650880731705,0.3201880554970036,0.8486912310694819,0.5327477402291574,0.9433963464225092,0.5525154219290218,0.0017042928505421884,-0.1629117337349384,0.4003586485604622,-0.924699163114179,0.6301141939749921,0.6271031201501913,0.08670796662789626,-0.06421263879207384,-0.06020386286013246,0.7960732847177889,0.3737640181495845,-0.4205943903271747,-0.7916961431024241,-0.9864085573967409,-0.7772477027808338,-0.20289871112519697,0.3436725226323163,-0.9683919201252316,-0.2938367074566226,-0.794206346056263,0.26960087609753813,-0.0736489658086672,0.33051352792708766,-0.8336052205498303,-0.11439451553710422,-0.30636239022209466,-0.010410900225006792,0.21009210077973473,-0.5737363467653287,0.29749861242001563,0.7199901756095299,-0.0533201987817411,-0.9245707663659704,-0.22402478059028308
0.5251526487667906,-0.1741666216440032,0.6784192219038399,-0.6632107288726767,-0.9085599812743401,0.771285887916686,0.5354087480247547,-0.03441073672766892,-0.8257248318603632,0.5109692548241196,0.7322995460535084,0.2705252941684566,-0.855504184892165,-0.7600075311952468,0.06504332858704309,0.016407662324936068,0.6332775033221649,0.6515606727751551,-0.816890574995695,0.36056596987814404,0.4364095497741345,0.8913312096133317,-0.37731517207684373,-0.5974915066713107,0.07904684278075114,-0.9579821063678788,0.43935792134107565,-0.0579737631126831,0.32584997849450814,-0.8621726420389935,0.156991224147089,-0.14712174233798536,-0.3059372379308032,-0.4145766592173732,0.7241958896858947,0.9388357642727518,0.5698455449604904,0.29428551380841284,0.05118305715483085,0.3648649506112511,0.31173288463039706,-0.6886421854164722,0.7029568448973695,0.5453990256027981,0.6031416122214925,0.17691744436754697,-0.4862211856251142,0.3221874908082736,-0.4668783346960945,-0.596495756300286,-0.5709706950465163,-0.6080471605650801,0.6669965874742814,0.18663210645482775,-0.3391664041377169,0.7322499797074928,-0.6387833140360282,0.5830800485659349,-0.14994621346894865,-0.7183250848170875,0.06045027737629538,0.11134507006675198,-0.9193080570735164,0.5154006465616614
-0.46978915146841826,-0.848025678737202,-0.9479410770679293,-0.5506811757805075,-0.04632758958054306,0.7762271760896855,-0.5665608472650461,-0.8270960542442363,-0.5242645428784611,-0.4472877721225954,-0.016897815563598595,0.6892010631069958,-0.8481928911577084,-0.5994488787280756,0.7074395488445713,0.0851976696453105,-0.6432162071399523,-0.15753516062803508,-0.8430555243772602,-0.6491784822097324,0.6472938191894808,0.8110710618251102,0.23413462899815185,0.5861193289143765,0.18751047652123343,-0.5064051618611718,0.5728195114633696,0.20068426430191355,-0.6601455285823115,0.8958107365136829,-0.7963567675142607,-0.8848925352684904,-0.9025150395119579,0.9755508061222622,-0.5909135462885755,0.8411323516345688,0.5928963033310675,0.8965416508691502,-0.020952022064846254,-0.8575901320428767,-0.8289614725879992,-0.7206095427446506,0.6922859046098566,-0.7046200346313134,0.6459433331910172,-0.5552674055454434,0.11640453554726693,-0.28111605927486294,0.6821654246263009,-0.022093106334577062,-0.00936969595315218,-0.37149928710358693,0.3396987808821619,0.8843034400494469,-0.8220766657490555,-0.0968559645537812,-0.9955104172127884,0.2848308982402228,-0.6728231211098874,-0.45597961199905357,0.5932407327591536,-0.9756636405431698,-0.6405767967795521,0.05803420846279428
0.8886357096353792,0.48167537278878125,0.2604048743507157,-0.7174212851567734,0.9677157831344534,-0.43748370540254644,-0.7774215511879137,0.0633807095460115,0.6673192518856381,-0.599015872474657,-0.36974932859602294,-0.5217321529081742,-0.06258974591102096,-0.09290876010950377,-0.9671520791311785,0.44376704948342116,-0.6725277341746192,0.2086546610240132,0.9339881039313804,0.6563175253469402,-0.17010332515080373,0.4597136069572021,0.8073788973826099,0.4306446751780708,0.1678550666826122,-0.34870791349542607,-0.5506747979022188,0.9557568504840244,0.9305321827822408,-0.04925482313167295,-0.12010066411809173,0.6824939879414635,-0.5524728489140354,-0.494470821825602,0.3028366810902099,0.936269403794538,-0.7332948242779838,0.029234172788039192,0.5109753340398531,-0.09926286028827924,0.40016235101482933,-0.9756230557908088,0.7323374773651523,-0.35760690367243275,-0.4553648347892909,-0.0731442445475925,-0.732147151625959,0.16249551271390206,0.7189217760288962,0.7368486390289979,-0.20572346129433838,0.31669363878608126,-0.8450319044057013,-0.43942753340559415,-0.42705131210510916,-0.3532696884116999,0.4594972305046685,0.9472256195824507,0.873287546866417,0.16822330347496162,0.030248192886786374,-0.8228496035805308,-0.9057710187800143,-0.7620887775119989
0.5968475525228956,0.04739197282250607,-0.7976091593276293,-0.02236125176418513,0.31719057538394857,0.9544010276736377,-0.8388670078119915,-0.04813826960593115,-0.8047057119342134,-0.11552221593208567,0.7455998607831034,-0.7344224960602099,0.07351909162783521,-0.6655925515321457,-0.8673883513648584,-0.20073963873441847,-0.40143671964083527,0.8433532456969504,0.23664955120735298,-0.948678902544323,-0.32347941614797104,0.10449086783106676,0.02397877263205883,-0.5192474831759535,0.7495352356799683,0.44985136013702265,0.12439306131943018,0.8790257499781322,0.2944224518719616,-0.17413201589074512,0.5292334619550059,-0.0788001262410789,-0.06066541255173119,-0.0012361957110273991,-0.674759164122612,-0.6219648267420086,-0.6944790338016742,0.4973751094184806,-0.6478995030678822,0.7147189377138476,-0.33983726832594385,-0.0027873306819041765,0.8331891156779259,-0.20260624403742677,0.35512340636714823,0.7148919026861296,0.8623849092212623,-0.2082594333850778,-0.06072992860292836,0.5260752643073008,-0.47449602097846366,0.7899956661770184,0.07403472940038758,-0.17109783374797116,-0.12807527778911654,0.17161494826495716,0.37098501463829536,0.5624018115088332,-0.10545077390843538,-0.14271055692827317,-0.4012936987030318,-0.6595091704877369,-0.14726078760383343,0.09735556160178471
0.17039632889906575,0.8517618091818937,0.8210010539622885,-0.19987610751017848,0.8067559353817664,-0.670212442168004,-0.600147739360412,-0.47109593195312316,0.5474150155055177,-0.4680668131204653,-0.2823937424974696,0.29650254815168675,-0.28255025906877296,-0.47898064587376243,-0.45084873741705356,-0.9032207105128869,0.003257740268887366,-0.06464071427222695,-0.8175053550637801,0.4896335660036437,-0.04886750483761326,-0.3423734226273045,-0.6400184711890937,0.12876176384119242,-0.16941051915835814,-0.7401684146737966,-0.6037805191154701,-0.983721265005024,0.6478343514847777,0.5003765093937398,-0.8667730576191235,0.43383828250756085,0.4520841780110467,-0.05901767767102295,-0.6293317106062186,-0.44741594037231525,-0.9010998196182909,0.3259593582146514,0.12346130267741318,0.37239148238312914,0.442667480133873,0.8103268847523677,0.9948773550032943,-0.44844948002485174,0.022702988923467338,0.08638425044726183,0.4707551533718868,-0.9349330422223172,-0.9304099397228731,0.6555943184550732,0.9701407494972214,-0.36640692165071265,0.9441519853929075,0.4142351185144979,-0.7185222066638692,0.40155890842081066,-0.1842232672814883,-0.3983509198022588,0.9308917154626075,0.6066307490973744,-0.9629208040669142,0.9001421997735797,0.5155377967871144,-0.8655855232352425
0.7440639062679713,-0.17763880612634475,-0.8525131185574217,-0.38237790608469746,-0.26752025032164406,-0.6248367656153646,0.08644365396971732,0.1634831879091394,0.11213787976808676,0.8352581124592808,0.2524162730545505,0.5189748663613876,0.4487925064906231,0.23076839282400985,-0.7217774030592228,-0.24081252774179696,0.3927382283883307,0.47880988187173257,0.9670683237542697,-0.6421606916771643,0.3912466656026914,0.2680435432762329,0.06516836088658384,-0.46848152285275546,0.6012728862451377,0.8411993793330577,-0.45535003710904665,0.7777075233749173,-0.7772723681925975,-0.33083022241445303,-0.7544281708088256,-0.11451905344252622,0.16797933156972467,-0.8398919364515673,-0.07181033088133981,-0.26594460038978807,-0.3368477865307504,-0.5815168365591461,-0.7779895647249144,0.41565595180567927,-0.5280041102201374,0.3092982357792775,0.5562300828515296,-0.7931467020487528,-0.7697228193899641,0.1631156267595011,0.48648767720292474,-0.6893047253692968,0.8180259587377534,0.5923781685864269,0.5870714595612085,0.3525696919146073,-0.9859808964226329,0.12550371771822122,-0.1368405076254886,0.23657132390166113,-0.3571966545693308,-0.5040152473318471,-0.7842593027681979,-0.020786243845443364,0.36019271657806895,-0.7777092798319722,0.3960083214402845,-0.37378094482450464
0.20847292177987264,0.4332417665867645,-0.21073835095296634,0.509115228198701,-0.5442895840122888,0.5426079833577493,0.3514347962248694,0.888068337460399,0.816387281451608,-0.2399742680238357,-0.9372200839222542,-0.7952695510958878,0.09372016042417242,0.18423205739013615,-0.5861073094708613,-0.16932456919645333,0.9012572457132491,0.4068170994660709,-0.9555408908807344,-0.12690731323536797,0.336604731580356,0.00442131717745442,0.11552326267422552,-0.7296550079152972,0.7705428283145328,0.6297483298789248,-0.4249712289594725,-0.7405647090405394,-0.833650162598349,0.16737669962785873,0.2666983235321232,0.16043971321341233,-0.9302938785961856,0.19606373668725552,0.9141020388217167,0.9615855016592016,-0.3099049067175168,-0.7237509984635384,0.4210963922834148,-0.6581991894042827,0.2954348323610789,0.4519740122954756,0.6122708155463532,0.32100847580691116,-0.44738490137399967,-0.25918059023325757,-0.4801558425066421,0.14367686647209243,-0.5907369868158572,-0.41982475625918014,0.5822705741668994,0.39680703774213155,0.3864247351034782,-0.9478232941820104,-0.572521957188407,0.3058247111341881,0.5623338204835069,-0.5834205018766658,0.19875221007354926,0.6303160032573931,0.6212941733648933,0.3371465601485695,0.33259079446958983,-0.14458056255909124
-0.2694234429748914,-0.2785802801674715,0.2812248620727611,0.16540716231136798,0.30285885527761036,0.8611613349865743,0.8813807000143192,-0.8669951190651723,-0.29913571039008513,0.46787435861982996,0.08380705747045392,-0.05440364124928654,-0.8660194731191608,0.8333117379566499,-0.19872384316094793,-0.6741345618273547,0.13383621431961257,0.06159379134562548,-0.8316705979617882,-0.48144785118871036,0.7630077186647088,0.5773880535057809,0.40034515228334633,0.6006242994913422,0.40062718836174893,0.9912623355529737,-0.5405644785883719,-0.002831205833224937,-0.3140296316231652,-0.028548816536413613,0.48872253541099586,-0.3836485916875245,-0.0075425742011594465,-0.36504080922739557,-0.1680187786638283,-0.5918925766846388,-0.46769562052961833,0.2098972969006534,-0.2824952377137515,-0.7336258961149755,0.12834312304107143,0.8352301504935762,0.5090080431380766,-0.8125616292417426,0.09146368770035873,-0.045449708125329294,-0.06779725103372658,-0.12571819893052139,0.955072177988683,-0.034572104594747355,0.4712816734075964,-0.03431226933271225,0.9932173406100646,-0.22689559578456553,0.6248802836964849,-0.9132019872595789,-0.04094375285864227,0.29683407619872226,-0.5672237365157733,0.9815221060693928,-0.02550330799423084,-0.19317840444187984,-0.9117744021417105,0.5891163985965524
0.15735515702210834,-0.698791644962502,-0.14207424725509488,0.27413136667979954,0.021498775407835957,-0.7493045206684001,0.48111277522366724,-0.276573415432648,0.11102275781869975,0.36221232548792126,-0.6701795529381913,0.5870048403801034,0.5139381538550896,0.5310630446536899,0.5890447639349374,-0.12458394598681255,-0.5631201313266896,-0.7441489285796736,-0.5347295885901364,-0.6606694770039097,0.7209309767993841,-0.9898918106105798,-0.8723677449586975,0.03315842213937925,-0.6203787719432363,-0.11766068450130751,-0.995858928585408,-0.39851861366491503,0.357443631577391,0.825122276479608,-0.8648620741540667,0.9793260831830699,-0.1699398208753229,-0.896021653667449,0.5777807730516484,0.8688889658018262,0.28185443121195153,-0.6313990645393326,0.8135953955024133,0.38328744790782787,0.34933148735981034,0.6893306013561391,-0.6522020894084226,-0.19929770894840204,-0.4358350576067469,-0.8128096746658524,-0.7001002761548709,0.18767531922520253,-0.7280793562268173,-0.11207042867258266,-0.8844524538535254,-0.9331682458411414,0.943361926324884,0.7674071254711503,0.15847390898505154,0.6893052924837486,0.2777953277890888,0.8959620376807471,-0.9286335469527789,0.9793327360241468,0.8794558785464515,-0.9895277940618958,0.11450329838201556,-0.6718966987131167
-0.13915335672682372,-0.46067933400091476,-0.895051498203882,-0.4977764764693966,0.5404946807333617,0.12789156945710722,0.40252300392084894,-0.739692155771225,0.23323033368762935,0.3555722118585345,-0.7786045495784835,-0.27656638897338426,0.5346645285676077,-0.26976826315466784,0.41870309838217756,-0.9019356192247507,0.39338977627671134,-0.1858448452485848,-0.29163038376131856,-0.20990372261261414,0.004997209837471983,-0.6427865431325444,0.5235471623691286,-0.20509015236004258,-0.5933725007751371,0.8854304478597541,0.9588971918300913,-0.29503661156854055,-0.419459922574025,-0.9163832493229698,-0.23531015373410225,-0.43269674704948424,0.7998562254658559,0.9753273213524167,-0.07702442572969437,-0.9887425687632876,-0.7598336137586685,0.8202387280313317,-0.9851363114599252,-0.16297348578617132,0.7809008385834584,-0.12620153697380054,0.6955387509385997,-0.04912499349059085,0.35518020614366264,-0.8925388830310272,-0.07318871330444443,-0.277526741893255,0.9790307913618366,-0.25500652989131356,-0.3834841665088331,0.44079512192253967,-0.4859745844250778,0.6033134530129414,0.9327428111452662,0.10950386609398355,0.8858917193128086,-0.03218985455426604,-0.07758738913454355,0.34932091705833584,0.10229824502959262,-0.3148233891009853,-0.908932495582345,-0.5002592043529588
-0.49413931686345913,0.4043314709469872,0.7369365051098944,-0.9755307733168219,-0.011309638613232975,0.11235490376831647,-0.7920186352003222,0.2269141501831311,-0.8561191640486261,0.3576092397375312,0.6303508968756939,-0.38029979460645036,0.4381617249942096,0.0289621374628386,-0.19001112662411368,-0.3215086852770004,0.21970183732547732,-0.18189607187173684,0.9842373692371624,0.5758585249454609,-0.06798258624326525,-0.37516276366312673,0.4057714232749108,0.013992556184502902,0.5910548131226772,-0.4305386691054234,-0.8739197911588088,0.32961617035118174,-0.2771834229172496,0.44192800363827356,-0.9143476333358052,0.5476575293615971,0.19168118069231754,0.8641337236785482,-0.4056972759012325,0.6168718104740496,0.5064004366028216,-0.44580990162738376,-0.11582150172114458,-0.6594306013557951,0.002193499032856261,-0.2140343238131921,0.3816224816863225,-0.44748573498988997,0.48065091334200893,0.752735425429891,0.7095753250339933,-0.7881191976437238,-0.5784632317599698,0.6437199802256386,0.8578422651508513,-0.23600835219330563,-0.31523773251761056,0.0878737617098182,0.548250040385031,-0.04149882715043063,0.1477253763806503,0.6157110889312729,0.47635894210335783,0.8000350445550111,0.15728393769919435,0.42073253017238343,-0.3953117623946245,-0.5502859271906742
0.15160908240545168,0.9017372882674093,-0.4819693236798037,-0.4997312494669264,0.025390523201205273,0.3535603932353941,-0.4690725169111305,-0.2976426155147165,-0.5887725309407161,0.41235747611695195,0.702462451547406,-0.5296685246168411,0.7364070101081608,0.3771333591665651,0.44402448264077465,0.7474838906756647,0.8313175190356505,0.18863387535176912,-0.530856265823825,-0.7099669637531016,-0.2034457692769731,0.44467551502319247,-0.3407905825390174,-0.34419758930593236,0.7538536244532263,-0.21191516714835656,-0.7141495430645635,-0.8141007643919875,-0.9391449392218472,0.25313509706228987,-0.6490468457018717,-0.18740442543298408,0.4889246876398654,-0.26051050308921897,-0.9811155299456633,0.47945790052950965,-0.2859881140299374,0.484874531719528,-0.09790149810813786,0.32498340754047317,-0.6941040414291328,0.766090556394524,0.3144836570767615,-0.12671937588543747,0.20233472121588725,-0.13090062877729935,-0.5202252038361248,0.9024811368993704,0.6583824220724193,0.010311150280211123,-0.9235997864477419,0.09022398727278216,0.9384101138734067,0.910366560212237,-0.7319125918124705,-0.534424332430103,0.6883481102735596,-0.1260383502269402,-0.1034270649200304,0.8886093640059973,-0.5417072798376545,0.08300329711060195,-0.5863160433598418,0.5899623315512461
-0.7283859218736544,-0.4665999516393118,0.8481564199014464,0.06314093139637866,0.8156685994664195,-0.8185600819385717,-0.5032848051669894,0.260463311250827,0.8240062362052885,-0.914373722941012,0.318847882629933,0.5009944229453,0.920165025109813,0.6256370789380468,0.9626711600097217,0.06443295491669643,0.3726440469739163,-0.24025884434064548,-0.21165535812156766,-0.6250062626151425,-0.3346295227274638,0.1857939216637583,-0.46813431094954483,-0.7883328097091573,0.9035037566702027,-0.3374568459947147,0.9625368949616948,-0.20247778549109263,0.16248123905283562,-0.8344856140118717,-0.991326932377538,-0.2610772096362084,-0.9876960333518727,-0.8545819298979762,-0.386281835933564,-0.03396347022721269,0.5142101650625883,-0.30941712795703724,0.08098451590641664,0.44918461433185386,-0.7368862565468937,-0.43158795596925215,-0.7679980746963571,-0.9895603108839055,0.8961842719420554,-0.7146577726020991,0.8272083394137308,-0.6706762753359463,-0.4866481897516177,0.9995373753987462,-0.0044078697381961796,0.11506421947301115,-0.5798074767982158,0.14230628530827727,0.4304888556196753,-0.8586778448238837,-0.9562060127545353,0.3835853152693489,-0.2458345395668151,-0.410085940155938,-0.6429839941758835,0.13333507080344997,-0.9773629780528525,0.6683680375646606
-0.8441373342689782,0.4735921931556295,-0.020822417222827738,-0.829998892955006,0.1648262245034684,-0.3405571399343408,0.8202376317071787,0.1697086649621884,0.21189638964222635,-0.33096207806054245,-0.5530436316366596,-0.6557710237631456,-0.07763577929190557,0.6627579822072818,0.10174628803120056,-0.7783268641274697,-0.6336355554024866,0.46104200982418075,0.21729267626895443,-0.5913261471416313,-0.009888934134649974,-0.48231459261567755,-0.5032412686165768,0.5260993226313986,-0.22993672373796836,-0.41987560549937064,0.6266408836081976,-0.3992389893850825,0.22850098169031474,0.9647457955427352,-0.26585988615859457,0.9052327458763656,-0.24335438078634852,0.12343598692546598,0.7763131331983661,-0.2930767050982124,0.6219041999607402,-0.22842424109208093,0.4586593163299024,-0.6408927318000714,-0.9696320385607096,-0.9382069409557308,0.8083628305938084,0.7785015038133245,-0.7443696927816648,0.8765133588505818,-0.03499406302866914,0.1712512031123099,-0.5129791572158315,0.18565040284645917,-0.15176765076404886,0.18052851119811675,-0.99814167969644,0.7641462680674733,-0.07172473840607974,-0.26140291237611235,-0.7608297679408516,0.07649933674931386,0.11373068390801655,0.8534101061376838,0.791844067666047,-0.7707091081734918,0.08195688924555289,0.588088375227948
0.8803028580281762,-0.5555640744071455,-0.8704354110420658,-0.8838455344677816,0.5376094985704092,-0.9354950350887494,0.5490506219858005,0.12409841376918873,-0.9687710858913885,0.36611331753307197,-0.8286568779876067,-0.15528448685944163,-0.6889294010058578,-0.8504555769429714,-0.0012726185630418385,0.7832904985471205,0.802679327161749,0.40878428549795864,0.2968564863889174,0.7852236964012345,-0.2678651069793918,-0.4189335357422552,0.7745434111035872,0.17522735303476056,0.7391653304711019,-0.5858992735431006,-0.7643411539791738,-0.08182976031658074,-0.32831025956186277,0.4103390984361577,-0.02367875959135768,0.9440915511858146,0.8875433721852501,-0.017887318169502953,-0.3799023548035769,-0.24933331196190167,0.2551032097804893,-0.7079157329164989,-0.21335786493693876,0.4419224580689163,0.5274117964778156,0.3702906216224906,0.5985921219221209,-0.1414291561260297,-0.7032886324591949,-0.02563744645638555,-0.37307566557290994,0.273059642315411,-0.8061731151213891,0.6147293463082648,0.77644106990516,-0.08169274479506394,-0.19106704180721268,-0.9648930214313849,-0.8468378553353102,0.3254414335089104,-0.00909647860916718,0.5300778819179026,-0.9428382303068998,-0.35270174318270375,0.9978278200615163,-0.9598477641931085,-0.9768814767231098,0.08591533262431605
-0.9492129164969758,-0.3909560211122778,0.24615808229047054,-0.867400887303192,-0.78078487281307,0.5071589152995837,0.6587570939010763,-0.3221214470490894,-0.691614208435223,-0.6590404682700188,-0.4476952055504422,-0.17324196690299054,0.46327168336351177,0.46235241366916413,-0.2225281089178459,-0.2985101801048957,0.9762115210293583,-0.42813617714145424,-0.7052628241807986,0.49602773975304726,-0.7168270836352351,0.030530242612277103,0.39273368291783517,0.5365152001367701,0.529293757459762,-0.3168685592049838,0.3043965287714192,1.1438085617947196,0.5913706197942477,0.4424751036854637,-0.012058393166899606,0.25756900418389916,0.3708983102670793,0.9639415784400558,-0.15269678060991643,-0.167049298148789,0.8767258029331801,0.8435203686905,0.5291459215339762,0.2904294154765916,-0.044733936230076266,-0.7153399377841008,-0.40400660091047613,0.4908476304334086,0.5772998620328189,-0.4894266844993931,-0.6125279325299509,-0.29276334210109045,0.8352587285978705,0.7865264887040626,0.2396791533114797,0.7184474292456262,0.274427229128118,0.33643864141291613,-0.5287626838413724,-0.49324541239148334,-0.3140324172823935,-0.4557798596870706,0.6612440033912925,0.7960622348567463,0.5967314941346087,-0.4925810304488363,0.7285465777207811,-0.8593548923782068
-0.01357370498963073,0.7898287081364697,0.7376299277804024,0.7642417243351787,-0.4221086416551638,0.9129277310941621,-0.31907841067288256,-0.14429694212943134,0.560254257221062,0.5776653313243587,0.8456938228182798,-0.46650470074700756,0.7544884526948836,-0.6936711542268454,0.1240686621936371,0.4058619907327774,0.8218595798928385,-0.5740809536865001,-0.233376075680799,0.4291970913847394,-0.815363734798459,-0.9858994371888663,-0.4128591014265133,0.13410843633292102,0.99823046884908,0.9783252766357626,-0.219227324695362,-0.12345018822245946,-0.8662715043211133,-0.5813589877034981,-0.49492083870131465,-0.29967161272123843,0.4886617691065942,-0.08128722118958476,-0.13375594556227832,0.8787764710504433,-0.7586765320956363,-0.846678192718624,0.5923767305367709,0.15959509422383844,0.16333169309164663,-0.9290401914488802,0.3597876223761267,-0.8574699234707364,0.598025683231376,0.8452269354761,0.7822077763570725,0.5024204141150952,0.8901570220190742,0.7349758761855392,-0.5465555360887286,0.13746499509298804,-0.9562154268808831,0.9825609371630204,0.33546588324368765,0.884962528719855,0.3738371760826771,0.0853812998775747,-0.8328615985415482,0.6581651736784115,-0.9483034515681357,0.9552717780928268,-0.3080853225818354,0.7024786906923801
-0.41233667654298767,0.8247473291683043,-0.6884943130443069,-0.45930168023800366,-0.8078837170558817,0.8857380137889475,0.6906537120519067,0.36554612406653275,0.9400666855864852,-0.6234545877630493,0.06090932531624316,-0.3824568740661858,0.01738892544875359,0.08644999414195231,0.62467248304632,-0.9794224555461548,0.3235520796365132,0.40619089819202236,-0.8817515589884315,-0.04003980427824261,-0.280853324970475,0.8010249885909051,-0.8604352170505232,-0.5562178559033755,0.5710414173944096,-0.8815610129474376,-0.18278325640923576,-0.20925678992363395,0.38213645479752034,0.28867395123991013,0.3684968606766028,0.8327122114077772,0.11963794166714359,0.977475157709291,-0.4619269113956983,-0.07326654974530511,-0.2560652145621778,0.26787124902735826,0.8263329212652566,0.480035181256274,0.5444182177232086,-0.5061585056823432,-0.9051906533835261,0.5879889344116056,-0.5465555628653811,-0.5517279491649212,0.6254790744541128,-0.30473045153030354,0.11315785675267453,0.8232442045072237,-0.09119067422722593,0.897862771614313,0.549058672956616,-0.03425204009826066,-0.9644455381679755,-0.854286656375449,0.8629248628250605,-0.9173983286233758,0.8147492019746765,0.8441431316839825,-0.6195630289750533,0.4420092967775344,0.578018271452055,0.1747881636473816
0.16842370853657518,-0.2762547531178803,0.21030501012451874,-0.09597819541533537,0.21626683483002407,-0.6405981854849445,-0.2646974984448982,0.733696386349761,-0.0091196457291296,0.814384507540902,0.10119753269830611,0.3043476968044354,0.6797374521362103,-0.7356196377375785,-0.46135059330579464,0.07321206776414413,-0.025837277017091598,0.8606608004376157,0.8875145577994974,-0.9105964986146218,-0.8161222760641915,-0.05228676136155408,0.5479526336274423,0.5703441245661067,0.2073955950552735,0.0005869731496992436,-0.630541463154199,-0.5995468553034939,-0.2704136752795405,0.692936521455171,-0.3146220566650575,0.01747991226551071,-0.5475258374726804,-0.32382396697291416,0.5294356544780878,0.8796200273710673,0.244745837245133,0.3055732462530345,0.06104079297205134,0.9227395012635462,-0.5939354618316433,0.8429060490877127,-0.9910279490454452,-0.6679261764294402,0.18420639737367317,-0.1252949850650309,-0.8458924896116211,0.989766636074606,0.9376883461511942,-0.8833395441151821,0.39140688789444233,0.18620553787467808,0.6536720641640197,-0.3745669408095622,0.544463378958006,-0.1259380019305354,-0.5676599196373513,0.060887699176227494,0.1310229338416824,0.6574554410505979,-0.6396941507798144,0.748109856189858,0.5450286215447493,-0.31339040537176177
-0.398076054480871,0.6260748756015446,0.2288055086407661,-0.6754973259689261,0.7680206964374403,0.7147457744933421,-0.0027388139834638725,0.5994827545017691,-0.2727696736649765,-0.24929308329970135,-0.2760699889947713,0.3186881174731968,-0.15488750259346196,0.8728809955834376,-0.007548838217925846,0.5389203819152399,0.8897516498247469,-0.4059068426534507,-0.040798230231095856,0.3045718424749275,-0.9906633468620667,0.33473893627852735,-0.1395337866171622,-0.233745471521001,-0.7666621775296278,0.19168918472174235,0.023188942708201266,0.85284496857329,-0.11354008341420463,0.6065211327406212,0.022175934784106843,-0.04294281457943128,0.6699417130578782,0.059156158441516116,0.7175898435579067,0.8973003165457873,0.4586317293771671,0.09331851917161527,-0.48555185211513785,0.8712253167160287,-0.526060899460878,-0.4031971496529072,-0.528435851313311,-0.8585899053683899,0.1274073738443211,-0.7391158878145172,-0.7245806145937632,-0.9474237408266017,0.9245195304801432,-0.3049122285260579,0.3800248320076185,0.009087997470257125,0.5676799749705066,-0.4737862850972987,0.11478406196561308,-0.8004325773768672,-0.9295705443314226,0.8848323883400959,0.8300272721223743,-0.3971586850594142,0.8804126652898994,-0.7761543613172088,0.2052480409107118,-0.7629440211033147
-0.9596165581396421,0.755598211467732,-0.33278673409116766,0.9128169318056496,0.6239356168160575,0.924752002523705,-0.4413311909826263,-0.5340218829620569,0.5684625284897804,-0.7455491265224583,0.19969795050137384,0.46112897176986234,-0.8876048661208724,0.6102282385509352,0.572937120752625,-0.31707450868448306,-0.486358168410447,-0.90645377395228,-0.7341532197651541,0.35434617504954,-0.8059336703946174,0.7134228331486492,-0.20464117992737751,0.8585804596850994,0.8910884987690595,0.29588804318136486,-0.8275138218070137,0.02558432646606512,-0.3071734200322218,0.9439622660853639,0.8861097629377408,-0.020868917796882824,-0.5959081670283191,0.1743293250802973,-0.18402104394300678,0.41082576264208526,-0.4559467375303339,-0.7674782225643599,-0.9109684268530891,-0.9820412480745695,0.8277853745878381,-0.3764306446033361,0.10143856173045784,-0.004307718431815655,0.09957797682491787,0.8214256964708646,-0.0874286112149909,-0.7550964681327397,-0.7413504643661599,0.9844172086971119,0.669502329030536,0.9713630173553929,0.44040746873222525,-0.14405022433388237,-0.4555815967553509,-0.4174266368187778,-0.9867675534512101,-0.958340706160226,-0.33842067403691667,0.6539618421447599,-0.49707677717282306,-0.5451617360204146,-0.8785526213135697,0.2939087948399539
0.22348039239691175,-0.3637399078880763,0.9214572591706811,-0.45722981144253705,-0.700215354790509,-0.8104137627196419,0.04081027863099784,0.673891024928869,-0.9808515916020208,-0.30240325257547496,-0.00784834368156595,-0.722773018738317,-0.010719889826788398,0.7778078383603542,0.2639138319388088,-0.7171776188040884,-0.122539974677353,0.7603985161716127,0.7064829613498231,-0.16407505004196743,-0.09553000004642542,0.7127818137719508,-0.27438258474434507,0.3009667579326778,0.1923563695592212,-0.17516898205411913,-0.31477330427719274,-0.5872752615529795,-0.9811129563807779,0.07126929068040111,-0.14432774906339008,-0.05891085157217435,-0.6724781358704011,-0.5768329244464816,-0.30591370942885043,-0.06377135301277304,-0.9939434567847136,-0.4962113030236244,-0.29305778776158964,0.2611649378281389,-0.47736957119732226,0.6286594802069292,-0.6829144773753619,-0.6794632209010905,0.30565732277906155,0.7045413892911125,0.6906046061262263,0.2682543756078548,0.0642325111699733,-0.9881484071370521,-0.5575860528219496,-0.1637879185930693,0.03820336089126042,0.5159217850158171,-0.9679455190573927,-0.09714730495872259,0.8606951589819487,0.21074108594685637,-0.4498232006604028,-0.668830570248443,0.2549804813221386,0.4510501011079817,0.5363206757428376,-0.8436921203991574
0.5412759833631726,-0.5894754486948077,0.18850158979648102,-0.09590379067172727,-0.6498815323536902,0.3887897574718928,0.689309443306299,0.26314756585230503,-0.025008482252022235,-0.6787223494597985,0.08816002077930052,0.895558231520333,0.8727262368939568,-0.45216382107182973,0.9083327134203216,0.802175355770145,0.5260151638333888,0.07064843978632784,-0.7666968221450241,0.05799480647513722,-0.8465560546879003,-0.9374297730796275,-0.2207465204329937,0.16797167103771615,-0.45348230192400507,-0.40573112678382106,-0.31871619601108625,0.301872437516155,-0.26110717448525844,0.14203862181170468,-0.4380998450079914,0.19007840110880836,0.5731347630780601,0.7794962738676425,0.35646693452467226,0.15440443113465907,-0.48038379724541125,0.0682428993136317,-0.8859094444673155,-0.4413957936420676,-0.19673060111650265,-0.14746362368276644,-0.4579652452472498,-0.4026314932402504,0.676460972495124,-0.5020632853212497,-0.5674905722992645,0.5354985135516004,0.3808593633919719,-0.4690342074751639,0.09870146323126394,0.631104395954565,-0.3334340941309928,0.42859769729585184,-0.0742849000291741,-0.7337739450083411,0.9191722524840134,0.7910828774504415,-0.9765992136859498,0.5640115875940881,0.9142412997880716,0.6661898508495177,-0.2523767212338186,-0.5523663752715657
0.7509551763175879,0.40296438150291825,0.8519877276321162,0.36351443566870123,-0.08189578751499371,0.6679555826184533,0.36509151549262975,0.8668785619422119,0.6011074432199948,-0.5288427629490478,-0.9459622307389508,-0.005918099318478864,-0.2924456498990296,-0.012352056887087626,0.9107610039483931,-0.2571671901521231,0.14606814513244992,0.07454813824989337,0.8864353430787024,-0.1798000938902664,0.8790656990550068,0.5508231004124131,0.11551346302344045,0.08223963411448931,0.06955207455390511,0.9478019231953279,-0.5610690946965022,-0.2946865104629144,0.8010320526879753,-0.8226177123681757,0.19984543633003327,-0.7467904004232815,-0.6276775366984071,-0.2850415739166452,0.47335893667635887,-0.06149460852561894,-0.9785169542706276,-0.7261763277930027,0.7309752365441167,0.6850909787870292,0.9948081784697254,-0.35629852846444576,-0.3402363192438844,0.3105363797665679,-0.5636323847718614,-0.0798524790297721,0.8477706743500146,0.22439776217210872,-0.06662019846023526,0.7862293105713665,-0.2705843469652547,0.14147351960474408,0.6397829923623863,0.9014656958511738,-0.03949331034268666,-0.4801604327038842,-0.5238277055530582,0.39815875445360804,-0.5320625914857862,0.8656984533753722,0.8711180490352528,0.44506343362983003,0.4656189661825345,0.8994958669170594
0.29477230101182084,0.20450690772027347,0.9245919849018949,0.3802479326462458,0.9506401150785075,-0.9273633276022304,-0.8824096071890744,0.4300263582985071,-0.33546043872333664,-0.9908624941969808,0.2111025773760009,0.3752708900615056,-0.20625169468719418,0.2917833305329869,0.829065546067828,-0.4875833240015657,-0.8272078719536273,-0.28785039522233746,0.17065075077912994,-0.1285839904297117,-0.596709232329828,0.1455664811906141,-0.15130487866729725,-0.9312279337494704,-0.47702701389612256,-0.2145245400909641,0.015408680279808795,-0.5246560391476423,-0.9698142646114132,0.21989181474312702,-0.7001174631930862,-0.5694500184878537,0.5958712966207145,-0.7601558615853914,0.6526008853868193,0.8757822578515306,0.8530286626895114,-0.5792366191942055,0.8123363053594266,0.9019590575887595,-0.33779984020289056,0.024845528430020414,0.6277958156657821,-0.8151867516046776,0.10808299675534339,-0.3274902305373204,-0.3214285046084886,-0.12045546293542664,-0.38305157701470893,0.8288348267377879,0.9708496863291458,-0.9139300337561969,-0.1724771740690758,0.20631620200307577,-0.9351644245683148,-0.9930652665894186,0.8807208096285926,0.4378025317020111,0.43081058398442873,0.6193896871844344,-0.10179947880210949,-0.35599273532585274,-0.7692525663102903,0.20585268732588236
-0.08166817284824424,-0.05110724474941919,-0.8555911226334538,-0.950660059231172,0.5418417433394407,0.03119189612963691,-0.4649353841003936,0.741459130845856,-0.3304247900519446,-0.6796057094767503,0.3852076235923505,0.9290741495627788,-0.9971316524590388,-0.21315240371035693,-0.4421624148113483,0.10278932927693352,0.7487369153012295,-0.29839379578996317,-0.4528333121873336,-0.7828773851629225,0.9118556603872909,-0.8233535928206765,-0.9975636839499855,-0.5774272686199475,0.22103294564201126,-0.23264826691366958,0.7780511964095285,0.18104124646611353,0.17044449684976248,-0.9377246583059899,0.32614476185386976,-0.8150856908547401,-0.8353315658533038,0.3676971746465765,0.45714708111852653,-0.26493730621014144,-0.036997635376515126,-0.39306634656218087,-0.2587476225299954,0.4986378481988558,0.7514825630600659,-0.08722243821063635,0.09816727616867738,0.7185857778062297,-0.9399911035065125,0.25896022824655773,0.5027638803197421,0.38014873658200266,-0.14924372664291252,-0.53418411982244,-0.5676631647223622,-0.5955638334165667,0.19390225427667152,-0.8688367348592692,0.5831758023105573,-0.17570296640959593,-0.37828064070884704,-0.7211528540087959,-0.45220423031030865,-0.4554835181755703,-0.38030155367401,-0.24462874714398697,0.7783257776936297,0.6398455336999547
