-0.7537673498848174,-0.02151678901391918,0.12642524986401793,0.9119060247718311,-0.04973815314015195,-0.9105206916086084,-0.5920931231848223,-0.13189129338253558,-0.2631942574784971,-0.4859457006757062,0.5804111269683254,0.20163295414870075,0.5610640141623471,0.07595261096672146,0.851484130145951,-0.22429826067541514,0.6222473988927659,0.12376875659046971,0.07909841682436891,-0.7382333832231793,-0.30378442681142004,-0.3187195133096232,-0.3785262260986235,-0.2883127140056321,0.828146688508566,0.2757045269795729,-0.4416946871616343,-0.4555106276319951,-0.6470841868919273,-0.6891454045191592,-0.7524931228723559,-0.36951916169559196,0.49181806193543665,-0.6423994796887174,-0.3667265908859567,0.9653761226912148,0.3675859476242638,0.13605595438315454,0.5090484500012666,-0.37744255108436,-0.8472365260679935,0.2932969486804289,-0.6245274706144968,-0.21000958404215564,0.14667677985437577,-0.5201393872694069,0.6421239246636088,0.9684829480405854,-0.12035689654839832,-0.03285845968604417,0.6946833242392096,0.8949419259738045,-0.5760059073870027,0.724997186255645,0.9191318990589803,0.5293897840773216,-0.735599507030607,-0.20743050382832395,0.3458023351521775,-0.6649538703790203,-0.4359168381639307,0.638156766368758,-0.2922269133887976,-0.9413651291061413
0.9714099551204347,0.4600389167797798,0.9172727468977422,-0.5895449934486672,-0.1758674338452213,0.8726547716555044,0.19057175631736323,-0.8824380451705414,-0.5930894245091392,-0.0005134193639684259,-0.4947396960640691,-0.07972220691163989,-0.9198217229163832,-0.12515927930810067,0.4800437521139185,-0.570316656273891,0.0688756361666667,-0.6637682762589974,0.633640854565352,0.7177659145997848,-0.8211020974644274,0.966337363438031,-0.09780065086033063,0.8985820898232548,0.7742996909862903,0.35309629083610283,0.4960209768435355,0.4801252801463938,-0.40472086223868375,-0.8685847504867354,0.1647843230510082,-0.9540519980662627,0.32027139301118157,0.6808465846276086,-0.35682693620712214,0.9013150085345181,0.5941231072261819,-0.5204400311760096,0.8092466103856626,0.5867120425618415,0.729769558664358,0.6483764876488849,0.5999582658303617,-0.9491612918619134,0.5589337407242931,-0.4251254875160453,0.696173612301423,0.3466610900158076,0.5350605848834347,0.3940878436288753,0.9719474472083969,0.4881238851327214,-0.48644742765906734,-0.15076642035476095,-0.7743462390675695,0.7199563140667236,-0.8856963718579702,0.9643188545688177,0.7059523067756672,-0.2757295956240322,-0.003273525100997432,-0.01676535816653124,-0.7199369346880398,0.40683629572762725
-0.9370045048764017,-0.014316913975360057,0.24273069205141118,0.9015463450960268,-0.17072849969582182,0.28265754512196284,0.3842970126471801,-0.7280803820722441,-0.2900673367180071,-0.5354720475578407,0.03293988820779714,0.5549073364006134,-0.7193402855203008,-0.013553930499456968,-0.5134081936773849,-0.7923367657005089,0.11715926195013115,-0.7900373759819415,-0.7445908035126743,0.39898324536464713,0.4816738235890119,0.13742998022788222,-0.9774788649810844,-0.47943678181258575,-0.08985796761007903,-0.4354592993089732,-0.5423611637340982,0.522345830198655,0.7797439059794902,0.9315677548751831,-0.19289351881331696,0.38014789472595756,-0.6053716501887012,0.7306812561773699,0.2746087106821897,0.7889883398502582,0.6998651543727148,-0.5829741063405196,0.014555549134429135,0.555875724464499,-0.7806240286656732,-0.32873073948297016,0.30583085069438076,0.8091150126504847,0.0028071713428552414,-0.21533228658244208,-0.00956902588292019,0.40194758922498663,0.12131627467657569,0.68225004076585,0.8121654863471222,-0.35273939945331345,-0.5850562563786317,0.6929640155267316,-0.5107555852880232,-0.5047024627263645,0.8835831541204826,0.37191546492355343,-0.0366766493565065,-0.8151155976777007,0.04517036427085275,-0.3624347094629625,0.6614670103743931,0.5623649568818838
-0.9687965580013249,0.5160219550143474,0.7291678340568912,0.7867776020336191,0.09797826070923499,1.0376494925989228,-0.3243614506779102,-0.9955117609075608,0.9711130582551022,-0.13343962461388603,-0.8956953005040658,0.5230457160817905,-0.05877598419858843,0.4262202598783955,0.3585473005818416,0.4599936324402394,0.8545743771281751,-0.33745206401960615,0.9081324281667331,0.3278436910194309,0.026562669999008248,-0.5945311751211713,-0.7527916741384184,0.3858051659726285,-0.9664621749184099,0.1857078003984698,-0.3326787170187424,0.6238780328151199,-0.7333799989581102,-0.24257811922778627,-0.887910870794675,0.9989937115901368,-0.546279387400328,0.9617645956489267,0.03439977583295217,-0.9645824062247781,0.27268395872800855,-0.6713637179458136,0.5567606582555868,0.7086050934364319,0.030682027492458852,0.8906631379868648,-0.8484407684519328,-0.9214205083113105,-0.154718272690878,0.18207894583328077,-0.2956393350869264,-0.47593665408996566,-0.3433167040129115,0.016826483739195597,0.201962596096813,-0.16732933843925557,-0.13242711311727406,-0.2867189909544219,0.4092015393292294,-0.4066207516469382,0.23390825928638637,0.6960188216139829,0.5975884573067403,-0.12783213294911921,0.33673207765840085,0.8487010425955772,0.06957978096148842,0.30274387662290825
0.09329061590439336,-0.2386568395445332,-0.11681789644570961,-0.9345020715737986,0.8228468456304119,0.7276390765574883,-0.8436892543919623,0.6342686998464664,-0.5539429673489882,0.3807357804178786,0.2511446897360212,0.07517454812745372,-0.6058088381892339,-0.597416913188352,-0.6569087765457207,0.4459782019377283,0.586345387692796,-0.1606424998600089,0.15143470872022502,0.1245980208410169,0.7726463140202084,-0.4057308135185189,0.9256536681839558,0.6093828062110931,-0.41218036548365555,-0.12288721648671141,-0.7799156359247856,0.2716362209613683,0.7877055083094715,-0.5739347778493875,0.7070587164341344,0.2255455567715683,0.9433659797602358,0.13598528434896862,0.1240824166668979,0.7970660024585103,0.344433564126549,-0.9933122744516447,0.8433507718018327,-0.9365238083929115,0.05653975598331207,-0.3311194628117551,-0.563962138531916,0.16854454201388092,0.5790385912177147,-0.2175573663004633,-0.7182765362658674,-0.1578876346091378,-0.11027672951008216,-0.504467805335318,0.8981056659751758,-0.6523303535699947,0.8105972278915732,-0.9406707066610827,0.14790293125100473,-0.33203947327568417,0.2107607978633097,-0.4210825946516954,0.22384692350317925,-0.6976403516761949,0.5273689428664259,-0.24084543902687128,0.22596847168069023,-0.7725207684242696
-0.20465808579899525,-0.6631417021694701,-0.5623424013423453,-0.1469114935125191,0.7793865317313478,0.35208700615720034,0.7902909020849416,0.28411485420432325,0.007937133422068365,0.3552151079079342,-0.5002141103012676,-0.8276103220233579,0.5352878446580975,0.9130307308671912,-0.675581405474051,0.7440923448708836,0.5349226655960659,0.6757427879506819,0.5741240565635364,0.11566560328572084,-0.8225546102254888,-0.09136185957397092,0.7844847562763435,-0.025260594529740832,-0.8631421146888942,-0.5374948592976359,-0.8789812854552232,0.8665710595727047,-0.2661197289524577,0.08542894024891967,0.8708738732912928,0.9822151516230586,-0.8765624945550088,0.30919742901404423,-0.5021046570491545,0.8812451949872846,-0.5491545910627172,-0.9408784014547693,-0.9923498436362153,-0.1823700913442774,-0.38206151059797633,0.7124455674683436,-0.2792824448095459,0.22096816044207723,0.25781429156271307,0.936297097124065,-0.4128989556239888,0.30580068332878874,-0.7793103381171897,-0.9418723275677572,0.021597350209695776,-0.48663443504534576,-0.9472862128263153,0.6593486540860289,-0.8529109876248593,0.47438289764680586,-0.6564193216729994,-0.9999876419402793,0.7935246460324343,-0.7208583806401185,-0.0011985086680135204,-0.3469942701679356,-0.20953436326621477,-0.2162366963744582
-0.8615406010383133,0.11594466918781032,0.7105047673965588,-0.6935265797823991,0.14702525710512737,0.7104357923523985,-0.6904819040197105,0.1899399901354013,-0.7155166543368401,0.2576872519464788,0.968265965613216,-0.20157877364016308,-0.35495375557398545,-0.745047734430877,0.7558226199989184,-0.032891384341331875,0.20120309290448124,0.4447763484588487,-0.7444976273375059,0.511781938076515,0.501310287003877,0.8804831784903109,-0.8040658783706511,-0.07415220195613337,-0.46748711075532756,-0.4188972317998616,-0.49828421985479987,0.5058463631631969,0.8183150439489302,0.6254999716126989,-0.6897771449042491,-0.9707483152668777,0.5046216004227955,-0.03538958452307206,-0.9728333736663091,0.25130293581357765,0.7020550869659172,-0.9327287172829852,-0.8944735692322434,0.2972091703629749,0.13027023728790832,0.6847240941897232,0.7925203170474724,-0.03386080117182977,-0.30867692546339986,-0.9549769509276096,-0.7519391653706673,0.172366565625917,-0.7493555173112731,0.9941455148874132,-0.213170629118554,0.2468830276083127,0.42117389685958906,0.8676984609117424,-0.7344218423041855,0.5856894158528296,-0.5852108301343886,0.6863759085099339,-0.3370009832360108,-0.06225196538914157,0.7605157213195892,0.1919293495765837,0.752097103532589,-0.9048299358352949
0.9303415399008499,0.7327137149512675,0.6653725945684104,-0.793600915169028,0.4912128676979275,0.7541583968603176,0.6133578495722558,-0.28635236764683825,-0.39740613327651797,-0.8430672047325851,0.933564189757544,0.7178975613946961,0.9299997155145092,0.9603259418183059,-0.3478113789243942,-0.6261517403678549,-0.12885808243938945,-0.7789428067789064,0.698786921740953,0.7566920751688384,-0.13774373223099157,0.6520818956536671,0.6166942051528359,0.31770907824366823,0.5909361706401948,0.42384295400810723,0.14813740287280885,-0.9316244850787845,-0.7193480824143801,-0.8669158825879881,-0.45202609558048135,0.8207570016781365,0.751346345972955,-0.40535668519801993,-0.6471881023555657,0.7274208979725412,-0.4485050514872273,0.22766713966156416,0.5346681294397144,0.3636142569513221,0.6406559030007708,0.5284742446286572,-0.7389095261639402,0.270141192553464,0.7883239249987168,-0.7931554604564599,0.147303866528943,-0.03642513531174174,-0.07266667132484894,0.10690723457775486,-0.7996197322563512,-0.7596242488212555,0.26234561265599954,0.20901621032260786,-0.13205950332106142,0.4896546054592341,-0.18267577896568543,-0.13625499930175833,0.8838698361977813,-0.4675740537208952,-0.9377324092494463,0.4674351645650632,-0.10884346426159075,-0.47722300068959633
-0.6205265340495103,-0.6314485931313263,0.46606020393925407,-0.39118228923263687,0.676286938104425,-0.5360557384518436,0.08307936166787422,0.09639652052684111,-0.7888686159273475,-0.8902317674846827,-0.8434847077887611,0.12141598563650735,-0.20189973318340138,-0.26606739295563786,-0.11492739457480483,-0.9250392611521627,0.4546776004523865,-0.9154913322861937,0.4587514909221613,-0.04474845022757168,-0.6341422505435743,0.2019129141090874,0.6360840564811021,0.13627862177440941,0.09138671183236502,-0.30950294107048615,-0.7476313478903069,0.5971879287808803,0.8480836928341016,-0.5565746716924758,0.12147570436716326,0.2505635957150154,-0.2619370720759795,-0.61183903818703,-0.8402431448741234,-0.8909113804276005,-0.4600326855650023,0.5282941256152862,-0.5895003423720788,-0.845419038145808,0.3305890220351084,0.7109721551565453,0.21961305573811818,-0.722256241685094,0.9316861975613506,-0.7477485522308955,0.007168151795839517,0.20409320243684959,-0.10313927520347543,-0.16836782726188448,0.9757595078961521,0.9284578770439926,-0.7901043891676744,-0.4369857721375059,-0.3957854618539778,-0.10256608374759524,0.11524216217062766,0.9177589233212471,-0.6839124177251352,-0.8233030075484855,-0.9554336197025632,0.48106255365437,0.8954423576290829,0.4761928772098163
-0.13873745236136759,0.17143579074570092,-0.5100653070128038,0.936853750316289,-0.8849590725793113,0.29847785517812175,0.7421705170843247,0.6904900423922367,-0.4541027591888378,0.24567589653920163,0.5483192183343331,0.48448861252110564,-0.9481519208948237,-0.31020874639518103,-0.4962559320194557,0.5668496266706651,0.9209986470546672,0.39042038204818263,-0.3314280969685388,-0.9965900000656147,-0.579116885939654,-0.14607702177799609,0.8069381236201523,0.12814165312983228,-0.8199363767331329,-0.4625964355546386,0.1606332161715962,-0.11823097064111932,-0.7102580557002818,-0.14011316997726753,0.15394494182298168,0.5255779058221596,-0.8964363502088895,0.5647334960624564,0.7895211126888149,-0.3360095682711508,-0.6221029854507323,-0.11023851711733368,0.3222772985390367,0.2834856960761034,0.19155812813640183,0.01984995225197439,-0.24233739089904627,0.17449301605178924,-0.8614362650842065,-0.35057017160847903,0.2538510427280338,-0.28464482027476157,0.32282877946878563,-0.06313179696833204,0.20782736704820248,0.678664601530641,0.8009944357467758,-0.5038026362681276,-0.7578834526838616,-0.965511072790415,0.5990071341501428,-0.09315745946967496,-0.2788549041162942,0.33340124552855577,-0.7205817861446251,-0.8206209439872152,0.9254502279251915,0.48042541013310114
0.4775471988652813,-0.379598530954657,0.7823910008480057,0.6809082421884052,-0.0784727090848385,-0.005145605313110702,0.808001826947671,-0.41202912347267917,0.4159448194226987,-0.19938178456212863,0.8837502259377448,-0.8033245524058688,-0.1854971344068821,0.8879121053351782,0.8062137180878759,-0.7617542764423995,-0.6772494469469326,-0.26841809596585353,0.927007974484011,0.16593970411396297,0.6269746793105384,0.33985664054005693,0.7988867540728244,-0.6882388607283181,-0.368128955688752,0.45498998060721574,-0.3398453879786607,-0.45842927580686466,0.7198558493363096,0.7596452498415402,-0.7152591344246719,0.9540497234344729,-0.18902012579943528,-0.7307073401786468,0.40632256143857637,-0.3466114738193764,-0.2962811384726869,0.6733212111364417,0.3361484754405597,-0.9286901124097557,0.16433957050699077,0.876258698118944,-0.4086484916795807,-0.3804484950361,0.7176199359740827,-0.560617161158885,-0.8348273193501043,-0.27844028191857473,-0.0017193469748342238,0.042792106234393223,-0.970271303314808,0.8471262319241379,-0.21261150998221967,-0.5090791780721897,0.8301810586595901,0.550033203474992,0.2622106422796775,0.03167271178189468,-0.9841476587530544,0.5523940095629569,0.6559862106464576,-0.1830648785403668,-0.6682477320332836,0.35353744674115406
-0.27621297744938933,0.8913658497608814,-0.15848553117996178,-0.10878289831826105,0.18947832829610323,-0.35193194304759756,0.7255601330874613,-0.020875864134396238,0.06285287267812767,-0.537469100451339,0.39040183733222666,-0.21961909750190545,-0.5609409763167554,0.27580031936697,-0.7280524920508042,-0.5301515068661355,0.6337263008422513,-0.22670340071094586,-0.803972188980357,0.708487246801399,-0.6389088032430905,-0.4735415224225552,-0.5740865383902256,-0.8170349064610334,-0.37472637693863575,0.0009853201010897594,0.7874925741597465,-0.6669870875707395,-0.4822878970874882,0.06693358482451894,-0.8160552511700565,-0.9893590232220975,-0.6643007211880099,-0.914835664274138,0.7145847461164974,-0.5737789387351009,0.46207163751825986,-0.6967735578810945,0.2252011476457434,-0.07908800523073367,-0.7798241104569825,-0.27213304955481776,-0.46390943198119317,0.33873827792613853,0.6839253625361621,-0.2178275421030853,0.09670268497887369,0.6538196776627554,-0.7248833223236903,0.291818506349921,-0.46786764838801886,-0.5001571846127508,0.28804913030381063,0.3995821602165013,0.458959360985703,0.368202444621484,0.07537732085812543,-0.34499838462641375,0.8611469814295809,-0.1549200289299817,-0.4600989065270209,-0.9777412107766861,0.9907466844161912,0.661090079548035
-0.3373342164821582,-0.02107826859934736,-0.14989963695035624,-0.5844185975078051,0.16630208128338242,0.40370776489254656,0.3545737568778682,0.10778319590705521,-0.3203638425113735,-0.8717908408200852,-0.7911494077243,0.20689306852634837,-0.9687052085849657,-0.9022204886339227,0.6669424894636311,-0.3943840397834857,-0.698991799486109,0.02488669481682826,0.4636614407825195,-0.7158303589016588,-0.5890014487516568,-0.871141110143097,0.025886092987245535,0.12028353001470071,0.6933244770442035,-0.4870823722309481,-0.5109257950027724,0.6897866842961342,0.788692734686548,-0.6425292100983881,0.46801870698946213,0.7075698507573993,-0.30377704057209254,-0.5629461938152509,0.6990528656640511,-0.5259413237876036,0.18646861708567197,0.37938234352678735,0.2724039994405376,-0.22608614184297582,-0.08043038915360734,-0.5034291266954973,-0.16252457182495883,0.7424325390194855,0.7375858865066125,-0.9217758978202946,0.24667640614787434,-0.6582359802430597,-0.8673270524095027,-0.31220818077552837,0.06611909312348407,0.8418135439088159,0.9386515548614003,0.6903552952194127,0.7085153195831999,-0.07850931796831606,-0.26939029700496864,-0.4054449154519266,0.810113032105801,-0.10584090548476621,-0.9244923898645949,0.886421938181154,-0.1560300063348492,0.1685062480030619
-0.37403846862298384,0.6488054263137133,0.8961091524320959,0.23814340751911556,0.9046845592997561,-0.24049552722489165,-0.7016186159569748,0.18959340029140304,0.2576967044262717,0.046279972256358715,0.790926232208438,-0.4899546062537625,-0.6561590063606992,0.6319801958964846,-0.33272804795956934,-0.7757939256158715,-0.31754705296382735,0.8558215517584242,0.8500866236827507,-0.21924362513056606,-0.21637728962406877,0.02119747915047343,0.6099445199493618,0.6951290180655656,0.4331143809817557,-0.5444344097975222,0.13358703115759624,0.5056923635746107,0.22886344162186534,0.15266078006549622,0.47265679730600674,-0.16346824321402376,-0.5696581260061122,-0.44659262824346624,0.7406082883106906,0.18233486193961235,-0.027190822385037894,-0.5271179118167744,0.39103157882752937,0.8658286005608304,-0.5382150129345358,-0.1952098301746772,0.20169017636139652,-0.5628439802958662,0.49498245899989834,-0.4228163928811386,-0.3227319017623973,-0.7707609216111551,0.1855936176744577,-0.4649423209933661,0.5761777386790479,0.9191848974821182,-0.9292379966768363,-0.9398809573293316,-0.424690517194819,-0.29211726210040845,0.4042812988640774,0.7331984131926321,0.7090463437882784,0.07552643182810348,0.2005363715303441,-0.5956601398028709,0.44342706852985336,-0.6184994756516031
0.18697319820124814,-0.10349815848797617,0.8589729972572411,0.4088087261422406,0.44105063997232263,0.723517508137985,-0.7347887761263612,-0.7976732384057699,-0.5354957575414503,-0.008316563992796233,-0.1092845470053525,-0.2981710555239916,-0.5746766846785176,0.4653687299608211,-0.6502662950024471,0.9197890949553538,0.21130104010103046,-0.47642050146221804,0.4072328103092202,-0.03263543169767402,-0.07775548759802886,0.7707516780294941,-0.44745675439763377,-0.47681711368503277,0.9228495436929136,-0.690593750867811,0.2825929440691062,-0.007478724168364703,0.7215237707253583,0.506580815286688,0.9625791562546677,0.6289920374501721,-0.905258342431565,-0.6465891956497245,-0.6373899127025318,0.9015101287574507,-0.6895481523522176,-0.5225306535697889,0.810150325809369,-0.08924402934305076,-0.7545245979351389,0.4075003932629797,-0.18365083727138032,-0.31162269697921996,-0.3209511963254481,-0.05591171541333928,-0.6601120762444717,0.8314621332287575,0.08594420291385596,0.15131097283645634,0.25105085971921914,0.17184282676349016,-0.9264799148388179,0.23149322398524874,0.11697741600609368,0.9644841390302119,0.15426222795671962,0.4532084283446738,-0.5880591015559169,0.19685682009851457,-0.3529379119803389,-0.38545160973534176,0.8867897142083185,0.5791982529397404
-0.8009266255307939,0.7629412613913862,-0.7938526561517298,0.17580754356695572,0.833637586799961,-0.8226475018778838,0.16986833748173735,0.7055008221155477,-0.40411577824539036,0.9472456748755747,-0.4772502308236679,0.7930369331996959,-0.6536873347505021,-0.6276549010427321,-0.08280295088013379,0.7613304822378895,-0.3242901640162654,0.22414626146146466,0.7299781498845537,0.4839164342861768,-0.21011722073451145,0.6652972599366098,-0.45742596658089774,0.23126458277374945,0.7969676300496782,-0.7505407240078623,-0.4425075358377,0.16876478669418438,0.506518217943831,-0.7154804968117296,-0.4763223229285911,0.6201606135708908,0.9571454668448156,-0.19226627965814114,0.46091018720796706,0.4573749061814196,-0.03806810015310025,0.1549802456851248,0.4860471864849507,0.6510063092105225,-0.9843969994758555,-0.764887584102905,0.4475493405789728,-0.22794615250554684,0.8271859374126234,-0.1789825570520711,-0.679439607443082,0.34519722264898656,0.7411938308803336,0.19030370749747605,-0.16779188437716908,0.6948537247969666,0.877589363071241,-0.208511968782656,-0.13577286902720198,-0.9520871737597456,-0.8306336551664395,-0.49488141286966636,0.978635736432832,0.1988136443408859,-0.6134682004892889,-0.9756737691341588,-0.6041867155217611,-0.520758760163009
-0.3517698895296222,0.9863819039902595,0.08291758922347947,0.6659989603838146,-0.20273936522749714,-0.19532802361822155,0.7983412499967273,-0.007379875024759341,-0.7942146859761088,-0.005511130586806079,0.47932843207361,-0.9513008780438073,-0.45257240233074447,0.05434301135002273,0.7469167603007183,-0.10965055316476247,0.834747450690537,0.5192622503720914,-0.2031048129720292,0.18257051385175949,-0.9032752427769484,-0.9133348770587555,-0.7163433499687457,-0.8964473541498066,-0.2603240577363477,-0.8396161527062143,-0.5705633969838224,-0.3303869158576458,-0.22564933504704787,-0.3194318612667282,-0.4069104527266023,-0.2685547544376323,-0.9132261480040518,-0.7937742992543,-0.8095389204099082,-0.5456856873942642,0.10256046197655366,-0.5533803903529808,-0.41026588829889077,0.9937890689676114,-0.8026967606879425,0.5683219521878071,-0.9821092902760913,-0.37701439847313356,-0.1442377526545191,0.014535565218544821,0.18787478541048697,0.8775736047235114,0.42737749942073533,-0.3688814701923826,0.5211655933993677,0.33479274934534464,0.38120128593062863,-0.1705183214462136,0.36230053333317347,0.7133866700771863,-0.1833225829395828,0.6906851553040676,0.3408347298845864,0.5302911397137089,0.5293038036711601,-0.8075945115936407,-0.26624966862926125,0.08313683882326273
-1.1559772122887348,-0.6634241412906416,0.8510884296815633,-0.8519053205913334,-0.17372067768302046,-0.54362144949638,0.8574370403918183,-0.9914167500350619,-0.10726681584315667,-0.4640056052991628,-0.41018505228724633,-0.8874852276065079,-0.9696213469449129,0.3238590628706346,0.21407717543260407,0.9129597606490805,0.28312389499594315,0.5322155028591677,0.3903355024713271,0.9324919702998598,-0.5264737547473799,0.46873588558472323,-0.48946892078919046,0.05418387913150946,0.34083314429744305,-0.7888737537591124,0.5583289674418364,-0.19369210856436436,-0.570154147740507,-0.5592971468266752,-0.3910850178976033,0.44778477847372966,0.02742902038799855,0.8296937777750613,-0.479986667001731,-0.11529491099504519,-0.4817626473109877,-0.8541183062513287,0.8308456118991476,-0.9664323408420241,-0.18670258063013634,-0.34017793298236176,-0.15933556273817384,0.15947868640673613,-0.44205649024477944,0.6647335677143504,-0.12724094791169072,-0.2563266369245454,0.0429214473692725,0.04808363002264904,-0.7968303170490805,-0.8072005786268301,0.5170805654668365,0.3511088637762396,0.9042817930738183,0.9210392367710867,0.9697697860049463,0.14963727033407115,-0.3919057868812357,-0.9307001992268205,0.018243305766850293,0.51359631966074,-0.0032370432999258014,-0.03821259487283335
0.46203891708827927,-0.5359695850616084,0.3875239006660296,-0.4912714359466508,-0.2540318117561977,-0.3109266246416158,-0.7352343698573749,0.9759295063108342,-0.17498330340097334,0.46340382084794496,-0.11929570587863281,0.7766452894336027,-0.6726079479399185,0.5370963400467914,-0.65233878958792,-0.6102431270722877,0.5875372373404084,-0.7287352393546225,0.8140240322614163,-0.8512692300913125,0.3665478573016543,0.25619512385131316,-0.920903404151781,0.1627588276506753,0.027285186109267112,-0.06001015736085202,0.5552118930920504,0.6793512537964854,-0.5374356186201137,0.1896050619335996,-0.7767171866459919,-0.5955162763611845,0.44811371834778324,-0.47373072669290894,0.681118816958405,-0.022372064343335163,-0.24565998403210454,-0.13186491516483745,0.6092668667834304,-0.30408308577157084,-0.9874774252075138,0.31200753256002023,-0.021659334284897414,0.1180286348110624,0.8403702091019367,0.6329245023023293,0.14093511736979525,-0.7527316357854448,-0.09532777693931949,-0.7088870706234924,0.5817987627624392,0.37190961488368024,0.06340501167742141,-0.44350548378048193,0.028046362647018208,0.7958340654610614,0.18749514027351372,-0.3075720708774805,-0.9140805997305259,0.1320037741931328,0.7368144479836805,0.5578069588563288,-0.6764453135136044,-0.9296055384619744
-0.8776706587570096,0.10830299674765853,0.9652145998564299,-0.9457377356393541,0.3161885144776737,-0.1554680042436667,0.23129701421346294,-0.8034210873448315,-0.6274296551418632,-0.947167423188428,0.5072083048861058,-0.33100719751197927,0.7851710308236142,0.9573348093024192,0.7957423043892788,0.844053196063488,0.8042092858438459,0.8289609606516337,-0.339509144701464,-0.095559964591863,0.5508354895943441,-0.7446385516091436,0.3069301399876123,0.9185927102494134,0.8204524953834496,0.3130274722242494,-0.6234394458050347,-0.2039792057226164,0.8843655100040289,0.9330448622881515,0.7036527556375716,-0.3780103821329859,0.21267488782444932,-0.28618632854724746,-0.1186460905466502,-0.2696978724917738,-0.9065375441963996,0.15992100547311594,-0.34130864819593154,0.32542630082756463,-0.15740380898830497,0.3959489530619915,0.5861940747509682,0.17020234256903977,0.2901768249005827,0.8491893449346835,0.7175312721831584,0.8097297978942057,0.7546893179844922,0.689249225854454,0.5842618346130954,-0.6750444666412092,0.5925785959697145,0.7757597940678143,-0.6471874580600276,-0.6285519792261631,-0.2409360040155446,0.8617230460598522,0.3214165910455804,0.3570751634577607,-0.8705752228796466,0.47617934714649257,-0.73485273493864,0.4958124975360294
0.34484917660836256,0.40857532637441474,-0.8278150639568749,-0.9648174349860796,-0.3037927272728542,0.31895620974034533,0.4938313080413903,-0.7746254441264337,0.10591609079532649,0.5648814624618472,0.032747344763070174,-0.34533222461798063,-0.4405291591052132,-0.35835108132156024,0.6920127541314052,-0.9080343807104936,-0.40434655181508683,-0.9260072569427829,-0.32081260862415695,0.06223106276472712,0.7809426792631791,-0.1255887076642208,-0.20646690679914004,0.9009684895848695,0.6767533934471663,-0.6862126380862128,-0.32489200081319725,0.24095451214499342,-0.6299509790656239,-0.5175238315049828,-0.6722649207658415,0.7753238738427182,-0.3006363173840756,-0.3336532277887416,-0.8667266229210437,-0.7440695479385049,-0.6030334992419308,0.6166629224171458,-0.33072220500555805,0.2080074153613578,-0.5946511119363893,0.7089985494558613,-0.9407263496254519,0.29680298649670656,-0.14352454398530634,-0.6172432827860808,-0.09080065690117123,-0.28400782663472746,-0.5856548345412487,-0.28271012631309733,-0.311864171485418,-0.7030054784614634,-0.7658029302427214,0.33096847902159143,0.09502818360137688,0.45174094865726633,0.0774738615642907,0.07372434079261198,0.39852843542884564,-0.23042705593210244,0.5092274842727313,0.90744327979224,0.3989567317886369,-0.7959633528313106
0.06220813986393847,0.060938810284393075,-0.8990682664123482,0.5045177761347241,0.05343151438910021,-0.15979189969118068,0.43041690179190906,0.8230741769774179,-0.0015733719418613568,0.391678385412938,0.7432802678400763,-0.9610547317755929,-0.2441185800560186,0.4280996476729353,-0.38549505283638097,0.5503569833062638,0.36980731670417066,-0.6715749141574323,0.7345065362746244,0.6202289029409107,0.33851564848203464,0.9381188466891099,-0.7140345477098351,-0.9033983743154002,0.639006624201498,0.9158346943690989,-0.4447690042601593,-0.7904031871322952,0.08860852808903807,0.46185834779083734,-0.3886762485502322,-0.5287430251533161,-0.06161529007706301,0.2085689942546789,-0.19959371760678923,-0.28654057219111695,-0.07841468903949878,0.9754372159955038,0.6342494828506064,-0.43579529482229984,-0.4485686835660192,-0.8670898414376402,-0.9212837318338432,-0.15352795862290547,-0.7092766707260796,0.45713869335928625,0.6910188864928,-0.4777630510462232,-0.46460767651216983,0.42526823916169487,0.732087580401783,-0.5868166780996584,-0.2623795782648739,-0.9488205949730859,-0.15037651913602623,-0.7791606473987975,-0.2699986043633724,-0.14275471283237695,0.30336336623761406,0.8895190793554724,0.0619175453926788,-0.4414181729607123,-0.3242130106384966,-0.02415969799629769
0.014616947145067671,-0.3680097136419995,-0.09805384099241543,0.5162377633052682,0.469704285194521,-0.5904385923065705,-0.6831845167512629,0.06856813103634418,-0.7460210036182411,-0.11636721817611395,0.5928746808535761,0.8816737232125846,0.5249286614098165,-0.8305817661084329,-0.6320586413752016,-0.10642851931271369,-0.27987763556676803,-0.9439214094762256,-0.5377158637881738,-0.2686494862227413,0.010113901726399588,-0.3423407965889582,0.9901157809257106,-0.2284319717575649,-0.1938909378321647,-0.11576574332833678,-0.5121114274152145,-0.9257887446059545,-0.8558766301327398,-0.7169348524240111,-0.1597995904298577,0.6205491851311302,0.578463626895906,0.4987546965310239,0.811935312208939,-0.042918077785352615,0.01868394773732529,-0.7407840239244958,0.7207641612676423,0.10089320750568431,0.11778389502821729,-0.6459758515911744,0.04767447119039847,0.743030181916051,-0.24525079701622032,-0.1348981019249902,-0.1997078449952272,-0.45857903182041326,0.8106004261665476,-0.2836949413232359,0.7739399839287604,-0.24789445463856374,0.31537387287585106,0.0657219101791553,-0.041697471549345666,0.7326242842190565,0.5455065456388124,0.5535131373357736,0.9346608736398727,0.9230561634178669,0.1682890543801958,-0.9157813699657626,-0.47493562969989145,0.3420313054939892
-0.85347084704061,0.6314669995499227,-0.6070281130667536,0.9263624362931693,-0.08498562520690744,0.04917790561915547,-0.001233422118924743,-0.7090382627499265,0.8008776051145623,-0.25737737512096137,-0.5999149425159003,0.4786012717617161,-0.6732415306052209,0.32470039606039847,0.5058880023798389,0.4999107745402447,-0.539783570688882,-0.89610228229079,-0.6518472835376394,0.286989073867741,0.4747816218307961,-0.8956098510313595,0.9792016956611449,0.43915645843260953,-0.6248089729696167,0.2926081982679958,-0.9391116773267487,-0.6446325485402027,-0.3736976326334769,-0.005312150761108914,-0.3229401196416539,-0.012470836708419641,0.5663317004301351,0.6686955179736769,0.806343371525946,-0.5219956846316667,-0.8931711568109275,0.01710792720585319,-0.3315977122518501,0.5355893246214176,-0.12285502285116712,-0.46049082939421937,0.8624937840290148,0.13008798261309162,0.6557280525899203,0.6998186219773759,-0.853526484490406,0.36979243222687375,0.11173301882184927,-0.734716614218698,0.9442621813235836,-0.7196983175354903,-0.7891150160948099,-0.9753488400308048,-0.1146565462582676,0.05288254096361045,-0.6794421280179934,0.5362396870195751,-0.621938983341908,0.8315963141822222,0.5404293335771062,0.5164676456677866,0.1457083115476867,0.7245881707423998
-0.38742355141426765,0.3153109940131156,-0.29921156355741685,-0.5393553093821635,0.037385549160692255,0.2209635480825396,-0.35592496387331773,0.6385321628348108,0.7452305085636961,0.6949522051829851,-0.9874790005094809,-0.36909866858282747,0.12168587266040443,-0.4863369378668625,0.06410804178128382,0.40109776053570734,0.9268252247700179,-0.6135173982374078,-0.5310869494781791,-0.5599192791163266,0.8431201195134921,0.6912217822925606,-0.3715383270307069,0.6654899557260161,0.09794931636766924,0.494360704371021,-0.1695023525721897,0.8590962694773931,-0.8837423961344835,0.8420205443206632,-0.4926198237961996,-0.33471164007455045,-0.3523116970060933,0.4717017669518164,-0.5599057484884116,-0.2999144681624655,0.4709090614480804,0.2327109350578409,-0.12833482157902143,0.2136014348733799,-0.7469660607330215,0.5778219842791734,-0.508203643853558,-0.8387179436714292,-0.27670149320218185,-0.07974970280726579,0.6418521831012889,-0.36378575569060567,-0.8175096885496749,0.7849584373925313,0.6221748653126933,0.6173414885512705,0.44208908827134663,0.30322459974620264,-0.9333513644063054,0.5936785730043128,-0.3936044119372686,0.3520254711658184,0.612418504586324,-0.4611012969932464,0.44094355054522216,-0.4907853415094545,-0.7579089195829973,-0.12884076388154897
-0.06870723349038865,-0.2547902823357431,-0.13201762204823742,-0.548349049100695,-0.12830763740984263,-0.2882854069567009,-0.3967467200829322,0.7981895333414708,0.895569561623254,0.5488805271992758,-0.6288453225814354,0.5368931470392815,0.6050822287269559,-0.9494591121058535,-0.9558268939613761,-0.3095297536522361,-0.6497937973316716,0.3148968982042435,-0.8809798560026874,-0.635866674370251,-0.3915886022894235,0.3279184081373756,0.09565707183525984,0.7965070105072134,0.8689539138727624,0.732561365521907,0.5592796906924575,0.3558691780562848,0.31799601198938177,-0.4073191406788066,-0.6235981119007268,-0.40352281561805947,-0.581300078820705,0.9326547836395671,-0.4130498588316813,-0.5049621590060991,0.3804841114209143,-0.0247801895492179,0.5530177886960028,0.7870752971094674,-0.5431843286325901,-0.9952261322331704,0.06078823424052793,-0.004326142060245175,-0.6285533233397909,-0.1851749376652485,0.783441063922562,0.31446701049332204,-0.25910295690316265,0.2660536629931425,-0.5709737950422358,-0.8806832115606402,-0.6269733931682073,0.6685323338099514,0.2376908501322903,0.30225230132384406,0.38711461809620906,-0.08965727798446133,0.09728125939228627,0.3659031073123489,-0.5596106379137615,0.5817554197880148,0.5306067300420809,0.9083894335506404
-0.6902985022116062,0.428911829427973,-0.8447903865240249,0.20402972967986965,0.7612399942524741,-0.05615196885354634,-0.7821541661169507,0.966074321047806,0.05637530178859618,0.4477806353898022,-0.25678246230365054,-0.3652956417977016,0.7745187148735198,0.6412845290075508,-0.31996515246691004,0.8978807514994889,0.8167527728950126,0.26685106749770804,0.14145331463019728,-0.8812756356965317,-0.19205179380848136,0.08295969580217388,-0.6903137047181238,0.5955387585414931,-0.5678238463680325,-0.7707463729202926,-0.539047902053138,0.8925495553995657,-0.510244191893978,-0.5325455076312573,-0.8461532144989266,0.9293410967835574,-0.49817163809024234,-0.49890024320907855,-0.44470416911391175,0.3129478402429202,0.8593796175338422,0.6467719016136986,0.28863218983567873,-0.8464148864058123,-0.6599157656672547,-0.3643231300996197,0.24082652317469133,0.7762271620815213,-0.31758594616329194,0.8935571469724113,-0.07728868122614152,0.4342081625322127,0.5441846191215289,-0.060348280584953784,0.6092832242943886,-0.04792370997882878,0.4021718394421767,-0.6315022210888994,0.7164287004445671,0.09299606603372923,-0.9487481606820525,-0.0655630115660284,-0.5198301054644783,0.6507550883453939,0.936742016594527,0.431652069964362,-0.5876753539724042,0.4858987965114552
-0.9448415280150659,-0.18393205895276044,0.7628494543802418,-0.7852393156431716,-0.6050808052514014,0.5633880338676385,-0.20614594963164268,0.5935573000600733,-0.6457835939175145,-0.7562545039811936,0.02869021881865219,-0.9516113099159149,-0.7975082596612062,0.6243787161590251,-0.9531873801745292,0.5946296030601224,0.18019928998746715,-0.43844515571666376,0.3200021324543918,-0.7032238693833057,-0.24424681777928337,-0.24405920585362528,0.5725044291240964,-0.38422132413423826,-0.30322335216627483,-0.9954498084901557,0.8207319440147571,0.3965941246749909,0.7953467984985438,-0.7410438351062671,0.17196019820971054,-0.6311905397765947,-0.23156435599710656,-0.24661206296904847,0.025169597649725928,-0.6844009683160865,0.27572850170772956,-0.45641607048772337,-0.32238072707686305,-0.38398752622800414,-0.4007179172893771,-0.17037082450080665,0.5193388648019857,0.24952532311121733,-0.6761760528135083,0.267197539140279,0.2944148261905173,0.007182421467159861,-0.6715406937918753,0.3326308597576477,0.16506782754489624,-0.13102620579294877,-0.34636238388663054,0.16171976969091362,-0.7183297430981324,0.8163166952790621,-0.7080494294438417,-0.3939588251976694,-0.4254124692532171,0.9330973532341029,0.5519696147905404,-0.7725997311976827,0.353481766786951,-0.41031622583881777
0.1369710475283772,0.440127254632503,0.7414363449963086,0.0245000148525667,0.22293940666902357,-0.1020108128714372,-0.3252255729719402,0.23633424222361188,-0.7805585186823962,-0.18087677377142275,0.4619280349180963,-0.6218198551388632,0.08970997064668973,0.1728137874207618,0.844057404437289,-0.5479136291096625,-0.49301296184969834,-0.030317846865630882,-0.7603536380357312,-0.8146552390682475,-0.30672838839302274,-0.5709140814253182,0.7058501497385739,-0.372995687383717,0.41593079906903707,0.45393836160642764,0.7394901245822714,0.022717933286721337,-0.5467875540723843,0.8329959335573123,0.7132674055872539,-0.7190652055404321,-0.16761087032350552,-0.6880576551158963,0.04415730165176024,0.7155307803263706,0.28484231630651435,0.6476630619210266,0.1603085006424234,-0.1323585929594271,0.8814093669368945,0.5673858502146472,0.9057601004380103,0.35399992672788194,0.04938393975366773,-0.6323362168761135,0.8659264656898891,0.2877433879021183,-0.30189905169042563,0.44802439595109833,0.8165199607943057,-0.4525132871496882,-0.5875853179472093,0.1559039027193707,-0.1706035482694921,-0.8774511920919272,-0.24726319477644965,-0.7532532563600831,-0.47744669816559204,0.13843159444757913,-0.6245179027102279,-0.7638485164640496,0.7669400113679055,0.8718215997374599
-0.08551856797360391,0.9308440781508174,0.42911306389015547,-0.4751719074456622,0.40116443397724866,-0.985627290944068,-0.5945131593525657,0.12469099372848436,0.9366751090870835,-0.0038121961305801477,-0.4411856675040895,0.5415671763754302,0.747214543082175,0.9487863232376348,0.84226082320805,0.6276107298353581,-0.7020191834424072,0.6339949103944589,-0.604737315924873,0.8288616309122612,-0.9680622541172836,0.8161338168653036,0.9100463618013097,0.35536564797146375,-0.4297882308418972,0.3315762632756576,0.5538196407731304,-0.49839176239318617,-0.04688351497210719,-0.3517994010646055,0.5201932999623731,0.9099873551610267,0.4421310201151123,-0.2063901621019304,0.7779299760562557,0.8336510228812675,-0.011986067931062827,-0.8424769165142196,0.37791756525330555,0.34069902629952264,0.59496834573209,-0.8014472338275556,0.20482003997942888,0.8704010072059849,-0.2692909270756101,-0.436914560727095,-0.2598323153305415,-0.5676491705512083,-0.07456749475398561,0.23363470480701531,0.38507063545791054,-0.13172790307055027,-0.5928820050294543,0.8546521856498472,-0.6942396889418836,0.27483520120426674,-0.2917320408770969,0.71731905464325,0.09746270879118524,0.20065340818273536,-0.7751428132339484,0.4614515838918447,0.1941295350884411,-0.3843658130056211
-0.15852695399101147,-0.12921276754421585,-0.3402152248944188,-0.45942703129852114,0.2811689709826821,-0.12451406948139909,-0.2415771641387252,0.1340837710370697,-0.3667810876372408,-0.5342278569277223,-0.5556587217921014,-0.6844298886266358,0.06798038218256575,0.10320652354902093,-0.540876965234991,0.0979007504596372,0.8507868230357243,-0.7275966199129389,0.616560965769869,0.04711761868795872,-0.8151047666580269,-0.29405863597039095,0.5218124857675748,-0.17488062711396446,0.6897250119630611,0.05484224324931897,-0.7912400384025979,0.45960930992148263,-0.45085930791856454,0.6222835552093273,-0.8883595392665293,0.38143921752123866,0.26890979290802863,0.5309295337268813,0.20619681599432105,-0.8715744276243247,-0.7539890401925493,0.06787538761992362,0.7891382084416856,-0.5339756106498652,-0.447111818664665,0.24897082176663154,-0.4319735832595187,-0.23707813722877114,0.18115508545959735,0.001900576275525312,-0.11031477083842756,0.04462256094828265,-0.994531180086516,0.16541884081991198,0.9245931454633591,-0.5310301661464252,-0.29817742837673333,-0.495750906034796,0.8384370852309668,0.6230192195981168,-0.9880287846359115,0.5768138812495947,-0.23278726156020957,0.7773274899510134,0.6529955206107654,0.09535211341971372,0.20193149122608922,0.21446465369940704
-0.6440562349743886,-0.5534869640690547,-0.2141306056471215,0.8248027702026175,-0.3541714684496404,0.5703455248201281,0.4377429200376266,-0.03496790569569419,-0.04264951166160258,-0.013509365083863134,0.5901040728255553,-0.8424991985660277,-0.8098785773550514,0.5967576988908825,0.19907162223914843,0.2238905973988332,-0.8289057781200497,-0.09550934760926011,0.6607790811907115,-0.5251339869397322,0.277648401074994,0.8782892088556136,-0.738258973447579,-0.33627345936486797,-0.9745038292982775,0.6098370143110379,0.34340020379191083,0.21586999545150354,-0.8225212009494813,-0.1933399500002544,0.37248605220905495,-0.801683102146368,-0.33643370270675543,-0.5454730296123405,0.9432340857761405,-0.008553698797145959,-0.08592463419503371,-0.12867246114765685,-0.9894223435382854,0.21823785904307047,0.7956376070842279,0.3594844137419966,0.4628199394389825,0.459087085571535,-0.6922690003965954,0.2734103583094216,0.6793823537242578,0.10022629515854975,-0.052324932871619545,0.4525299096181248,0.12810495691428359,0.07442985828535198,-0.7522643946315959,-0.7051696861411436,-0.70265620208444,-0.09522451461952053,0.03949799981235369,-0.8911545559333729,0.7490911235440398,-0.36636590055922635,0.7238084972725836,-0.3005719608368278,0.22977152325372496,-0.3700471758203865
0.013730083762905076,-0.7164375729086154,0.291240000483008,-0.04333782698752087,-0.7807939073390269,-0.7565067959688936,-0.11527930307564072,-0.21717500667441314,0.380343042892791,-0.8221077107504395,0.9398287275326824,0.8272782214564827,-0.22019023323585274,0.40852919661447507,0.1679976875729654,-0.31076281040195175,0.35072367522766523,-0.5768087457613258,-0.17034538926439668,0.34997106377963716,0.17664262665159192,0.6945107280366809,-0.37160947803902644,-0.63915646961755,0.2866417661614207,-0.08401427172717835,0.6630600559345818,0.9074947511143305,0.6574871479647253,0.939173761467873,0.14081598093987657,-0.3284056063492,-0.6636577155649104,0.2347144478764076,-0.8575957128735825,-0.6903037277690667,-0.39114230311810716,0.16596735449716915,-0.42673595883649496,-0.4606782102293727,-0.6288672321042876,-0.03344807362697155,0.965319328990641,-0.5090186520606323,-0.15152151449118412,0.864355345499954,-0.12774510620579416,0.40633659517163045,0.9182843259372659,-0.8445881392799821,-0.9024972856619382,0.13333805358737805,0.652493823390248,-0.04193776924039616,0.6118750885819422,0.9321866019936633,0.13255965517671608,0.5374268845168073,0.544857119110103,-0.9297856949302907,-0.6306049531670155,0.6638445623727067,0.5156094963177553,0.9022214497337977
0.5527431323092231,0.09861492171236175,-0.8100440454812441,-0.012444828921596374,-0.1536757884977371,0.767801174706479,0.9449807928166183,0.8723586599350335,0.5237447545184077,0.5262005623663624,-0.35164159857228117,0.5921262080656711,0.1317471336745646,0.5356036364296686,0.907483308514212,0.6397706731603041,-0.419722332734342,-0.8159624151874594,-0.44528998466713365,-0.6153293592259614,0.17666935636273529,-0.4174892412694309,-0.04313643761062558,-0.3678123221365506,-0.08306352926592275,-0.251007417873637,0.1174214778196605,-0.23261966362516895,-0.816572143974351,0.29982677571486716,0.4742035634783506,-0.24647244326692386,-0.5196665901974531,-0.5189927357743438,-0.2438781157072949,-0.6496811928655197,0.0908149016519908,0.5247430147461478,-0.6108483156257625,-0.5458329683832077,0.029421670387019816,0.51018893800336,0.5869273254861593,0.7296254325329172,-0.7947310056713515,0.35231280408323706,0.4344401328503755,0.7284842197481347,0.7982677554236395,0.8955236234730333,-0.5277405467795018,-0.9576357907653181,-0.26727035082303985,0.34820436894118156,0.9337718051797386,0.17989855997812398,0.6208331761899923,-0.8979297979007641,0.27488611603553004,-0.6287880241467116,-0.8525628829731231,0.6673869561663324,-0.8223690816797069,-0.5546278337730788
0.922571919867148,-0.32024693949973493,-0.8773759856709062,0.878211112173577,0.531381739291849,0.8068450330835006,-0.27275816199025904,-0.8420041133110843,0.23100462298907498,-0.3650871342103188,-0.9854186106244753,-0.014522796342870237,-0.1284157275399762,0.012025343580387649,-0.0747605405870495,-0.37364071827659984,0.675311956609222,0.30661954917428336,0.3849538025966013,-0.8723723024256673,-0.9873959832601356,0.5929097923940798,-0.038615115790523014,0.2130103643317709,0.17668502252563667,-0.5192336878905583,-0.21455597700039641,-0.20069045018131826,0.5085697128455682,0.3487695886897708,-0.5502370483623304,0.36451256686119904,-0.41907730723542524,0.5198274215672445,-0.9722669229321874,-0.9009335098821969,0.3432429528357366,-0.9958424934342647,-0.644165171888148,-0.6952069401593579,-0.9857330768757255,-0.7280691364943874,0.36493396743596085,-0.6098672928080973,0.7807846482651306,0.7292195427944719,-0.015075879065804099,-0.6224252067670464,-0.022074979934668226,0.10584204295196797,0.20211746400655883,0.9859307441124994,-0.18470369001617581,-0.17366546598599975,0.5159244777993985,0.9679941232982159,-0.22731621546470437,-0.5421652675028794,0.15496483027156538,-0.7662628570296721,0.0016545077353604665,-0.46402651388491534,-0.7818033768459696,0.7676382712935002
-0.4445290942705118,-0.156984998652957,0.9970418129616123,-0.9111962567636784,-0.6691617764700422,-0.3792939064801728,0.6402178328301766,-0.6749474060680174,0.35970620960848887,0.7751749736846507,0.4370560851402592,0.35039105291046435,-0.5453859761226325,-0.18756747405430318,-0.14502437048952066,0.28423105638852486,-0.8794580386847255,0.9266664575785752,-0.565353874182944,-0.18604838607851204,-0.08475537939080446,0.10144710378190047,0.42470601534537056,-0.09288382507962356,0.5620348966219275,-0.8715414917378057,0.6121455527582873,0.27209785063567327,0.6791840103447553,-0.009126643979927573,-0.8265307124569221,0.9520612334417402,-0.5344827194577217,0.9280169574619381,0.6323374456587152,-0.7591004827342487,0.31079105456103284,0.04306268247720002,-0.6202495909511083,-0.1850826713613003,0.34377560606026725,-0.2712871073837908,-0.24484679622873373,-0.9349631121086492,0.9774409620867655,0.3214809319712082,0.2649898434667113,0.8587272229378173,0.6064794668569697,-0.605111051950527,-0.2991862504920424,0.8474057027793922,0.04829249113151324,-0.3734987086645567,-0.6399420459672882,-0.03578979565453455,0.8867167696148257,0.22730833149007879,0.6211027234166007,0.2142822929534718,0.052251280590284166,-0.8775619002245296,-0.5015640937088199,-0.12474062019897025
0.3138756508442706,-0.8630035297609739,0.8650788059941799,-0.049889000290555874,-0.44716681280276305,0.46167596252800713,0.16628529859271235,0.4067784977215487,0.25426907324155423,-0.12193395547560892,-0.39609670540087216,-0.8385302555960641,-0.19761581180450283,0.6615573626498279,0.592285727402887,0.5202625899777125,0.632097964427657,0.9951719471822813,-0.3845778743540671,-0.3695208319390699,-0.19111175066958652,-0.8935012784823688,0.8105936692963525,-0.3796554154286531,-0.5532628062141087,0.33916205332887883,0.9117181257226978,-0.16704821533520975,-0.8449460284448966,0.7639619737249934,-0.189901706828139,0.41040777617820456,-0.8746497661836039,0.9436479344128033,0.4561704576205994,0.4097856306330325,0.7397755286833501,0.31609899987209267,0.47505575148665957,0.5755173983406066,-0.4875494442184387,0.6710168841697162,-0.8703060466365689,-0.14027938247783678,-0.2906545643079701,0.30065553347463014,0.16668853765546876,0.11754562833224935,-0.540807278150297,-0.27943798053822766,0.09651818268877976,-0.37993811484101436,0.840653252559872,0.34774266066392356,0.08414013213261118,-0.8743511773478001,0.8781562668242979,-0.7785001606490161,0.07331430867598754,0.22106995706057986,0.7717476836539967,-0.7508904428218659,-0.49460433796158454,-0.005491433323008277
0.8929207667467303,0.3864491019213001,-0.09895043218596,-0.36283743487852105,-0.8182441424149225,-0.3807925365482603,0.30707377007496617,0.2805689676544656,-0.010689660795067946,-0.6631790407912248,-0.20045287148620483,0.017281266389022054,0.9528228633192408,0.6449009470490599,-0.10980292717465656,-0.746767580045663,-0.5564360484951225,0.19582003187370578,0.1817014493690372,0.5942374406565436,-0.4425581607166804,-0.3709361489623495,0.45002632044065916,0.4730103698506878,-0.5287844711410519,-0.8432913001430651,-0.4187189696734499,0.45121498730107823,0.1710713132953201,-0.9934534139097781,0.019483993306736114,-0.4597713529120704,0.9470659611982957,0.9926376961863355,-0.8571509261090762,0.8789474672650532,-0.23455143109796794,0.22319701629811717,0.8243768727959944,0.021452885147418943,0.3928634493475822,-0.13874221020818434,0.3017445211675658,0.3822993455236241,-0.8459636794334342,-0.3879060378781847,0.2798792345005612,0.11808973119504862,0.6907289430482753,-0.9160604883794161,-0.9128835388271173,0.0037602304205417436,-0.3979867784190887,0.34984379771297935,-0.5723514184909393,-0.7610665834552428,-0.9978471589461351,0.9812609233894478,-0.3523908836949541,-0.17579393615344574,0.9166990291873283,-0.41732011547959047,0.3738317867469534,0.3203819144845075
0.01911114006294934,0.6052442660407948,0.003955703662971155,-0.16006929502159717,0.23943244339958247,-0.942486546802304,-0.9159193861272652,-0.9439237780727472,0.6802966452706896,0.6947268397915924,0.7633274046023004,0.15944206315002285,-0.09628887667055208,0.3475813509733521,0.3730406706963909,-0.9555885265241895,0.5296875061103092,-0.4510504969576443,0.1930267700915813,-0.8250806484156117,0.026617462149329585,0.175012231858795,-0.7565092275153589,0.6871335966390326,-0.3435232841620446,-0.5458046838548143,-0.5453938706299022,-0.8177692126167844,-0.3594701973510801,0.6899846621553354,0.4440214925673014,0.6597075200681963,0.6774819755591046,-0.942937991294337,0.948001205329768,0.10180714880247876,-0.535766000466213,0.37124857290247304,-0.6368052920013065,0.3417191203491847,-0.07689316659671874,-0.7481247441940571,-0.9575492146803031,-0.31606125323361844,-0.016769865426975894,0.7181338493682863,-0.8050230069530109,0.7175364315769281,-0.6845487629111822,0.7635363339956314,0.5559042677893637,0.673711218819876,-0.9879802533541124,0.8348793080449226,0.6526303270914748,-0.3950234691730423,-0.36945526218299696,-0.4796544565505938,0.9613042974388684,-0.1432009497057778,-0.07707605727765876,0.49748068174628046,-0.08208315384152542,0.13081521949373087
0.27745398463708315,0.04784787369110921,0.10928569953522249,-0.29882147207221,0.2783635529750823,0.9256169069184477,0.24186307633088622,-0.2130003312692077,-0.7730337463095007,-0.699391750873648,-0.767588672007951,0.12911539083389445,0.6574775576392948,0.48588251199355326,-0.5669031779030833,0.40378289330495076,-0.6362006980616439,0.23262657575148715,-0.6630016961877805,0.7109732356762133,-0.9937881195785905,-0.14919476217317595,-0.14206770671264923,0.4920841128337965,-0.30693540932603613,-0.3548900195555442,0.5399144153941022,0.4915529504142542,0.3416545676017999,0.11823205774590728,0.24476795082795189,0.05910773643587808,0.21966617704630353,-0.41990672008699836,-0.22451575348033836,0.8324855221472387,-0.981191511792751,-0.5377791487487789,0.21264029755300928,0.5309844489485525,0.7082884428806207,-0.2939101322132347,0.9532137335198259,0.12857884561934219,-0.1374578270067386,0.058250746904090045,0.500038865846798,-0.7758821053783471,0.8760325494998529,-0.3359439373054822,-0.2706849014427217,0.8180030707238624,-0.6464077015741063,0.15487175483490012,0.4552689582603884,-0.2622651191540719,-0.48916101742643714,0.8902576268581552,-0.7147496823919253,-0.6093337298875119,0.2550705039358099,0.22391985710706885,-0.28661911286667174,-0.868211871967393
-0.7047265189815286,-0.03361556416718181,0.4666841891628366,-0.35152132626292887,-0.9085643721170968,0.24219767216368826,-0.9274364537215745,-0.013272639244876983,-0.4425189450690965,-0.23619471604029352,0.7914992559126901,0.7220384717170296,-0.28295901070855933,0.5018146998554207,0.7606549156857236,0.9551534279620613,-0.3196649306466566,-0.6912775216164362,-0.9243752455152219,-0.6413127326965229,-0.8114513203648137,-0.6897458515929367,-0.046487815932242604,-0.04009324411833748,-0.07927298393490845,0.4867399222522464,-0.5713872711832084,0.4180739818214936,0.13101810647272805,0.3775398361883129,-0.9620345637809959,0.6149777445520586,-0.6138922603653483,0.044057191309063715,0.5882477179195411,-0.38276213284838323,-0.9359652117058703,-0.7251982099958219,0.581296901776658,-0.9165746685072778,0.23628402271584692,0.9370190001129961,0.06949223819874262,0.3798875209771577,-0.5131933017215657,0.837271646671442,0.1999938885366095,-0.8242670471720279,-0.9195225266355331,0.9750494367575928,0.8544274970422223,0.6729097895291136,0.41365151473540407,-0.5158457465399773,-0.08764886730632293,-0.12888359982152986,0.4044338773400129,0.3749851000464195,0.6812145232019973,0.9467451302670324,-0.6577671877389857,0.6549586613910272,-0.9281996182405232,0.08021653098083736
-0.9076814688780119,-0.3692448885988333,0.22847293288518178,-0.02317304679968557,0.07040762259523214,0.7999739986110759,0.39849590392876943,0.26573643276563796,-0.9575082378690623,0.27452313072325873,0.9006221865908559,-0.8230793731326118,-0.2578124027323814,-0.13295303547690418,0.08156378829530153,-0.8076387212243812,-0.03818917170458458,-0.1322566347854206,-0.7229719556395087,-0.9824478376200931,0.3334099721499295,-0.47519906200997086,0.9419576526572473,-0.04910162403418461,-0.23655352842415756,0.14855810594365448,0.6731272086465172,-0.07869269457937644,-0.6058780191930764,0.10235299840318457,0.05792156442390106,-0.1886399736373503,0.3056780496615654,-0.7913870235708207,-0.6180685216492126,-0.05927509044225787,-0.04217018331935951,-0.5419815787160864,0.6616047871967643,0.13599111124416474,0.18304320019640663,0.8007831414273794,0.8691184698795156,-0.2805627796923613,-0.2710164598224183,-0.4982600878553729,-0.9101407033977049,-0.9528856905951102,0.12471797691165531,0.8848582321096483,-0.7700413825624401,-0.6941665421795751,0.7162474928187716,-0.1575328408922363,0.7352615385732808,-0.9080749150381258,-0.6619212218703086,-0.0030662009890340958,-0.5233212466048465,-0.32098171458203817,-0.8407367313567167,-0.7312316975267057,-0.5861281230833866,0.3426069573255588
0.5267807663262503,0.5229320573501426,-0.10207510503789541,-0.8859724321227378,-0.07005363304541468,-0.7211791486231682,0.14605654801943757,0.4813993585361531,-0.020717578597011732,-0.8501091515244179,0.0008262298189412043,0.7381178581223293,0.9150389307604252,0.9513718734782197,0.1386740052937101,-0.2732506775140686,0.8863929421178398,0.2740205322858227,0.635803503596958,0.04168109845849122,-0.8254513859525499,-0.23774872973044814,0.10221360729108131,-0.17698843860659919,-0.83499728414552,-0.29228446775185324,-0.11778043083075773,-0.910623993625082,0.9822622504706882,0.00688387112339206,0.6333803739920933,0.012059867955745096,-0.1909086539816658,0.5645846519319686,-0.8892098140062556,0.6558697653562031,-0.49232016510068766,-0.5180440190769173,-0.610307264820549,-0.9169811409429338,0.07865937864272188,-0.23904750204944158,0.11024359174076959,-0.911205334440043,-0.8838873545238204,0.11619853729677665,0.9066108673279392,0.12425324219984835,0.5857115899165377,0.06477521725654212,-0.8811042389041286,-0.27858778388286387,-0.6530702242652964,0.04256250336498746,-0.37832912407454256,0.5611290677248886,0.383608786790107,-0.814826406772647,0.227965223581853,0.6958951337068036,-0.22469572702690077,0.9846634795419964,-0.6179854082583045,-0.8020372428956675
0.4567678770543724,-0.24080464435105053,-0.858034066469819,-0.48043567883156846,0.1769546233107,-0.15096820424223667,-0.25378570418282,-0.450901927613353,-0.07349099792549163,-0.3118467064081485,0.05689617455625329,-0.5272907707454926,-0.9304008913929875,-0.9580975840861505,-0.1722439212537954,-0.6493973364983319,-0.12641819367349694,-0.5729088900474677,0.8112992793834521,-0.7159152262034101,-0.27402271907857445,-0.6095596679713882,0.4474632836854162,0.3293818851315047,0.992152642408092,0.5814579203141024,0.07384018649140334,0.8836293408609048,0.41581007264519654,-0.611008629693716,-0.7722121698373621,-0.7412337487891199,0.5631006213984577,-0.6193019394888792,-0.9041387864165389,-0.7103074564896235,0.5572902290754314,-0.2869587398640534,-0.6550328190942636,0.6573427762829804,-0.2672339080080073,-0.2552461456653501,0.6406298020745758,-0.5999971980938381,-0.664150146097845,-0.015891572469900694,0.8658859909940511,0.49847845362928456,0.4320376655649394,-0.7717533094460094,-0.24186908534117024,-0.35008520316159664,-0.0425498979519523,0.23959419361858436,0.34639805566822246,-0.8115986647843159,-0.09833964615001989,-0.7055993432244045,0.4266723270620969,0.8116120075699835,0.09120731315166553,0.8879620489800286,-0.43199949131484017,-0.008876044950564932
-0.35428143987302096,0.6743559075964469,-0.6912048088605185,-0.6904050702512532,-0.23706230273933193,0.5499283443417469,0.06573555145714338,-0.9007017595076017,-0.9712984164279557,0.5159524453959039,0.9022879586949988,0.6835142633964799,-0.47443198048770685,-0.3512045309231109,0.20532801774977716,0.9092446262686129,0.21995900405750768,0.6953101718036532,0.4851938711708579,0.7459170545630933,0.4795110449337525,-0.23490336548526947,-0.8651602650836381,0.06995528500120818,0.5966576027158403,0.8941083908902083,9.219732671006398e-05,-0.33588873167422406,0.7608803880898147,-0.7254455800656732,-0.13045791729136758,0.08631458647807944,-0.08732234013512508,-0.8906991285782373,0.3675457046865249,-0.9915343504949741,-0.12332090035365662,-0.9561157530799413,0.4941668172163012,0.8394712419712813,-0.40265370621709584,0.723629550637165,-0.2320978644572902,-0.5326415062313159,0.283178183364007,0.8140655103494499,-0.16891733685370824,0.933048841122694,0.3886501510657243,-0.5536153364890173,0.4681383634962373,-0.31425148858323904,-0.8244041210991215,-0.36272542052888945,-0.5634676819725406,0.8038409667790616,-0.23669988234005168,-0.6794210005143813,-0.7400236368064261,-0.03848758976519351,-0.30286547973707534,0.4341477405883072,-0.5041549941720966,0.9975022713723503
0.11076339849957328,0.43438554615454605,-0.44432119897377786,-0.4762830906256468,0.7162997699661262,-0.8485337683648899,0.6612338742189647,-0.1461850758567873,0.4609286045003833,0.6677357648334079,-0.41131299404973864,-0.48591200967452663,0.19065140426826055,0.5951284213255181,0.5182530933155418,0.032760230209389896,-0.6476921389945001,-0.9475526435277182,0.34338307523934297,-0.8685338382259213,0.04014214799215132,0.13889575601718174,0.43536035917211735,-0.6575990015193371,-0.07608507498621742,0.1187573918482645,-0.6569036162542254,0.49856861129759844,0.23086798534278774,-0.9035044421994223,0.28586244132559724,-0.31311118051425835,0.7650969552640683,0.836430756799212,0.5773086987971752,0.5328775947042994,0.33903986605141,0.5755275157568334,0.7650247516889033,0.5091615784156267,-0.11273195090704768,0.6154440434351003,-0.9768170667382285,-0.14845581434037824,-0.6909861557159047,-0.38809118853074587,-0.8393670326407303,0.11835007077078519,0.5298746027318815,0.8878788144057503,0.08072654480955066,0.8307553593898331,-0.7152538265267998,0.18312370010668388,0.7254775698547837,0.4599017528566196,-0.7733927274307983,0.16150100584473903,-0.9256643394852022,0.9033540082209353,-0.5712218709376773,-0.6113492563501857,-0.38754635294824724,-0.25725607372157855
0.7294653340557469,0.453648536165034,0.6786545376774826,-0.6453640231350142,0.010908238256557512,0.3921904659632254,0.5353835015268917,-0.6958995790324429,0.9570702358613623,0.8711157967057965,-0.7520049745465176,-0.4658176723152543,-0.9640916885717283,0.6900614797592035,0.6403329173424637,-0.3543038250874804,-0.3492895936883895,-0.6650913535283902,-0.3098448835437946,-0.9488819566518516,0.5608132106548644,0.4027897640277407,0.06666974812137716,-0.0014976589340029989,-0.31300303344830094,-0.2175724226517015,-0.9156848031501825,-0.28224749879002764,-0.010952379212821661,0.42663325061135193,0.5995139659803159,0.3810750389861066,-0.7134295725056166,-0.5543044997220754,-0.7163388490047351,0.6224256279486982,-0.37529838440754104,0.8703586198651174,0.4586690099654429,0.627884111797893,0.12821949409090427,-0.42480347119528283,0.6926071126944084,-0.6592912756907119,-0.18347146825821836,0.741151873361469,0.5994333091295414,0.5546870676418181,0.12056880136260051,0.6303495626663329,0.015158378516553883,-0.3332334768524532,-0.2885516121295264,-0.3844217050202048,0.5543942017766217,0.9276763459886583,-0.02524164226125558,0.6364997890904878,0.4482112054476344,-0.010906068153843318,-0.4710566356453165,-0.08343701386475644,-0.11251025265798589,-0.008344088145535666
0.7432193921311123,0.9144942348204745,-0.6365175004260013,0.7379555074402848,0.6935915582391563,-0.7828605490517384,-0.2247156134766728,0.3138577925689656,-0.027758403852051083,0.8605338674060292,0.8888951368526663,0.2141527012357971,-0.00038757925363941403,-0.3521092881136716,-0.69985202447325,0.8599725635407596,0.1050486298788591,-0.4635959411537458,-0.3587563350514553,-0.08487109281430305,0.7238341547485192,-0.25733141314421437,0.22194518449035816,-0.20949003482559547,-0.5896376814879614,-0.03096725035379322,0.05524825055632743,-0.11908522429034263,-0.9454284375146933,0.3344712846332869,-0.4483903552293764,0.4141723942688169,-0.5102350003067839,-0.22449572518857686,-0.8592095403358588,0.6373500874165883,0.9568278712981726,0.7892627533184271,0.7451270665443561,0.46427811180528433,-0.7386233336467651,-0.6820911316770788,0.3737717749643372,0.5953266716164867,-0.7311053119537787,-0.5424639157917319,-0.6240208366207618,-0.39379549626909083,0.6478749637572825,0.43996382219994157,-0.3947475666443854,-0.5341249368337322,-0.14632844261978017,-0.6899775036675422,-0.9446215337021215,-0.0009367066672816282,0.929244755823589,0.020608832355357043,0.18034437972012252,0.23381082096327077,0.19272573593708442,-0.7317411760574295,0.8607300369135795,0.7703357512107456
0.1833480989822709,0.1932344238874959,-0.4979057582977038,0.10954232863880087,0.7400620451841884,0.022192953015327754,-0.47305261505052765,-0.2650597239913366,0.36462853195036216,0.18632255862161617,0.9161470815942809,0.7606516875953435,0.5513733193212664,0.005866917372731262,-0.917429838296993,-0.6178897653216051,-0.2964353670885074,0.7030958009846884,-0.5519755233169461,0.1705954150218787,0.17761197949708607,-0.7157644446537104,0.4741652577362294,-0.7957433361569477,0.8466764665547293,0.2544692916425084,-0.8819483464282307,0.6440843435530093,0.09740396782862004,-0.47791346624071274,-0.3145935784965008,0.2760109564839497,0.8438411054642896,0.8457770766750361,-0.7493663008272151,0.8293442125468216,-0.8076566419568272,-0.3688343117638768,0.09667446511179634,0.7005795515033955,-0.6401572919755902,0.7599522768197557,-0.6097920247405446,0.821324036788551,0.7475879871364854,-0.6762588464032302,-0.533854464429415,-0.09069366133474599,-0.39592101925952705,0.43879077107523834,-0.8341356236332886,1.0709956634788018,-0.4207989997734063,-0.07703754662932405,0.5224969421406094,-0.8516521977827132,-0.13699164334841774,-0.8052433755594963,0.24318277045905945,0.6012487187979181,-0.48637101380434267,-0.2534354534466108,-0.0004726665895984361,0.8840755993640346
-0.4285069364773777,0.8551831136613672,-0.3648060939596025,0.8516973940541746,0.9073681261986384,0.1420249101050759,-0.23132435939246743,0.1238028820317334,-0.7952965868374395,-0.043490568436146404,-0.5786420627615916,0.16603268565594975,-0.04809792132188706,0.5888700598392471,-0.13378998196852487,0.8543255532924705,0.2677047153696821,0.23174080789278806,0.8927021809905167,-0.7198528257101031,-0.4757970785846459,-0.4298415243052218,-0.9179626364105185,-0.8758044237347398,-0.7251960928608934,0.8987881960559831,0.6351875346684019,0.49580940275741936,-0.8897392482180306,0.9479316060113419,0.13416670976610057,0.8714370719135471,0.14665837933998094,-0.29963505474786944,-0.421925702510608,0.5375144309375468,-0.12420551642306088,-0.031019492766898527,-0.19450959452264938,-0.3259435937396924,-0.5576193689613425,-0.7942347536981715,0.13468354667064109,0.7258544043199593,-0.011793756477181727,-0.45492912770972005,-0.2020375550802822,-0.28138188892054194,-0.30098693842102997,0.9358270800030184,0.45580579342627203,0.8413425745794372,-0.375115722945192,0.5266264067618971,0.6553453721933762,-0.6134140125696383,-0.9667385901666183,-0.9326586628599549,-0.9993271805073114,0.06999089207877018,0.8721037163719543,0.7368356238662208,-0.8892764291721189,0.8072203025758165
-0.4836930290096506,-0.28222327711682416,0.22843470787074605,-0.404922723943667,0.5639459818238688,0.6298640779850486,0.6684519832844857,-0.6588089733541518,0.4775027245005372,0.5450026743141982,0.6770177764328131,-0.7385982923175305,0.3028245441855899,0.9512595223158273,-0.3048593544324756,-0.14945097854925748,-0.5880574462519104,0.29805154252954535,0.11648239155884954,0.25644275824521845,0.7840727870698604,-0.1204749432115646,-0.3299373326642756,0.798495760842947,0.44081620464184734,-0.755967714346494,-0.8585271600146249,0.43859407296726527,-0.260357864176223,0.1411344455550787,0.16214565781605894,-0.005850323930184809,0.7521453246715661,-0.632419606129498,0.8495788847242864,0.9163645776680636,0.32698980607617933,-0.560046352432382,0.27516495749594094,-0.19858118471970032,-0.54871265261624,-0.03686153887251886,-0.08749078875514926,-0.40601590251270414,0.7105845178378656,-0.47140033646472057,0.26780558746967786,-0.8759781243251745,0.031129013433395025,-0.04479730458332054,0.8685116866501528,0.9991979213798283,0.8908231073819766,0.4328443466038534,0.10943224302650756,-0.381010836651293,0.3512312762793952,0.3500151591750007,-0.7124179771201886,0.5579801559910311,-0.3606459201883281,-0.9063728988400985,-0.1372764414692189,-0.25793385162337046
-0.7573068066582449,-0.025650812503295484,0.1171446957184934,-0.015593621004643898,0.33359110978231477,0.12313939845617172,-0.5838149826670378,0.23616432184302472,-0.4817491188051066,-0.19659529677559728,-0.1413080749047826,-0.25964780006780663,-0.32742613722909497,0.9074555341042729,-0.5558712351869759,-0.7565332455381346,-0.15651930113995194,0.54997275168155,0.14510228686737014,-0.6347837506940024,-0.5213422125460629,-0.536088230552547,-0.955092383525713,-0.5918540820492189,-0.724782539615904,0.14920085449968923,0.25553622717640345,0.7030681476905793,0.3620737381317729,-0.27637621543377966,-0.2749068882986241,0.5568083441912097,-0.6481307641250438,-0.06577525466527612,-0.8261132861204208,0.9026364317790738,0.5989285371787136,0.4627662538400401,-0.8580365832881034,-0.17227180414047005,-0.025889025248176933,-0.7811331027689701,0.6768342553828912,0.05763188812943887,0.1388007138422982,0.814330798243212,0.635670807454574,-0.33101876302167255,0.9807876152080781,0.043511165938038054,-0.6554395782890332,0.5257903533146471,0.7230690403099749,-0.2321579045257256,0.8319727384385374,0.39854087476996103,-0.21084680873198436,-0.6052516154970353,0.24734697484132462,-0.23677876313675728,-0.11692846002720803,-0.3819412600904626,-0.7544786670243189,0.40207531259130835
-0.8218175968897883,-0.8420276926528363,0.07757473882075061,-0.8490223081837569,-0.8968018654344394,0.6845301616151211,0.833776635345463,0.5416464047865042,-0.7255824181587078,0.8081506661953684,0.15195397448699777,-0.9091904207986778,0.9316674178308013,0.13768030296574496,-0.7120639784219738,0.6045119674702273,0.060773406770708194,0.3755040463321073,-0.9390927772333095,-0.2202974232074899,0.1949830318475112,0.3118196490526335,-0.48085105408534656,-0.006637854049061032,0.3204237743587601,-0.28268098059602886,0.20832202006644462,-0.8354734827499286,-0.8655958604790464,0.5747115260762312,0.5238271779769628,-0.0562057523448356,0.6957778899621414,-0.9191854967258946,-0.8058915394712416,-0.05970382389459683,0.5216996046972493,0.1458075818890765,0.7799113470731223,-0.701446510144849,-0.7501447347359662,-0.5720871317488301,0.3851880418103555,-0.41472004863461365,-0.9970414915602639,0.9464656241087841,-0.8671412767776121,0.1957493588043251,0.14782030546054847,-0.968457891484386,0.841579272308457,0.5481171561320475,-0.6272702325791224,-0.06438867893954714,0.8205132130301065,-0.6534530436191248,-0.7785653550683624,-0.7324832498711791,-0.41451786878650143,-0.41028030422693784,-0.26097867077987047,0.12682314014051266,0.8223420395260987,0.4039563556937218
0.37986380667026576,-0.969875471347152,0.3850881825778911,0.3668215606315959,-0.9321075216966515,0.8390171685572665,-0.4660052090414508,-0.4960586711292909,0.3005746615538334,0.7179584432086394,0.776867641741428,-0.7947496903431359,-0.9178006425292093,0.6588595169453764,-0.9948000141520421,-0.037407947198399905,0.4446762039331651,-0.941208174556116,0.28898540328971056,-0.4183806727684798,0.1498372174190188,-0.8796612617189192,0.14778871901299784,0.095308412963931,-0.8067466175219751,-0.6263269332176546,-0.046054124376881944,0.5832400629031602,0.0018629884521315088,-0.015883080557302698,0.30521092738833056,0.20978814277322555,0.6219150537934608,0.02176086058964488,-0.44469871608656164,-0.40335341177920125,0.8012131438920904,0.4876554172844776,-0.8673456111723448,0.9093110832880138,-0.6177253379757421,0.4641432630477711,-0.3406417671592119,-0.098209556421895,0.01556555699706652,-0.6217685165565641,-0.2331373140840487,-0.5500192393637693,-0.6124043185345323,0.888497457600218,-0.5901424402646582,-0.05809379138883597,-0.8473827547742117,-0.5488048569865267,0.9097433763312046,0.5829122044431112,-0.4098284520420321,-0.3246657845800176,-0.8624665454686427,-0.7288988384274706,-0.5118319934106732,0.331327333115254,0.334947237967105,0.21484712356912916
0.3894606496994899,-0.010391835849619557,0.46904549474608026,-0.9516492326780903,-0.7767055483651317,0.3058173676602982,0.9814060161714868,-0.8551050845810018,0.8419521266437142,-0.8479462087469929,0.9815585508226541,-0.43201528162720115,0.5372728328925067,0.9463389124788317,0.8157436784214096,-0.905216077817923,0.9931544107433081,-0.6500873094620441,-0.7254204091543657,-0.4346495445239429,-0.8804280409307768,-0.9692473023911263,0.448961039739191,0.18360296443544,0.20673653689871063,-0.5061437986056556,0.4476893175031933,-0.4854485485889455,-0.3414172434055318,0.2226709940770797,-0.9770190498174953,0.9036688110831699,0.4425845381380462,0.6595908643616719,-0.36600734270003765,0.9133695872731711,-0.8936924967547142,-0.5290934793622368,0.13484089542803868,-0.4904309082135161,0.35838951649946904,-0.44761698469052513,-0.9237830952324597,-0.9438342178043786,-0.6189123504450746,0.11497068833664748,0.3612499411480512,-0.546585408752454,-0.4818237197565718,0.3281192935986825,-0.2375577982228234,0.31796720340065465,0.5806595386678302,0.9923995601377751,0.11233304865417626,0.7871899564993032,0.06784844522300726,0.9769340826118322,-0.2506483719287935,-0.6244176600112821,-0.7111614052002597,0.09896050590746852,0.7271189453060347,-0.2538047104401464
-0.22414805899879098,0.3803269903332782,-0.8977062887841691,-0.39019562743358205,-0.3655180064107224,0.336959243711187,-0.5623824346606494,-0.07988947608455432,0.42328306389509907,-0.18745482035978656,0.5675509182509637,-0.09016574202008876,0.7472624891673756,-0.7888950750381418,-0.8930143481754318,-0.9573976454801896,-0.5458754289872236,0.25540630527054087,0.9792872957188197,0.8667094278284067,-0.754498763260012,0.736454526440232,-0.9677536002849909,0.20674690776449367,-0.3945448366077733,0.7951172651024887,-0.4502610087042096,0.1176757428986086,0.2991226581917181,0.944431597137593,-0.25059886121491126,0.015958478849226188,-0.5725394199660649,-0.8284397681623554,-0.9936585125316015,-0.13642578453751608,0.7573836127202032,0.6974381928051596,-0.67695056543506,0.31057513231055855,0.7573817061915642,-0.7118082815592846,-0.3084324071434621,0.6029862191379018,-0.11281314408888421,-0.04876236837916359,-0.5430684813325997,-0.8211276289419207,-0.4034970979388892,0.5389294637905577,0.5789961184755568,-0.30679775341613325,-0.6534433803260455,-0.1759849904412656,0.33610727758164627,-0.5891318253221707,-0.9275087786073493,0.2596702553774035,0.06785740320852574,-0.852649239149138,0.5566726301603198,0.9009868461562118,0.7707388291069388,-0.85660714826776
-0.2416649595479794,0.606019772078439,-0.9903037028147232,0.30354578686626565,-0.9650265719481315,0.21864426833925843,0.7363727568289338,0.9703045984097212,-0.11720200787780954,0.16009734215800742,0.7005148197872326,0.5494221858380552,0.828538146725109,-0.18372033982134095,0.12988284492260505,-0.466104879160248,0.6596208322756267,0.49044797743510116,-0.24916747584619725,0.6585562808495062,0.8891704377765,0.977948956082987,-0.5798299980548101,0.672116468998323,0.4135714123840386,0.3145932661667181,-0.24167993723676284,0.15994465555264137,0.7829916481345065,-0.3424950775326938,0.5659985680351114,-0.7696405631278234,0.7859800220538109,-0.287816853099927,0.23773809868566476,-0.7163404255145565,-0.14264203228698702,0.636296690499367,0.38783146563014026,-0.1756536365841357,-0.9768269210680545,0.9807167998870474,-0.01930926002959321,-0.6365662383005481,-0.754400604413173,0.04639090020132186,0.03259339884086776,-0.7317308140352259,-0.08848078553418648,0.4606494818334683,0.9254934486022901,-0.6885083290502709,-0.5668522839095438,0.7534524168552392,-0.9742886192512714,-0.6354138133439782,-0.7214632117653708,-0.11850068537233288,0.6287256657237696,0.9275537684762838,-0.9680074592020167,-0.052011808689234496,-0.9649510030234436,-0.048737087867772644
-0.4974209752500942,-0.7921153733786466,-0.5052751602174577,-0.22869860128424424,-0.9698108215424226,0.7139768905226882,-0.3583324826564558,0.5666055986054623,-0.09744081587795783,-0.17443786665534478,0.6444054713966971,-0.2632339974664486,0.8631915248581075,0.8162562063518066,-0.19948016736177943,-0.8055135692363202,0.5883119091893261,-0.836787562169053,-0.4662884802940419,-0.323135093557952,-0.6039242736371759,0.32184667335702266,-0.051144938626829006,-0.475061580172466,0.3529897644145268,-0.24187424529082469,0.09512147644224922,-0.9016539853833474,0.2605863691187391,0.37315103338628774,0.3416139569579604,-0.4609792134773132,0.16237467950853346,-0.03767980002632676,0.3994736081691719,0.6841856974338119,-0.2599189206313828,0.2519124404718358,-0.7620282645299867,0.699840961489955,-0.7490046228061917,0.64134700644685,-0.43435801296638954,-0.9173150447891432,0.23853331329883565,-0.4911267686894871,0.7122240786994198,0.8100993521555802,0.05063571351767404,0.05755715916454163,-0.8818268888866063,0.3296750706084317,0.23254770227699595,0.42401383736724485,0.722626343218578,0.2819889084117213,-0.18294593510251356,0.40095543233749587,-0.7600683947898179,-0.21682920518284,-0.05653052847478879,-0.5482730226733509,0.7673634648539476,-0.9895085910862313
-0.4897335166046879,0.8820751800379238,0.14944635589625221,-0.5781143096409218,0.41048075028020303,0.37241064779272404,0.3241178465169088,0.3354311444964595,0.8928698632380796,0.44309811044230707,-0.5263560138551155,0.6186054668070882,0.03700122395359706,0.42215034937967744,0.6237421052845147,0.8795892602099609,-0.6729026404696494,-0.12754824351152094,0.161009232455404,-0.9248828159350588,-0.06616734958165948,-0.7125943475342766,0.07283412344479112,0.8789323760555776,0.840597216762597,-0.41759121789409814,0.7674221575595521,0.4079741600902975,-0.8908384055521463,0.2494447911952442,0.25764568822808076,0.14225031858730564,0.5647108838860431,-0.23915975827678704,-0.945436746650959,-0.015810557228226108,0.056486673714720714,-0.07974103353166595,0.8654675641565335,-0.591727672165562,-0.423548095768685,0.46963753913145,0.06294684295330355,0.4460823327164172,0.05954533181084076,0.29314334791162966,0.9424792631951213,-0.6435973063317022,-0.24976796959328484,0.28656377169787906,-0.8410597518641603,-0.3408291605847469,-0.9279505256192968,-0.810342597681422,0.6619795923331551,0.39080255049737833,0.47140489026422294,0.022626359199932944,0.7024637556002942,0.40459726086998016,0.20607270101673536,-0.4106636634905203,-0.6802516904195566,-0.34226169082549074
-0.04736759033742688,-0.631398139139906,0.48533788271234246,0.336236961472546,-0.5616724223983911,0.04563632811988816,0.9639109865663991,0.08946385190538297,0.36324746591997203,0.9150686426650196,0.054268379114201126,-0.700833448380269,-0.4400504045207123,0.27509792990408566,-0.7027277832312326,0.7595188455304546,-0.42990019344060015,0.31898364115741407,0.859945057216853,0.37031511683185236,0.911141169871182,0.27285783902183414,0.5719954366440552,0.31620577862513866,-0.3131355970230023,0.6053300402215696,-0.1392485808451418,0.6919565636205778,-0.7731681462586428,0.3474783587932795,-0.03700105205780391,-0.5953067851227654,0.5296357264186913,-0.2074429835169087,0.2727155139112172,-0.2492734960660543,0.2756827057781597,-0.1337761847335992,-0.1339259649211999,-0.9681429940920319,-0.994696395328998,0.9757200644060244,-0.03147656692854883,-0.04734035444588258,0.6267593447716355,0.4140132890839898,0.11612260682795239,0.5239265683798751,-0.057822244202532014,0.8621777362935779,-0.2897658430592198,-0.7561702040197291,0.13139746954376386,-0.6964806001056922,0.7837143871245231,-0.10032653501509992,0.6463103518962736,-0.35988438517270227,0.7967990984000968,-0.892275608904304,0.6350374221521367,0.8144924892508774,0.8638674440290786,-0.8277869174271997
0.8135788492820888,0.6575808728071759,-0.0997042374770043,-0.8208350631332519,0.44292898569976047,-0.9834531906838548,-0.7631785442860661,-0.6446859357212222,-0.39277814984653503,0.4302948466365446,-0.8290958812469653,0.5475731195786282,-0.6487751742840435,0.30853973560857884,-0.9241304517302757,0.005832844284118011,0.8813527199112168,-0.7936977063199333,0.7079572415049926,0.6307494675051397,0.25511613441988423,0.13178171710006525,-0.05215428996929239,-0.27338113214601045,0.741387965083266,0.3977429680690172,-0.5114114142235984,-0.9980394808657145,-0.9418690387440718,-0.3943634537512466,0.1333187764536703,-0.5508323068414733,0.9355934612458687,0.12759186703676395,-0.10152316889062996,0.46024362473167124,-0.03126189514959443,0.6103979602468192,-0.2657278400811911,0.16862187163581566,0.9402265993852317,-0.9357075832424835,0.6695292786609466,-0.1368774720539725,0.6602128466789784,-0.37472011771921143,0.35730747659270756,0.8027452352767763,0.07140125818645471,-0.26069475434425304,0.16946883863290996,0.8572668667929635,-0.11223561058343656,-0.5279639364328208,0.9996942729183633,0.09531226883855304,0.20763902384484534,0.7192455813542507,0.5474349167882853,0.8240680840158696,0.40775751050184783,0.5783604028149743,-0.9521005104151479,-0.2899878772809481
-0.824933515995719,-0.25264383369423316,-0.9437351431964718,-0.910719916861739,-0.3787001008857376,-0.2115711986532689,-0.15110308342567813,0.9060722748340031,0.3506175792316306,0.9325021570451766,0.9396691021796919,-0.015498755824221888,0.4222563980874974,-0.08563248010902091,-0.48155247607088847,0.5775546362749886,0.2143328743064139,0.8558501523573068,0.1531316891964778,0.6275011818460301,0.7814637915792881,0.5483600782622764,-0.47758073534230716,-0.0180571318963465,0.42010385948172146,0.5797455331642343,0.9134152540042935,0.1903342851081118,-0.23991882513354756,0.31562788147433385,-0.821793159702247,0.010278581633209383,-0.9204143745802043,-0.994567083848239,0.09453929181465126,-0.11435048443702778,0.7682773332087123,0.6234041513086557,0.1987653763400441,0.1024897565879801,0.7657881436229788,0.34821587418215016,0.27552670828814896,-0.023957195051665048,0.5462742068496591,-0.8702594754239337,-0.18549537654004378,0.37127143626786574,-0.24649827000665203,-0.5051317235125132,0.2491190980286626,0.7643879472947008,-0.3999763393002489,0.5231140445471476,0.3140161196396025,0.24256274502123776,0.854986066972218,0.06916819871918145,0.27800722103344055,-0.4436654982732231,0.46949996589998233,-0.32317815873683386,0.9215125997590485,0.7823243430088995
-0.5289368573163298,0.8260657439709855,-0.42485062083797853,-0.6884364966381271,-0.8303641538111519,-0.21282246257851023,0.9721110848123455,-0.12616192185033626,0.5963061452123588,0.04758116002024115,-0.2069652782491893,-0.43145943902064476,-0.9379807761427166,-0.24174623881470847,0.7423650887464643,-0.6048613937755107,0.5293039131984176,0.008956077082060254,-0.5749318848645417,0.7763719719262561,0.4441139361241633,0.9069006019087342,0.8912079773251702,-0.385394347597632,0.4179934846043527,0.2324785405465395,0.3980750462192266,0.5470939543716891,-0.40471567597248814,0.6099676335803474,0.473834702770221,-0.04637315497275174,0.861066793513773,-0.06133705245114118,0.43611452698811437,0.6595347743296014,-0.7348591353149705,0.8550947468993391,0.8909390063782374,-0.559123712894066,0.8205342533187154,-0.22691671761280885,0.5449500420838127,0.6498850645193344,-0.5032744115333876,0.617696734127682,-0.2992506553271175,0.7174037257943395,0.2433590842613318,0.8420108457112221,0.26515381317359843,-0.06739243841068077,0.16846365174898525,0.9930147591807885,-0.5064398561544929,-0.154840700487761,-0.30443952021801235,0.336134137906962,-0.11036981368274268,0.4064772812592752,0.23186923445965135,-0.3090973211439647,-0.9434625211953771,0.9830057188023102
0.35342970923784134,-0.8988764622768965,-0.49573283224025766,-0.30784350178419806,0.7052656823715282,0.5317199184487911,-0.1976912439295857,0.11693505850412089,-0.5373503316696775,0.11361749646454111,-0.5415689771619252,-0.5141356476212195,0.6011827034712474,0.9955339303475741,0.1788684409436283,-0.4892666876955174,0.16570988911815898,-0.06340940135856998,0.9553507984995555,-0.7384701315588358,0.08233024089733365,-0.14927541755784568,-0.038861340674626765,0.2440469795927256,-0.37897802971048056,0.2636532446618105,0.9323292610176184,0.2266099753661419,-0.26810571668107985,-0.4995932087873536,0.23499278630950782,-0.25472539773894876,0.36099322140292966,0.2260099759727343,-0.3082412363665812,0.4573104966223225,-0.9707839936376936,-0.025819961426135185,-0.8271375050152974,-0.7832291654307948,0.7636497351503246,-0.6949303085569349,-0.6285647518081932,-0.12588055364083894,-0.024429485614423374,0.3223087099306716,-0.054440031680213385,-0.05742417835624303,0.2329767997407426,0.37864071283699996,-0.6925420870179761,-0.7217969178879271,0.6120521055540502,0.40497398323861167,0.5900447231293213,0.1265857559528496,0.8647224187229565,0.8866592912595053,-0.5602359021689651,0.5687672556411005,0.48066273276322335,-0.8748362614868481,-0.6458587199451413,-0.8000144795927997
