-0.12014381125942264,0.7878682992035984,0.36810452170423,0.6959142262745237,-0.4043373016174885,-0.8289876187768781,0.6777533688614854,0.28873561411658044,0.7512687216912759,0.17682774175609417,-0.6602497689742732,0.2722201225085632,-0.8934210952448942,-0.24804773407458258,-0.41636689271684846,0.8031115988747501,-0.07256407887625294,0.053767841853667564,-0.6450106233938504,-0.5016453672806342,-0.5174099610152161,0.5131120889502319,-0.9937836537473441,-0.8824318217153191,-0.26325323372578113,-0.45879965036757575,0.4462188933440412,0.6265887373971266,-0.9394886724056313,-0.5531306939933383,0.26414868705303074,0.5013633336847361,-0.1693022632261112,-0.7142552964138662,-0.5261537411273811,-0.7881035368248688,0.3728274492128101,-0.21012646193866336,-0.8015203412107226,-0.02667269241933523,0.1385399850718101,0.6786172421662757,0.13565342481125442,-0.6951196519273872,-0.6721364088782984,-0.2675520694581486,-0.7865713614316763,-0.09014269506600425,-0.3839158260377318,0.08815784797585136,0.8072426484480331,-0.7589750353498206,-0.8616298374236151,0.2816002424492072,0.865092837908841,0.8885583172107361,-0.4652759675290674,-0.09801446521344093,0.01638344876034492,-0.9942835130010359,0.14526905892026476,-0.4279833748915607,0.3783099822142244,-0.8385350840852677
0.2909652037008119,0.05255629050230781,0.22248175825069127,0.26983333025048295,-0.7752418727436934,0.6989741349230789,0.3551512713075704,-0.7663191560296263,0.7640104510418873,-0.0905580614387691,-0.09651185165811382,0.02620557415490654,-0.5331402820297337,-0.23484293956030355,-0.03694071667998977,0.7930166650564305,0.9643226767359758,-0.18181094344729032,0.9765101743618632,-0.5544528298470144,-0.3176062335006713,0.0805677251682293,-0.6343099025169263,-0.7399726741239747,0.9130735985186953,0.32171069514028283,-0.8328998265993304,-0.9176412270737013,-0.05390219073905933,0.8209521036422014,0.5944904495627388,-0.21375337054902444,-0.4650313528590926,0.6604358979908631,-0.44463211254448654,-0.4230410561856477,-0.07189515771886468,-0.8024715229791239,-0.10442287081321688,-0.507706091376958,0.44093096191319137,-0.09805957444163926,0.41943824017261266,0.5824981491945656,0.6418855463613691,0.8099062737535718,-0.5072868380488662,-0.3923520091300001,0.21406177260814374,-0.9637770203864273,0.11127068945221419,-0.17403907637695615,0.5545868530956519,-0.5206643312465273,0.2847518639701767,-0.3501516019922317,0.8580120611099904,-0.9633078641433317,-0.8507671348852097,-0.9315565168663653,-0.5430550895238007,0.07460024042529745,0.6281146204995691,-0.482011321074578
-0.5201345507468802,-0.6705403571843092,-0.3197931836677341,0.7526203780948613,0.9875779395367184,0.5146032701290466,-0.173261231815387,-0.3903302527456638,-0.5302446863121915,0.968021957373614,0.65632143337751,0.4659757821939714,-0.5456845131016064,0.552883461688803,-0.3898448885912962,-0.7883031625826746,0.5386148356809002,-0.17313172297385737,-0.6032389583442725,-0.23343113085846,-0.5737201480841327,-0.7239593683495662,0.2457499500332001,0.177531380360066,-0.13432627324927027,0.702582119496761,-0.7974929519527982,0.7213613498754359,-0.19488085373759567,-0.40461051083385624,-0.32164494198748517,-0.8841524564554102,-0.9301736878167022,0.09120682347401932,-0.41150466703301225,0.6083820736433698,0.8270945481448928,-0.42744111590290923,-0.4871234474935813,-0.2231465430061872,-0.2131376175780917,0.9348827851629595,0.9133160665101183,0.5417122245849835,-0.6450336702388908,0.21661214435344278,0.971291912828715,-0.11205139908375972,-0.49637457836036636,0.3137083097882829,-0.439669317397235,0.4883380686098673,0.21783638483536816,-0.5123164065042602,0.19473846497146008,-0.5384504733731112,-0.7881643220540824,-0.5700938586672764,0.9326334851464277,-0.19135623705989024,0.6784003512413177,-0.7492087641347029,-0.8591126062969727,0.9539091658658443
0.20419687090981897,-0.919294480239542,-0.06442817160187375,-0.29763422166819864,-0.9412431965129406,0.555766917399168,0.7479980826968464,-0.07002690497658204,0.42952837893732876,0.4598453703045382,0.12997681407214623,-0.4745385931173105,-0.2523366477457252,-0.5226145835317961,-0.6602840024128842,-0.13359360997925918,0.32642796886093284,-0.7021491106026694,0.7058716287145179,-0.4833606067682148,-0.8229657883500883,0.377824162915815,-0.1731543215646194,0.5576607287797861,0.9155038046058284,0.5811003841224556,-0.8940106800676431,-0.7738907672714419,0.023657892095972688,-0.5884583384056044,-0.09186798874452351,0.21141254859490077,-0.5405269349443318,0.9434545434068283,-0.1252812643794763,0.362110554945108,-0.38254048227292703,-0.9919213371508011,0.1732560631836777,0.08816044381317312,0.17965853499862838,-0.9120408221204208,-0.9133121391185737,0.9119471596621258,-0.8961967457742617,-0.5929869926904285,-0.02632556063797753,0.8324131787988389,-0.9603831448517453,0.9897427293732997,0.9768228474324183,0.39564627503403815,-0.18817505047842564,-0.9497234195174924,0.5314614884175957,0.9878932638812348,-0.3089562095946967,-0.07109144978760118,-0.032594863295898335,0.2947931729073616,-0.7277191953527675,-0.37273699792942216,-0.7980287696881401,0.50006620331708
0.9119147167509274,0.8550410326512745,0.3635136272337469,-0.14005177879361108,0.39074293865249854,-0.95492584334258,0.8183951307319386,-0.8848764023905638,-0.02681795657533126,0.6444124142493508,0.7609951679685327,-0.3521252647881581,0.9566709679471113,0.8923954011242423,0.6635994282726541,-0.8593702682830164,0.3632768425960393,0.7248581710742601,0.1800111254754706,0.5512470199514342,-0.7707456470468619,0.9493161974838022,0.6884827089393071,-0.19734797886389632,0.7315021276527649,-0.7804852324838711,0.9498869869919706,0.021679360615584287,-0.6269503787814035,-0.07132346979682214,0.5585329532871064,-0.8722319772497977,-0.6341695277117352,0.377233263054332,0.9821747573975648,0.6902208181845384,0.018132117894682054,-0.8159430309926332,0.38827424707497715,-0.04884670875521868,0.5924318148588801,0.38651207755518335,-0.01427549911713788,0.8454815028179714,-0.337697762601169,0.570873303720741,-0.29830810287276543,0.3969755616706139,0.19376890847021921,-0.13990139748579766,-0.6901509192341835,0.2664212765495957,-0.577263526134949,-0.7255256620746413,0.8352940582686792,0.5671689307483483,-0.7965486585260162,-0.011946354450918406,0.5636330101790328,0.6117475776349033,0.6420674002414672,0.39022116492373016,0.48121599247782304,0.7544938121661076
-0.23248424852289928,-0.9661886116313108,-0.4697321838179458,0.991624416635041,-0.305728827835301,-0.17836991022262239,0.019214275094013855,-0.908330389668901,0.2132631117142123,0.6037443800436799,-0.9309751830169439,0.1922920669988344,-0.5717576638403365,-0.5300588207280159,-0.04446622629890573,0.8505094418552313,-0.43696057729417626,0.009822335498181012,0.39681303376023846,0.9092120626915381,0.7039033101064676,-0.46457718970426964,-0.002240794709825744,-0.046621095341412344,-0.0515864970491684,0.1549350523098334,0.5179501518959417,-0.4108429131524969,0.5104992688579797,0.5302008470193258,0.7127472098897785,0.2932266561926482,0.6259130656397593,0.1980464951716896,-0.5790400662265356,-0.6159429297582282,-0.4287098999294099,0.08050242125076079,-0.5990757992538205,-0.01682762245754832,0.9895319975075911,-0.893457154261518,-0.4386814482027026,-0.4824223863716759,-0.6871520060352647,-0.33495674584834845,-0.007291013958506953,-0.01911706904283994,-0.49155904446683873,-0.5412227214624261,-0.7519065354141559,-0.30708072868987824,0.11195774708713668,0.46401255212372505,-0.837962035387263,-0.19619702942971307,-0.20765653184292554,-0.18413327625635123,-0.8302512487481872,-0.8861013963278794,0.014988145267718744,0.35708661966669,0.4229522391574989,0.8156953889460263
0.2570761897215832,-0.6212092329833594,-0.2766495290579436,0.41669465743023815,-0.04752715381838879,0.9559473706692898,-0.6512510626693524,0.5214611692617475,-0.0564711505546438,0.4509424746171644,0.07811734642236257,-0.36237912037288456,-0.6288815925505336,0.42938552375379424,0.2422222171349715,-0.341938254197369,-0.5867881020789396,-0.6579070274943493,-0.8264132446830179,0.7493451580752843,-0.7116018458135274,0.8282500916443485,-0.29610454374104656,0.705614270079238,0.8911478524635383,-0.007235281948626993,0.8221350300084864,0.9709085167299025,-0.6872199043357379,-0.6970315758698746,-0.633975831980865,0.4449996632190012,-0.02496644115227853,0.6138320573156466,-0.6813142324922381,0.11328163018779414,0.7634907905280623,0.2745110416782828,0.32725245397328395,-0.927985081136363,0.21662933916700533,0.2203293422479753,-0.5389480523752275,-0.49028789429981234,-0.4866949184720506,0.5336503323678101,-0.0928170126181529,0.426576691243576,0.534053963537751,0.3666590806934831,-0.794523087188183,0.36735259451315816,-0.051898305503090825,-0.4237998939142815,0.8311271307438095,0.014172477393620486,-0.18597855484267245,0.3621118061234119,-0.41726732574845204,0.4909953790577648,0.545441861264484,-0.3143588877722763,-0.11331502270616922,-0.6417259773925073
0.876721352344412,-0.293610024773838,-0.26965731253594183,-0.5471770474154398,-0.7087493834303726,0.4686682927545185,0.16366656851947137,0.4021471522054687,0.7955209870123576,-0.022971494563097883,-0.93958321248562,0.9216839253153406,0.12016809291893682,0.23857801086235408,-0.4261231669239245,-0.2761430221365788,0.3867371654662284,-0.5012940598240863,0.8487085407574584,0.09637041170818139,-0.7944346264358175,-0.29573266703873613,0.7378102537925042,-0.6156539086641184,-0.8862735035173239,-0.5008017893603292,0.8120364831500313,0.9166900949378367,-0.6674898337533,-0.7347549548489292,-0.8662531723035982,-0.7755495562184087,-0.33647943137072445,-0.1701933586238813,-0.9780290020651987,0.14748331302287343,0.7235094183678523,-0.5974323790903335,0.0006519546582937075,-0.39167822644605566,-0.7706073430337643,-0.5362086703303426,-0.22911715761179696,0.602482575469383,-0.5422625423766643,-0.24328799844792215,-0.6236439821836679,0.4418401207402267,0.2517232661331814,-0.667665254448683,0.38139934136129106,-0.7599897722037219,-0.8018000762093775,0.9542126669057802,0.6296672411566167,-0.6982238567853196,0.6868637340600618,0.23770947097732176,-0.023868149747990675,-0.9152200446135512,0.5724112933502592,0.2007722563979415,-0.6415662481760769,-0.11965773836090121
-0.7463572859168266,0.6770773396461447,0.254696059548013,0.9896530145882609,-0.9141532992550097,0.786924488748068,0.38321865974203506,0.2323198940109652,0.3754313934289293,-0.8656386154445961,0.3527311026724884,-0.5530488853110453,-0.8647546723621582,0.9971445055102686,0.3494699683903977,-0.8224702612677421,-0.47553055561782265,0.7788103244883966,-0.6896629420578257,-0.9984660738555176,-0.23931163604339245,0.7048529440805049,0.9686277366910989,0.0910926522010247,0.6178492632778787,0.44142482475889744,0.9935591073056533,0.7399249304821096,0.900207166772901,-0.8770700917758074,-0.09484554040492754,-0.2077418781671505,0.03329582255270469,0.03852944174163331,-0.3507541839005144,-0.5451208412229758,0.11285815376079533,-0.40164714797876333,-0.763121868157083,0.30050397971500553,0.8858766037589767,0.6920287854844749,0.26207269479506357,0.766767812195591,0.37110150765467376,0.7459511646587922,0.06997941966195187,0.15339389509009727,-0.6794008708307926,0.2950937436419956,-0.8571776240597428,-0.34986176000015723,0.08346776085853591,-0.02409728450541304,-0.7003545821121628,-0.7292747171846872,0.28769870134595243,-0.738147593611866,0.9941430660568318,-0.7290951923195057,0.4450743983430159,0.39027050537767893,-0.8453423273310843,-0.5645509114216298
0.05365034565624627,0.7173406669439031,-0.9428909821418987,-0.7403299846941409,0.5443687736951315,0.15885479587896967,0.6509689763328668,-0.026376007843587734,-0.3173985135959858,0.8505382081010917,-0.007762745735351961,-0.9385718301178219,0.7491004263098502,0.9096109805353656,-0.30465845488877674,-0.7067315838531858,-0.8089323883222208,0.505787931381483,-0.5217368469142414,0.30567785510217105,-0.1995080082227867,-0.2529777825904478,-0.8179147488681893,0.6966045300283132,-0.724618738806998,0.3507870471886183,0.29378380598914267,-0.18548735977766628,0.9718651704787489,0.6914159125295467,0.06828611286198472,0.6976312280382686,0.2672227686932005,0.21561423076624942,-0.5532359764260737,-0.9970840516861468,0.6068004718486948,-0.5123035030009919,-0.806695064079384,0.5088644318531084,0.8267468794559305,0.3648118022652054,0.13651952808888246,0.2479281805588247,-0.4389909816284041,-0.860399262204395,0.649438480362968,-0.5883925711585538,0.8630259480488065,-0.29985561739493627,-0.0734183279480285,-0.57668287745177,-0.03929300062606189,-0.5840025551786461,-0.03163540668876874,-0.9908712980500984,-0.8600267599685432,-0.4502320521538439,0.951558151472663,-0.17122141176268801,0.638023494392856,0.14511166736333148,0.8429305828717999,0.5962857144076248
-0.20726758700883496,-0.07570425402422565,0.6108325611864933,0.802474788009224,-0.02419099919111023,0.08370697745313582,0.8769458457228303,-0.5249330004867692,0.6781062051467062,-0.012925555908376074,-0.08547051490612079,0.8116576679592835,-0.04568686970299307,0.30394096284077077,-0.2484719184764923,0.9618020124502382,-0.6580252591764737,0.2568540308847411,-0.8155223895554109,-0.7519758888393204,-0.24370689296450682,0.7996340414447627,0.7358529107448506,0.038284343410114996,-0.09555584394905559,-0.5197562104735034,0.37190951939469863,0.7048247106539178,0.491398854517926,0.9938769095100906,-0.42697843294804794,-0.941944842605436,0.7740535952006211,-0.24101039245604938,-0.9053691099418864,-0.47947860840821854,0.3183539324339628,-0.21598156364395926,-0.9259806204959542,-0.28915046571461356,0.7990882210077987,0.629727142813618,-0.09353228714854533,-0.9522838316226854,-0.8922490123985107,0.477939619897763,-0.37183211150797524,-0.6304538812235987,-0.38053564095381076,0.9102247280626627,-0.2245431368362687,-0.35810595270324197,0.5847294922519948,0.16320737729381296,-0.053905275029096256,0.47390925179539,0.2949111617286466,0.3939826968087463,-0.9056388622755716,0.13374316210500203,0.35010484701206,0.4922324026908671,-0.5254374680011076,-0.6886345082118335
-0.9485566792301441,-0.8226711531139037,-0.07567764823419765,0.2560798414335699,0.0462387524288852,0.722980731825501,-0.5271251715515914,-0.014026618925633505,-0.031748173258344226,0.09129050530847804,-0.567372563347899,-0.647201353291843,0.809284167179362,-0.8581759029899141,-0.8517021699142373,0.25809301896078307,-0.312798604174785,-0.5549876486728087,0.9161996974652649,-0.7042208894183621,0.5665168381744992,0.1642980564913099,-0.7876698019013109,0.08845255506191751,-0.09349756344533189,-0.6664824837948253,-0.5695327813116522,0.38583687310674697,-0.03240910381233153,-0.820792011416744,-0.8476834567690368,0.3458019219595587,0.6378647567764395,0.9747379536683045,0.07671109408460941,0.7105077371321267,0.5855818757115319,0.47377598925988806,-0.3298052457044742,0.08050391763647147,-0.24715588433173363,-0.2580435326385917,-0.25897954816851976,0.7367220232208915,-0.43126723100029607,0.7172225504466796,0.9279505327669137,-0.7954491488517534,0.11903503965258722,-0.2656626984377868,0.9672936002981116,-0.7256644932012946,0.10750291052879524,-0.07639580628817533,0.39813966929408684,0.7887170506465975,0.650163731678784,0.9353704292724041,0.21274834176645085,0.005985738642770633,-0.9702290890694003,-0.6168030832131264,0.5894573533393626,-0.12547830599514387
0.09352211218691941,0.0020965458202857334,-0.3253140991165866,0.8279674308776876,0.9306072271249117,-0.6463746199963802,-0.45825154223968734,-0.6214376296325588,0.034497946998461204,-0.11872306040512481,0.44633602813891415,0.025016182361539352,-0.9751072906064573,0.26118544929794907,0.23527285266589693,0.37232543857246503,0.9124015444226174,0.09376648339684723,-0.6756588277899322,0.8936286131071836,0.15980224766432505,0.1909331903448519,0.8806149835937078,0.6834723640819571,-0.5795010369077986,0.676967203377749,-0.3807829087004275,0.19571602404664046,-0.6189202974566366,0.7975598754814448,0.7050779215758478,-0.8134764924542897,0.8406046823233271,-0.892216511141869,0.10546346032211473,-0.6228737625670902,0.286906229372875,-0.8281572190251323,-0.9069877313367223,0.5612091945847502,0.9513450352803441,-0.7567443912122793,-0.36039862933773925,0.7475330426769291,-0.23146495949908386,-0.5193987051535265,0.03750563359158643,0.15260608554071498,0.17682052694487083,-0.4627802240033736,0.7154986655684992,0.6024359900115315,-0.3196292044951303,0.8314773949349901,-0.7538634680011349,-0.27797869099632444,-0.11852616454751552,-0.6391786653111104,0.5715654616208903,-0.0959642139475001,0.08622387306073431,-0.38058311790290755,-0.05723104147486757,0.05903012343695391
0.9971327047971192,-0.6770607333531307,-0.33357083348374283,0.5199840197994778,-0.08887016616276933,0.7686108638853106,0.010707322112609274,0.6461645789800974,-0.5253338132531495,-0.8319788705974169,0.8803555891471919,-0.424256288668847,0.7917217465997044,0.015132902656249447,-0.8551552477013571,0.8825536570035832,0.16616305463310832,0.3233300598371034,-0.11303743064612792,0.9069460275928569,-0.9411061271203558,0.06733242796322525,0.7449728368387081,-0.17968713196352426,0.22342452265644108,-0.4680635654324148,0.9861164740124844,-0.4782840514550273,0.3561086285836621,-0.8734244163090896,0.3182331102843998,0.6204432466771099,-0.6405109523358825,-0.058213133212365875,-0.30257349841591386,0.45578872304541074,-0.11904115259515491,0.876630688831314,-0.37392548973759454,0.5326350113518215,0.5045446768707404,-0.08200422016538433,-0.19987854814595818,-0.34869700911746304,0.8032889410788064,-0.6499224416993761,0.8910376285639279,0.5869140155438441,-0.39918270796703714,0.7766912182860572,-0.20044334449628787,-0.8687074391702581,0.627424918037278,0.9698118105525966,0.5536861112624536,0.3714951593083211,0.5674605014109178,-0.24793126311227232,0.2813404417953067,0.8582637256294701,-0.6233872398243356,0.6299829509288517,0.672230335616208,0.8527492502754819
0.6499896363473012,0.9544023584197929,-0.6163565747364568,0.03467424504389571,0.5961863135720176,0.40614199867146383,-0.2440798386847085,0.1286194789485351,0.9679574779759075,-0.8942793256791137,0.929771228681993,-0.27685646622438376,-0.579071694938551,-0.6752791009256331,0.48828499045208607,0.15950182538939317,-0.16909222265851565,-0.38078459823710986,0.3455264541754608,0.8508876502363709,-0.7434088726884711,-0.5331354229609448,0.8623565061359584,0.9690083291340092,0.8226309399409679,-0.5055569401291138,0.7878600746503446,-0.4296555920054108,0.36296542503574636,-0.7697928777606793,-0.3540519326010654,0.8327612259663166,0.16375825833080593,-0.2925990364500364,0.14818241763801487,-0.5063115912101395,-0.5679374558662815,-0.45586286258704845,0.3659546655414456,-0.8211438054583597,0.15497323785395856,0.17456864662886384,-0.874626276237038,0.4399760246780966,-0.3179081446834433,-0.7406724168272065,-0.8205857999800508,0.1352088845722883,-0.7324082203165976,0.39913888225172545,-0.43969268424876673,0.9837022145590446,0.9165578393102227,0.5412041864857116,-0.7442632201663877,-0.13848030752283091,-0.36572028024970327,-0.0880571950528859,-0.3545887836495021,0.9436912233789392,-0.6091402965192829,-0.5949723162897631,0.8206210455257019,-0.6653175683777353
-0.902804979938395,-0.15802549475150185,-0.31665062174501535,-0.5106556456595535,-0.8457226228542565,-0.04966922063599055,0.622335705625312,-0.0877252724881461,0.8743769581881724,-0.3511384945219107,0.4561128664733427,0.9975282614871164,0.048309036469909916,0.3830004671013201,-0.2796239681437671,0.7624578041899503,-0.6764452805252248,0.10939181836374301,-0.1408009211779595,-0.9009750459953028,0.5555326082234742,-0.8882824629714554,0.557996487911663,0.07894383742752265,0.34654165502059886,0.47147452681366553,-0.9081244377297746,0.25288527628195423,-0.24295229765350124,0.35899609215290806,0.3898586410114022,-0.11915066969021604,-0.21361008970928475,0.28169274230859886,0.8330705303473931,0.3715554686284577,0.6923119560267417,-0.8526567259797182,-0.5049736518447778,0.9660036169571078,0.3693846764541282,0.17065029759149986,-0.7539451836788695,0.6902755575894075,0.020505087435224167,0.7107375246608729,-0.9634663507119015,0.626688979683925,0.8178582649274493,-0.019983638112733182,0.19597742333588042,-0.677376886874276,-0.042884213901038803,0.9152097531911829,0.7548621601313898,0.5838173778647702,0.8852503789647741,-0.923908700474662,0.49489794392298525,0.7886089850845863,0.493621210238149,-0.7795102663416593,-0.8486776361649615,0.36867629911065425
-0.18274819869744618,0.27192943514261514,0.006508680002136558,-0.12179752845385594,-0.02851951762375937,-0.9675758532380931,0.9675242201468706,-0.20084754460441823,0.7952713829755358,0.19678065829203728,-0.47038315923227625,-0.8601967337429315,-0.1479485896561772,-0.43839208029922805,-0.5588003776193156,-0.45602637417614145,-0.7179087202608614,0.9819028826023528,0.7328319222008,-0.31896797292241996,-0.8867971011595053,-0.6136722799861574,-0.4906322859218999,-0.009414450199784152,0.9013869056496884,-0.9677885864595306,0.999772637272742,0.5450625387536121,-0.7620898216106033,0.30765341629863663,-0.9089782914532294,-0.7852656655241819,-0.09808945701531613,-0.05469715635041128,0.3597816771441005,-0.06439191180924864,-0.320086094234465,0.024795171549218287,0.8930550187750363,0.3588470624280824,-0.07061106405211381,-0.9146097352615283,0.8630226436765149,-0.3736607455877128,-0.7271339700907611,0.7055486883187176,-0.03841679726245517,0.4607638041885542,-0.6218224411265965,-0.5580621594527286,-0.5120927456448812,0.6578126203006824,0.9461405551972646,0.9642327339043677,0.8260484739557759,-0.7913262714271343,-0.2936668430338385,0.2514990809273918,-0.45076997693317566,0.8230086907538718,0.5926989053953731,-0.646570830612043,-0.0988297592035674,0.7571049830144974
-0.16902009281822972,-0.6933337705173606,0.43127268259282747,0.8137199464181732,-0.7936896493190142,-0.5414840171109638,0.6958415169294518,-0.5093781470024077,-0.11511334223867498,-0.7984754860319854,-0.23635585809818815,0.9268047758423996,-0.9643314411014969,-0.4366439756061775,-0.38373449991908704,0.26816344099020584,-0.09625062537793028,0.9346580324048397,-0.7880327402590999,0.8215186718879783,0.9269813719713673,-0.6680185612613396,-0.32254919509957447,0.5669668641550689,-0.7678676214466653,-0.31140167976289357,0.33629751457350965,0.6534436973469804,-0.3652025054972605,-0.4545445768520664,0.279639306020655,-0.8946545203735254,-0.8872282732182097,0.5889147206775813,-0.5296009167528748,-0.7355552143804172,0.7453567637673058,0.02920915409709357,-0.34248662484671666,0.9236077201598851,-0.3049205919400604,0.19190674307295175,0.17951627575369367,0.3584866564736411,0.6021569696630684,-0.47918067743619197,0.14442164049631012,-0.8308435028597128,0.8877043631002262,0.7580604824859742,-0.1887052596888239,-0.38621304511336696,-0.42213117903380937,0.018371187233945596,-0.4728654601665039,-0.6579211677651438,-0.8940834525471624,-0.3201011222820278,-0.13509739076360594,-0.023784951830293943,0.19906223099885678,-0.7389746687125123,-0.5517824018331199,-0.5876061669078578
0.5144850095926747,-0.016204552566408292,0.7567095605362746,-0.012257954953476258,-0.3538701083175597,-0.2903037323385065,0.38087239083123614,0.33257567138189215,-0.8373016603858399,-0.778140857025887,-0.3453280278039388,-0.3877674330310208,0.7307107073328012,-0.32201823597904466,-0.29370343918052555,0.5967446716531017,-0.4763224362135585,-0.43423767770787314,-0.32124455087478254,0.48741149052426014,0.6117987487145291,-0.6666984691383455,0.06060197862706196,-0.9554232688990012,-0.6391113023077948,0.5121277946510616,0.06290115142765385,-0.9603477179984148,0.24810554259914475,0.10446543679658249,0.319892780059561,-0.8450405297397168,0.5250916961479215,0.9593781597170179,-0.29154380559890614,0.5309749239674373,0.027670800100334736,-0.16208960759793656,-0.8189203419108004,-0.2478746541825898,0.04594819695314323,0.05842895994589137,-0.3859004162171862,0.9812214897443221,0.24904418794750005,0.21006781585860423,-0.614005255451433,0.28654768789793605,0.46992234249834075,-0.41966699646861905,-0.4618336832497629,-0.2317164999303265,0.7336919968958675,0.07410965375352485,0.2683193379807023,0.946218878416794,0.05322824169138696,-0.5477898155327052,-0.31574960570085553,-0.04622643776691504,-0.33376713877905173,-0.7180791584873119,-0.7819038440891464,0.2362990157483036
0.92243570959857,0.6127647774331813,0.3433040436373789,-0.46913125309257686,0.727392338865924,0.12182170388793878,-0.9334661489709857,-0.22685254555693746,0.7795429424187699,0.5870086165885744,0.3726460734990671,-0.10993252346766536,-0.9061626909830551,-0.5441070787550188,-0.38058059556317825,0.013293778225568875,-0.5425801774643051,-0.608898186270366,-0.5405930094651421,-0.15095707010898995,0.9812806846257862,0.5332289042653164,0.4956818887603991,0.4048828400483151,0.041434570749979915,-0.5103068960404697,0.8621287659027657,-0.07190789907265027,-0.8115110653653044,-0.30221852415182093,0.6392180480728931,0.9937561028678046,-0.7141195792108925,0.9047659225632234,0.9999823105032128,-0.11702046644714525,-0.6457774636088338,-0.7146800727279574,0.9092324786496981,0.32845755224065964,-0.19881906795782056,-0.545852848851446,0.9415300904319868,0.10892585611875849,-0.6549615694262807,-0.17836638370122193,0.07036008937160032,0.4264092576148151,0.6790561825370394,-0.7718103841906456,0.32113300272331946,-0.2673616406608472,0.50028477101608,-0.151102794830972,0.7061990264404208,-0.7922715880871303,0.7955540493851734,-0.7565802641771981,0.3007635927365375,-0.582247330315566,-0.4813428733049363,-0.041495074538975274,-0.4574956877969829,-0.25369366809272975
-0.6712502922864629,-0.2820107861508534,-0.6964697736269092,0.6865363729721159,0.4080245473024826,-0.6002595291411104,0.8876096565461622,-0.7392575473472125,0.7245768920362825,-0.2765990405125127,-0.6509403255143007,0.8056152203824087,0.1565065475059606,0.6312695107412323,0.6057207077618092,-0.08327300643642377,-0.9598610420433027,-0.37793664131282667,-0.15335410437420927,-0.4755718617330509,-0.1304591792833909,0.9617635402215052,-0.34770482203910236,0.3385362906254883,-0.4796185772708019,-0.5661073203892073,-0.19300464570642406,-0.1496235049290089,-0.8308916159156985,-0.6174004379946538,-0.7031114358991555,0.6250149530119691,-0.29283923429763226,-0.6776072085842795,0.92798508715688,0.9417078632108651,0.9624033379007941,-0.8624284260114439,0.5832895586887272,0.12462393433497865,0.8469936847135637,0.4142195081173965,-0.8982104182440926,0.38387817801546253,0.42384141138301445,0.6735959854494522,0.11577817442916372,0.0835029310830373,0.9085696413197444,0.9330633130326969,0.6956601737887405,0.5408334581510816,0.9724649424204426,0.6610358975761161,-0.744706077414822,0.23632612206622672,0.23476482863466752,-0.2961720799311849,0.8302676864204823,-0.15917207530919147,0.9783184514380294,-0.033266137632890214,-0.08218942666032736,0.6448912922379302
-0.66301815203149,0.88957993912729,0.6162535536867759,-0.01297151198969182,-0.02396405500869636,-0.4544835292946934,-0.10120355906486456,-0.4456257124810734,-0.6123937109548292,-0.5833496269878722,0.5298918079883714,-0.579158690061147,-0.7842414121094998,-0.537130927025788,0.2888797743867648,-0.2322196408704147,-0.5072418487438133,0.545743329125844,-0.8056299640748419,-0.043938308002252846,-0.2881137187017535,0.4218653574936535,0.8795729260014631,0.24393422027087452,-0.9611744748201931,0.8877974224879956,-0.08402972451828372,0.13687209605735529,-0.928927492462563,-0.7964157606960076,-0.44326358832805246,0.42660043987770835,-0.7240685379990381,0.31591556860401826,-0.10697016183232577,-0.8117711600719337,0.41552727313966953,-0.7217347615799992,-0.39567099087223245,0.5928261779096129,-0.8282618842747393,-0.5277535797483157,0.9338563980821943,-0.2664520674674231,-0.8181599098716352,0.3706870778245681,-0.12249946137482493,-0.47793024915044735,0.26221627166199934,0.209565762617663,-0.38230321538539136,0.09969552763957545,0.021564599336735935,-0.7473476082271688,-0.5156424705633109,-0.43505472800370626,0.1777481327585022,0.2622476887471008,-0.28813141470488834,0.6892709727416497,0.9478334943432325,-0.6544709071143726,0.25687227407958857,0.31703278281536784
0.8745477548092015,-0.21420736929425876,-0.5837631792731033,0.19238790342861245,0.12132162487002351,0.3041366953911411,0.2014918445902938,0.525011142076711,0.9631363087965714,0.6352696033770475,0.7211900022187159,-0.5604392386187289,-0.3134956830879221,-0.39639070112369224,-0.59789801270582,-0.7606940411729255,-0.13907151383707284,-0.49870854615464055,-0.09556960150623794,0.9178290617290861,-0.5785187904272484,0.9927711198410967,-0.4967824668082781,0.8033240357286688,0.1598722028989763,-0.2871321614004396,0.27443572033435837,0.8881901763045856,0.16261740785965184,-0.8405362016771236,-0.8918757597976794,-0.5199734301443251,-0.08390674320038838,0.10212078870580643,-0.9492760478309501,0.8125942089752387,0.7970406901947804,0.3257561986151063,-0.583470482497886,0.46207894493373947,-0.875642785268594,0.07154349996589793,0.30211926242392373,-0.6478831338853788,-0.3016546980348096,0.2344800534462308,-0.08557954749717789,0.16611428705982445,-0.4286728315765429,0.17760387418998858,-0.7023623820085887,0.03989141202523494,-0.9010162878181525,0.8661026838921342,0.37714438097685754,-0.3708953440177003,0.830517328361499,0.6631207161002415,-0.5625964773087202,-0.7786004629477983,0.42835705428889637,-0.006989056070405564,0.012517713161825927,0.6924726201500662
-0.2597562460520242,0.9833468402318013,0.8439443607591695,-0.538822602849498,0.600268582400983,0.9101830318140873,-0.4554015247216199,0.2865538093873716,-0.4668354098174814,0.7953441479129073,0.21770556444722033,-0.800102160937767,0.7753035489987801,0.7074751406715876,-0.891950991960349,-0.7588367033337919,0.5228585507600148,0.15127987823988892,-0.7589778789280659,-0.587699502796867,0.22967546243000792,-0.6072707724216164,-0.3020036350276827,0.5136218106592207,-0.03280480670983277,-0.4754989265530998,0.38171082823077795,-0.94409328338058,0.9616665184806292,-0.7925880079820646,0.15819658286478933,0.01982705208547264,-0.39578023371703663,0.011937911813595603,0.7668127366865067,0.03699653948289239,-0.24319287626341635,0.19398405544954866,-0.04918581514006859,-0.8450986416337436,0.6294056073557579,0.73173304026053,0.9501027861046603,0.06083064737586019,0.9465765398693946,-0.6072866534299641,-0.006185793425501407,-0.22413119169280282,0.5112947237634609,-0.07537228129124651,-0.8081483015059858,0.7686815336884947,-0.1229290533619567,0.15583366807060384,-0.23840142315598079,0.04992258931919302,0.3196800835205795,0.5855140450876539,0.6073463264238155,0.927852969327992,-0.29655398861227034,-0.068682632012659,0.48608739666547707,0.3765089435887512
-0.05033072395453164,-0.27129405389716443,0.8103831883994435,-0.02616947215813825,-0.7482606136836059,0.6135667008242043,0.4098880847502664,-0.22212589276616157,-0.9828294755052378,-0.7929813053228141,0.08614682775330951,0.9963994397526486,0.8014609675172237,0.015611141075609458,-0.2281515260025775,0.09836891965222483,-0.016012483347021433,-0.9754222604199372,-0.13231676422223693,0.5438563477571989,-0.8667193936969924,0.9318579965700129,-0.5224692442999719,-0.6183878495290678,-0.41854239230027357,0.1121541917211446,0.01321885497347508,-0.09617975592047379,0.6591932802923819,0.5753371338255429,0.972302548681304,0.9762346431013524,0.14981625048563574,-0.5860909886001304,0.9136738288838315,0.0823870019985764,-0.08071639381956364,0.6649831290853776,0.7506217824358941,0.07820810868110639,0.781994255941953,-0.5282438688655142,-0.7193225780164669,0.34457509776958495,0.33603404186356944,-0.4205500370925346,-0.9849525546489564,0.39009214689023697,0.07317722040364916,0.3354250813884705,-0.9837702741966914,0.7798254280496244,-0.6722837877095644,0.4327004213613008,-0.1893180323464958,-0.445161613429399,-0.5791497602105009,0.821323566863434,0.24136318111474186,0.3649641257909668,0.8317420246509699,0.5379733217209564,0.6535124505170093,-0.32368758509823436
0.24623334300474076,0.010512887332334797,-0.7475875099877114,-0.7566903745139706,0.11812695752633973,-0.2231449241030068,-0.6009677577655645,-0.311460719191889,-0.7602826043601192,-0.8145950634463504,0.02404457728959586,-0.9586341103906046,-0.5098119172059417,0.06316883838269471,0.17412478429845168,0.148338432409709,-0.04909601391317442,0.42975510730471744,-0.4979864666144922,0.930300944047229,0.8277387513576999,0.17820188852521524,-0.9321004472417502,0.2391965535015561,0.03009626515612629,-0.17639236946450088,0.925724437711253,-0.6468972699106914,-0.3665899775901458,-0.9074830243138394,-0.9702011878530905,0.24040089316881375,-0.24728371896746149,-0.03140306494610723,-0.7157437534715156,0.2216451081725639,-0.6249987165099817,-0.7554860971103698,0.32912131660245936,0.4075099770187005,-0.955109001281754,0.29945252415713086,0.6876125548886605,0.5676608861573049,-0.8970061296249383,-0.4851053554456639,0.7909491627245244,-0.18822722727920094,-0.9817064579256585,-0.4344669186409216,0.9662394708943287,-0.13134281369945033,0.2557709762916487,-0.440040133544624,-0.0166866635667009,-0.8458488144393852,-0.7813247878956209,0.483680661149515,0.8266063743661325,0.8854001382566539,0.8893127803682948,-0.5447503699308514,0.19273156676607717,-0.8326274583407822
0.9855966041473165,0.891606059755788,0.6424174128245164,-0.9464527338548809,-0.40955421701221395,0.03731460047157875,0.1642154665657769,-0.3015061099843934,0.561998263485576,-0.8205708021035385,0.6467059579034296,0.1262753268077661,-0.6117886075630778,-0.6175947416498702,-0.5523656289242147,-0.6556669187376121,0.7894233069895353,-0.813877284709092,-0.5922608099473758,-0.42590925223754206,0.12497142545856366,0.7843340270994805,0.5951962929398356,0.9757504268220176,-0.275362054824394,0.4939470321374291,-0.9609206693892696,-0.4983191428923919,0.8386931059223446,-0.3940799163660005,0.4211522291733285,0.42550301847352534,0.21279833122210134,-0.992503283111061,-0.42631886316657086,0.7893496353009097,-0.1480045313768794,0.5204415652088659,0.6800346647344369,0.7095053738783461,-0.24251371748231598,-0.40610530747433105,-0.13742579038046965,-0.6934901884136453,-0.6092608200836314,0.19111726351790526,0.5107216058842021,0.6138166477043558,-0.7519723082926759,-0.7752250591993957,-0.5252037096369071,-0.5801240310685591,0.9283603160616458,0.37111077861526853,0.37204522299402387,0.9043291946080474,0.7201870171826585,0.47137898798769085,0.3534945204574307,-0.1789890218055592,-0.6211988140756379,-0.13666083217768432,-0.8166263935176039,-0.5774847268953189
0.27218994867194235,0.19975285669542608,0.4869065531762149,0.6003996956249542,0.10224853084562402,0.3386503011193307,0.9420165800003368,-0.45932115537318197,0.8620031401793546,0.4071688412508314,-0.5792048113761157,-0.5485416089140462,-0.9541989928418815,0.6843849633788275,-0.3189688975262617,-0.35390339120890424,-0.6625367578219374,-0.6022751526667038,0.9369286079875798,-0.2976267162237336,-0.42626622341626486,-0.16509981802166274,0.7121929418758055,-0.14814676241925118,0.5724693179164226,-0.802701471493823,0.4932641254278811,-0.8339717422292263,0.04897647136144645,0.5636427025614716,0.6479484642297397,0.5079953141552207,-0.2585006512675123,0.3991451235947574,-0.2715030437763888,0.2811731619572313,0.9088725988805553,0.5014758028386646,-0.5025244007889542,-0.059919756470912855,-0.5744799978882744,-0.9627980098974163,-0.8669729464842171,-0.48968324519783635,-0.5779379582832516,0.7846498028851843,-0.6308953498130943,0.230402864083479,-0.39166525928758156,-0.17562679175919005,-0.1404061383105384,0.9512113300168321,-0.7602518949061352,0.1213712446289259,-0.6836917224673287,0.18393706247315267,-0.6465203352922275,0.9183703654610444,-0.5909542447025153,-0.04000112671910139,0.29188072638445006,0.16258661832107157,-0.4024545850715642,-0.05160604282090664
0.8760443323168123,-0.3894170877065839,0.27623891851760485,-0.7606584291668752,0.9399648238138414,0.3370503365094941,-0.8349783258216208,-0.8703115937968444,-0.21388533136664023,-0.6721801402261569,0.22279489281237508,-0.6469099744248683,0.8398103831347583,0.4249237630369078,0.20104063416986673,-0.37055117674910965,-0.1870196123480048,-0.5826434111098082,-0.17996343356119482,-0.45321937453605465,0.228613611063736,0.21518785418948227,-0.9189157290972867,0.9890216225885469,0.3049957283948761,-0.3469472121079653,-0.7085106579869351,-0.7652517930069755,-0.9538994047031173,0.8918492719731543,-0.32090914323086583,-0.9480386998066814,-0.13560881592952012,0.6725568208470758,-0.452707404149008,-0.07658600297030738,-0.5703296136064966,-0.696269778821067,0.01329320075846363,0.07063907888967758,-0.8982181702867844,0.08975820939511747,0.20289007558487415,0.7541128220276783,0.41292633077597896,-0.2219723513568268,-0.5687594168201295,-0.8947386615812458,-0.5279494361453767,0.8840965388001423,0.43634403715059666,-0.11715531519516098,0.9829888799634232,-0.6022667645793642,-0.6645162729852951,-0.7545721778292482,-0.7706608938491941,0.7422774512966515,0.2966937338567257,-0.15977918300520066,-0.5760973965498473,-0.5409821413819129,0.5391644430486981,-0.307423307482271
-0.8244298827786689,-0.8511674854798996,0.6924602555912667,0.2720274278061665,0.047751604902632305,-0.3577782371779912,-0.24594207780974253,0.5263003478587682,-0.9295254823740222,0.952381437855566,0.1851639711508848,-0.8940575231537125,0.8186633551448188,-0.32295268403226074,-0.6587225122673335,0.09911533088625402,0.4356322589238526,0.38527138049543974,-0.8418289291215795,0.7511185052541289,-0.51761334914318,0.9940533044305562,0.2650393301799392,0.6981358841427108,-0.20003855941178372,0.8900526339698913,0.741327346774812,-0.9238465614979532,0.5961330960358908,0.5334117765859547,0.5769469265179152,0.7670336179287729,-0.6371369905728657,-0.11830842864799518,0.5580461656385494,-0.03548416288412337,0.9229538846766925,-0.18506031049626093,-0.2689264003346563,0.3048706702184443,-0.5412794056879469,0.7857097380222171,-0.9021300061857358,0.8577328632092853,-0.14550742361341018,0.5117467173833676,0.22116465898855275,-0.8201148211548859,-0.43462423906509673,0.6694672859111246,-0.8106407895543042,0.02002102177706533,0.22431534560662114,0.1390210864017174,0.682217442493652,0.8995022206133441,0.2353241912620081,0.5451448663920986,-0.9960750949553525,0.10485163284167553,0.18824865664931045,-0.6773126815367079,-0.8390293020013246,0.9852105559416702
-0.9736417901297569,-0.16356713785620425,0.9048176905995811,0.6973630086935176,0.569831847102408,0.10119569701986109,-0.15579607626638903,-0.6219362278925942,-0.11686833175849798,0.595050712597887,0.3606109256178185,-0.25363558715119083,0.6336573203943312,0.5810674979377273,-0.17246727238532134,-0.5197231011084629,0.7333736015974646,0.6809849916003103,0.30829365239388085,-0.021780966086957676,-0.7719039203659779,-0.347950143604181,-0.28764833631080267,-0.9037585461127591,0.7781490853297968,-0.09202141443774292,-0.7687701965745379,-0.5368753574221856,0.3694759924564859,0.48465643032959016,-0.8194417631848827,-0.42849731653978873,-0.32733587827327626,0.6297443200615271,-0.849708542719025,-0.2568376599992308,0.6386235670296503,-0.047951711197433466,-0.7156320198311683,-0.8876636825560227,-0.729656187727509,0.5626982644349885,0.541945313437264,0.8632400405245682,-0.018443890205517954,-0.5410493160473624,0.6554423727904706,0.43750536877007473,0.8211249355829189,-0.02897349725132381,-0.5502581417162302,-0.7704023831446034,-0.635034790625556,-0.017109008400145065,0.07353387051062987,0.9779965077181869,-0.5048158112834678,-0.880499671018887,0.9762694053596344,-0.822131169403596,-0.7999516544098033,0.3919998209431621,0.18498927809867483,-0.3946442968402397
-0.7866405682139199,-0.8459953016365529,0.06704317940415039,0.9852161307340477,0.1830921998221664,-0.44065480223254094,-0.6952219625823879,-0.5391972797092415,0.33114975126358437,0.5670035596057561,-0.3071711024910404,0.37695995603064403,-0.658763795948897,0.9773326472781945,-0.03435723495842913,0.6366119157124113,0.47230064975610664,-0.6085366482340149,0.18131945678802341,-0.8030881486886667,-0.6720824240571406,-0.6756342185112594,0.7900406106708371,-0.7678621236706469,-0.8442164527633911,0.8375322950465944,-0.7151256128026415,0.9289965464469516,-0.6239088108934459,-0.6590668696676156,-0.16232962060469736,0.4193295876143479,-0.5322520603311076,-0.7238127764955751,-0.645334029841157,-0.711171021534871,-0.31292064985742507,-0.03982474767729971,-0.5545980117338514,-0.42710632938163173,-0.5540017045666288,0.1101543306181445,0.8836704918745513,-0.2778785787855136,-0.09294876979393618,0.15102529513633,0.3862514408019806,-0.7324305158091335,-0.22443932752543794,-0.128824688388538,0.48414938827583853,-0.04563012265770161,-0.1688837022250822,0.4037951064350085,0.7209148989219158,0.620634684504239,-0.14641403106905204,-0.09316867223421843,-0.04194379659899261,0.5550846372953158,-0.16530411104876896,-0.9470883877729577,0.003558555367708882,0.17118066682705924
-0.2933246881274896,0.5327828100639291,-0.5705987078798194,0.9831203063114,0.6164290101124963,-0.5545592294479504,0.38552354314339965,0.8553599265225438,0.48833296735068,0.8400382400538082,0.8493129275180364,-0.8935459231875706,-0.5838328194525211,-0.40494916810207804,-0.07464184927470074,0.06611206728597607,0.755344020094201,0.3534523857691314,0.6894204413566938,-0.5716279831784858,-0.464418804317257,0.3412181218293544,-0.985835738504568,0.17291135651362755,0.8704054312638434,-0.38963841160234924,0.3994321886895298,0.717465320920549,0.1421416376574789,-0.4576241083852761,-0.8556604722390795,0.9603497910828867,0.08549658306741614,-0.8088605117093988,0.28289532847137244,0.5565986190149315,0.6422819717487933,0.3225596456502733,-0.7408940018543375,-0.8207436644428665,-0.8313854250885013,0.3282926605682446,0.5790368102204435,0.7194728099049474,0.5759954172722206,0.2082378833763241,-0.9999730601279295,0.08263193281793013,0.840526527601287,-0.16345136701353158,-0.9534493272025639,-0.12850498861335402,-0.5876915987087661,-0.3994083468196954,0.0016942200526479656,-0.8068781905123708,0.4623893043781788,0.6021716396038117,0.21280874063763577,-0.34077992150319214,-0.5191691254320978,0.39026330108293616,0.7425147191958079,0.17895308140201993
0.8754290825939959,-0.6614796924526769,0.6405856887774872,-0.2539994710970803,-0.7238242864015239,0.1835199995323784,0.5450565747516016,-0.6611116127398069,-0.38387823931507414,-0.969688823627211,-0.9761093781022676,-0.6127281042910289,0.4828944331755922,0.9983405152355884,0.08537602828379098,-0.09798968579024292,-0.7356018341894792,0.22005807594273685,-0.2623222069084188,-0.3081618266572168,0.3515358110862119,0.8433944699142384,-0.8774382576338708,0.5003466778346533,0.9524658582992289,0.6669176224537601,0.3607391026596911,0.6832324280907875,-0.453759601428827,-0.40504555546066023,-0.35201405996779744,-0.07805537235351695,0.9763216212734582,-0.21008883766563158,0.23957812604299678,0.6935463910430888,0.2434099180518221,0.9351215898685328,-0.5459122326764418,0.7416968843341463,-0.9500313852449067,0.4111042089301269,0.41165423230338294,-0.9906363316096491,0.26668329890975206,0.42730228629223066,0.06840394028849728,0.4569367167637908,-0.1747720757192741,-0.3068113027436794,-0.6597460987143415,0.1614381274180512,-0.8570178598988476,-0.12168038372938428,-0.2148610168957068,0.4536608986563757,-0.8717406443967444,-0.2047067754273475,-0.14073267994641392,-0.28687502369268514,0.5379991084792406,0.9754186428526723,-0.0070126526567237946,0.6503750924381089
0.6958508391695086,0.12413600047177553,-0.4172628777993199,-0.9217861839156289,-0.644308978318459,-0.9765716374095998,-0.7934792018811199,-0.7876262664231193,-0.3297221028699091,-0.12501114779355138,0.8799487991758257,-0.34095351402068674,-0.05655245499731065,-0.14267610774960948,0.20139034419923196,-0.319346888689223,-0.48069413365058344,-0.716629345221141,-0.6246686458340829,0.2789379163497868,-0.3787094500056094,-0.7545797676544628,0.028821451320236502,0.7945982294059899,-0.06077233621165479,-0.38357147589552865,-0.3985105286836419,-0.34748321655565784,0.19198498772511274,-0.6422649935312073,0.1264496063785907,-0.2455210090885913,-0.25255657769429773,0.9473222096319327,-0.8731218355036818,0.11461663456051552,0.0005005973512874906,0.011741888502319942,0.49936813100826627,-0.6304827445201577,0.18837517339297571,0.4204385818886536,-0.9068147706057004,-0.5242670336018445,0.6771317953009417,0.3731721662526899,0.9646648273404155,0.9897566272430893,-0.9055784345200495,0.8882294892533464,0.17069457550003375,-0.44643803615990474,-0.2919847764963621,-0.30341193164492153,-0.3631335307038628,0.6275192004186505,0.8871437880279078,-0.1713553421160816,-0.16726926671295206,-0.9757269740653731,-0.549733429173999,0.18499499407963005,0.4046214801294843,-0.4173110700070619
0.3586983605408338,-0.052441473418471496,-0.40151754227172143,-0.7997118139800352,-0.9184884324937319,0.3439380942047452,0.41503284316586786,-0.9463756136274879,0.9598103345390647,-0.23334799552785168,-0.08893214210857425,-0.7911506704860929,0.27737886374007004,0.6704947144949167,0.6522853863722449,0.2882232421539852,-0.17250704615834467,-0.3655358337229284,-0.20037738443964392,-0.23099807648322312,-0.6747451929877444,-0.6149249842930984,0.20120059406582036,0.19689384195919302,0.8915207442756543,-0.1181192737910921,-0.8033949031716907,-0.023466909621411514,0.3345769020152016,-0.8151104525519062,-0.8658499193186917,-0.2182059465517232,-0.13269306624932842,0.5650643597720462,0.19808630987350262,-0.5855449162818989,0.11308469858955994,-0.07311681071642262,-0.3069149164399039,-0.42632386830515756,0.16941307601648825,-0.36493846861541823,-0.07366243024159624,0.5302800948294006,-0.8546758538793389,0.032884866792803225,0.08672238061835169,0.7922886155861235,0.2608651923544769,-0.7890609323736446,-0.6132718707955331,0.06885633674155739,0.5130513904850218,0.5888844487234757,0.13208631060305076,-0.014082466417558726,-0.6708159353920231,-0.4364841923481124,0.33797583259161357,0.35861161578102485,0.5710071381076414,-0.6136333079133314,0.02254554320190172,0.24311846339910814
-0.6251982810597982,-0.7790710626536881,-0.18996845395711648,0.9572196832297089,-0.5564100957416291,-0.2291896595907701,0.4635552052374008,-0.25188403611342136,-0.568903609791704,-0.36670609712181745,0.7170480747730219,0.40752023587186637,-0.4294451751867878,-0.5291723777792603,-0.5686446091463286,0.8511070836830905,0.8244411765456356,-0.13354436586898033,-0.22574454220522355,0.7266634274564412,-0.5032014431523628,-0.8561147102114777,-0.33191696947742355,0.6858965278943996,0.17502526898813464,0.7984052337223315,0.1772990986444718,0.25572484866431466,0.3952848612716915,0.2985350592913971,0.17883024908210898,0.6062210116234013,0.0877509367218472,0.983121404067206,0.976957299000943,0.3143224600979637,-0.3495852998880511,0.3143188467547007,0.8157890426979322,0.860201171245982,0.9933772483719452,-0.2946379274850732,0.0699328657372873,0.5159022550451215,0.42926878675573676,0.8788300024438589,-0.8911253641115964,0.9561980814196205,0.2546833956424941,-0.27274925601381517,-0.02617812449817869,-0.1791515714406502,-0.6771456888720824,0.43282967579215403,-0.8586420284321794,0.7493989986295129,0.17556358111886783,0.20964914642709565,0.45014264857366637,-0.05775364591744392,-0.8302124103120634,0.6692613598779871,0.012570095892686872,-0.9327958578802791
0.6337632362625836,-0.8477845535954058,-0.8783736565147617,0.18255195307955252,-0.06575435518159134,-0.3975917995117668,0.920876088170931,0.06349480149024678,0.5747338348701745,-0.539226238799801,0.8482802191032783,-0.09942171071832107,-0.509886655980138,0.9459322738617062,0.2069896881047364,0.6158063505930305,0.10488668603902984,-0.896690874860306,-0.9418333788316218,0.10665636310299598,-0.04574721104963286,-0.48947742661784366,0.8506078127215786,0.697562562998794,0.12250574477827958,0.8958919918310329,-0.21535043669842313,0.03851650673779616,-0.513134884544052,-0.2992683742955191,0.4493113731335394,0.5147628977469871,-0.7091429190915692,0.9532660585186838,0.14342308894487,0.7757873426351141,0.9652591390830039,0.45238741290410345,-0.8820490254064512,0.8604759973492031,-0.6906762293551654,0.8790649035815994,0.10064335614036768,-0.18494498446315433,-0.1301203066402976,0.10034893114814603,0.4920301634947908,-0.5382244343025331,-0.26280902309902343,0.5250435595882648,-0.1409145271797152,0.6656791103654556,0.1287094099616637,-0.4061876117441374,-0.7569510161715733,-0.48250119038532313,0.6726676121959851,0.9089945005514235,-0.6145860664830072,0.12482041992056758,0.2094652526449836,0.08614610799257583,0.04976817026634861,0.8424827801867352
-0.23139086950886023,0.5316072700672936,0.875917989600753,-0.7271485309484402,-0.09888973919234822,-0.5914082095481838,-0.33533538800634055,0.4499404598115122,-0.5684342233237867,0.5313770319565247,0.10415595783293963,-0.5341341141292002,-0.3550640584484219,0.8996037690588905,0.25375025240804416,-0.4221680235997458,0.6047244015605517,-0.7012607449117265,-0.3058714177915043,0.35883154072651147,-0.33182785041017904,0.5994714871956976,0.16281036458033515,-0.22779068821357318,0.6195911353523238,0.30213461862040636,0.6524988643185501,0.1714147526081553,-0.5934985587528738,0.3998524171585218,-0.030657653143306707,0.22871551014003044,0.6358801944569732,-0.39221700160959605,0.851817154210555,0.1506872231881995,-0.6159473672301372,0.8861796169034293,-0.5671909018326817,0.5521613232159164,0.17075894359072907,0.31742826095498344,-0.6994349292860669,0.4431023654379622,0.7139229126742532,-0.9185768467271103,0.7069253812305789,-0.2527013698670637,0.2355392251565216,0.2559534138884798,-0.6373749039361645,-0.4036765532800546,0.743186966048343,0.4015347666432718,-0.14407276198849717,-0.11923136304021287,0.759969780294194,-0.9668379615626115,0.8549328797592721,0.43740300268493626,0.6480028462835046,0.6835004006138423,-0.03155188714004886,-0.6515205126711376
0.9371957774820059,0.40543181047209065,-0.2294007036102541,0.7894116537622082,-0.7777658655273145,0.7117802400314448,-0.06869756499139656,0.7038786248228097,0.01455638491504918,0.7714238272309095,-0.08787712228829303,-0.14403418057195183,-0.5928247313118602,-0.2832317418196928,-0.3233393773477373,0.1648858828363584,0.8248636247421959,-0.21266021155037618,-0.07270962622000976,-0.572425882004038,-0.1120257585739517,0.075572695147605,0.08311817700598167,0.8535208963154823,-0.6124126350068471,-0.23246980833167674,0.2813907502403743,0.1954521192635854,0.5436979213993283,-0.2621920067367791,0.05346111178387658,0.18718035054597282,0.656268095748813,-0.15826794419396717,-0.3312740538654926,-0.7108925903975158,-0.6537873078578227,0.41920724366327167,-0.35716119942625624,-0.5488938079573247,-0.14317715075896942,0.05710955653781946,-0.012854829843594207,-0.9043946711785764,0.15263535842183185,-0.9473867608032733,-0.6544654989624137,-0.637621634570751,-0.016661354404789774,-0.022975844413189783,0.7126206217694322,0.4294017806902737,-0.9726537882991697,0.925472620530347,0.14074770927918157,0.06534442133638585,0.9242269512716017,-0.5015148772628899,-0.04541887066709194,0.030268014821387856,-0.23717211033850005,-0.8413234094373072,0.5678007456715992,0.42178341742237246
-0.849632458796532,0.23656420323648697,-0.11391300313879782,-0.4623004357966778,0.2175606986426155,0.6303888156432904,-0.1982892775247349,0.33344294396539653,0.902046663516646,0.2675845332556914,0.6730307255778538,0.8696548706054128,-0.5868141138010969,0.3293683814645776,0.5212775504779086,-0.5655312040941758,-0.22000867146307002,-0.6880819055904326,-0.9446957082629199,-0.6018601897722138,-0.79214236458064,-0.2768693286427,0.9421060673710164,0.318627886059746,0.0016948817990751763,0.27649219064293895,0.6516613688694104,0.25750624284901,0.7515370622257245,0.5016726132741889,0.24756062897134412,-0.4322632510504967,0.9525493731714312,-0.28995764007137503,0.2081631388470917,0.13328228392511443,-0.07864365318862832,-0.9812073068437204,0.5596760487346635,-0.9338974022804396,-0.04531760433602261,0.5847721510375161,0.6213080821959989,0.14870268337275672,-0.8488805152157366,-0.02976370980599108,0.9724844086896924,-0.3735699273548425,-0.2457585968920477,0.20671189458481454,-0.9788276479553226,0.36399824491443256,-0.8253682303167666,0.25169369868722224,0.1276704342494155,-0.9051070963075891,-0.8560322439950132,0.8356345949580832,0.7506554025922465,-0.2494943252402304,-0.872924621892202,0.2075415425814966,0.45228070297888,-0.7451222121819314
-0.1010278028930014,-0.4962246515937989,-0.9558207323810672,-0.589527234165309,0.49568074712942733,0.07765756701923898,0.62378735727314,0.0269764164312547,-0.6294200111447761,0.028832290694172702,-0.5912889639243228,0.6673392422193505,0.6787682089908951,0.09431047910958346,0.33714185179107337,0.7171635346099459,0.9488771586174956,0.20622461996628205,-0.5280168443071205,-0.9513234665299921,0.7455193908544295,0.5782755163089539,-0.4933725312676158,-0.324705020954997,0.6637579542857552,0.23076953355572316,-0.8329263718291242,-0.733297754838365,-0.9055623802805928,-0.8731744722448551,-0.4588589123564797,-0.9323843537705654,0.013959802338032512,0.9823735172223103,-0.345400228300613,0.4205514204744887,-0.14933209776404532,0.38753434993798663,0.7972058501893464,0.6623669776456389,0.14824813022256622,0.0030434268032117906,-0.043264619820321926,0.6486434242573973,0.7678028684969795,-0.5254003468938708,0.6107030735456351,0.47538712210702716,0.7401445138123346,0.7446700274854483,-0.1379398897843287,0.2738509458817153,-0.9141688351070352,0.48607535708366045,0.10655176636414576,0.8319316815655653,-0.009589052939885878,0.9637508334219591,0.43560614476735293,0.49229990999921025,-0.4014511693415903,-0.10396847874023729,-0.5352016020251698,0.6314330194375697
0.2561517917784799,-0.3329032563803038,0.9745065166983005,0.3170631242308135,0.348104992773532,0.8320571345528371,-0.29045707418709044,-0.4198354763718166,0.18145899808330834,-0.9402734520639053,0.5196814242953722,0.5440831381485016,0.5084559907503019,0.5916600325488919,0.9534562489045928,0.3721782530332227,0.8134215656616468,0.8729375983467691,-0.5927687270180486,0.5884381726178818,0.029119065938088218,0.35592047420587947,0.49621446605259445,-0.1352745656011789,0.8469262829850883,-0.36569736127457486,-0.2153088104955605,0.1575030577751524,0.8169486042476988,-0.20684635902065573,0.6960481281185682,-0.5211592914851084,0.6008913890443817,0.9282010791226893,0.284159868817917,-0.3625196176062191,0.5248201679368971,-0.16441971776363373,0.8510033146328873,0.14698971663390137,0.9749229559894235,-0.06254517592167574,-0.06322049294901477,-0.9540213066250569,-0.08311622323694379,0.6616925640459377,-0.33267290155271945,-0.2903223880442911,0.28225394431888207,-0.3491092902105226,0.047094337160505706,-0.8253402547234929,-0.6098662470759202,0.9306051275139238,0.22522110721027033,-0.6063719240914331,0.5502486433659599,-0.7078310672471229,-0.6705778984579231,0.7100671778068048,-0.36536999447038765,-0.8569026325716615,-0.15226037982932605,-0.6390545748146967
0.40148054427964563,-0.37379207285312854,-0.4685925708296925,0.4449926989711588,-0.9566289581352996,-0.21069762430579342,-0.08409887486794765,-0.7282212435757127,-0.16508289510797747,-0.6219371408402481,0.5980630088799987,0.14641863808934463,0.4232226731403823,0.44952791998764274,0.2466090566897956,0.9058198336117467,0.5616712992448452,-0.9486958406544694,-0.19261497131911387,0.4152541493556501,0.5399767524477332,-0.3801968126298143,0.022014123850272682,-0.12160184346844005,0.7778329007320748,-0.7856983572322669,0.8351653246502557,0.6959116548236433,-0.8112536747958534,0.34775787438905725,-0.4000672942859105,-0.9014197451136428,-0.9802645304608362,-0.6518770580831967,-0.45514515319573867,-0.509222233912465,-0.7336365873918884,-0.020579561682799508,0.7000267310929975,-0.8151572268917813,0.26227524622198617,-0.940290131666131,-0.1855320528582125,-0.11226560667510466,0.9791141707225999,-0.5863442601318511,-0.010602920163156782,0.49632537781944674,0.6654086754525756,-0.2066410173321671,-0.28277059182220987,0.6347742584132618,0.24389277107775809,0.012594130959952654,0.38293732159454064,0.15310623843124538,-0.6358595914780827,0.6977347129340645,0.8903099412634592,-0.5651162029355878,-0.4775654552437891,0.7056372900689956,-0.2873559979893814,-0.9019906652566123
-0.7827559632747279,0.8927811254557421,-0.8003700620442817,0.7784065845050756,-0.3335531583066258,0.16181347335887653,0.9528890956460394,-0.4099044982550475,0.8771054218526608,0.22556537396736753,-0.6475414599664331,-0.5615932061537152,-0.3457616584834067,-0.14478952238281306,-0.8497941699688012,0.2913253783088454,-0.44729932553572316,0.671175918458103,-0.4203981299793229,0.8722331729499009,0.3019653101402624,-0.14890115379801383,0.8952415070692756,0.173656210510436,0.07450568425618198,0.5968690555295411,-0.3384746858022558,-0.24085186865726427,-0.5805698879828336,-0.9342033912417191,-0.7930565834446273,0.21755274985234752,0.7048121865144956,-0.48062321836668387,-0.547571478365833,0.47830748914231336,-0.3949049718971196,0.1900207468132289,0.5935813974444373,-0.901488456186778,0.02617685254196256,-0.0035642230475874115,0.10619565249318441,0.6192031822738739,-0.38821073408633144,0.4330638371202906,0.35345551347546245,0.010220620558506255,-0.33680487529678715,0.6103822937979193,-0.3790946880217865,-0.21852738959396123,0.073893582503471,-0.536843682144801,-0.3392217454766271,0.05018505641587412,0.9286203416142318,0.11873961477346318,-0.4917930891998419,0.3976642654009892,-0.9878403120741062,0.8933375270047774,-0.012044860908342558,0.9146943178553408
-0.9138113253928697,0.7905144551622443,0.8274223406187593,-0.33149247228335144,0.6728287230193217,0.6520811269563564,0.8066105844692195,0.12108421429699323,-0.9261649592535117,-0.25389868632552637,-0.6443062281809107,-0.5322192045127696,-0.8359917977182727,-0.4947933953884516,0.7962762985797442,0.5347193037742124,-0.9704991410126285,-0.6104618725305107,-0.7762875157401541,-0.40578060632667756,-0.9937646391452652,0.4886540236494248,-0.04709809464887482,0.3393389056357985,0.038086352889666886,-0.1443325901971224,-0.9799133050916082,0.7717672984370165,-0.01881185155532017,-0.12224785192247056,-0.4735632630685085,-0.7469903857821156,-0.6950780136402415,0.038661478503416946,0.8124644001438859,0.3986002229305292,-0.28022570835883354,-0.5980072028744721,0.04434034875259285,-0.0031774586328254806,-0.4751137915910526,0.22096455211733756,-0.8747594362413695,-0.9531172348877262,0.006372838236242462,-0.7928035777632558,-0.5421030875548218,-0.33478341942541556,0.62386547487296,0.005235024992530812,-0.2362824136091488,-0.6563152667717056,-0.32447623852074736,-0.6754491279608699,-0.48120682291192285,0.329853150445546,-0.5299499932377674,-0.8213885717026717,0.1705782012603183,-0.6748915478391444,0.3872940975781054,0.9363792160603037,-0.4129127779200221,-0.8359310078198343
0.1896173755580539,-0.9189611614625584,0.21604249499987782,0.7856296922107675,-0.03277625042961574,0.9688972853223259,-0.9821049857171456,0.3474130611584445,0.9895753364279063,-0.5349350502933767,0.00019794954908292084,0.5258002333586411,0.700116096829527,0.8356371890503158,0.4968916655965656,-0.26839695879512937,-0.5022529301859635,0.11710582452121665,-0.5010579758473308,-0.8048204392603315,-0.05895270359882909,0.16846734601825641,0.043989724808822794,0.3512544580740875,0.9789564385518457,-0.5091661562678786,-0.327950297310146,0.4707345212858851,-0.6538526331717069,0.18099345502391695,0.1995261599423861,-0.2052460890053056,-0.10718470271715219,0.4207253703741012,-0.15061328249419836,-0.629143669604135,0.6185318489820393,-0.7726479541779592,-0.010745826922874624,0.4010187020909799,0.2571516647861223,-0.8581638596963328,0.8498682440501293,-0.08620938516516308,-0.3121552224216111,-0.08985981763907747,-0.4538475619359905,-0.4516388458253955,0.01727819858773083,0.3764086287609216,0.7409684315150753,0.009086513159933807,-0.6843092362949255,0.02969265488029138,-0.8752578193120721,-0.7267933560291051,-0.5232678712257706,-0.5364867605343042,-0.9264972143115446,-0.38766430366340776,0.006738922193306518,-0.8300913369285245,0.17680297804460365,0.34410515340579906
0.02612566103754177,0.6522075963232667,0.08022761449635807,0.7355608172097066,0.150768705754192,-0.5587429396121681,0.10749561118432238,-0.9232179500078688,0.3921725226548678,-0.10423227651300082,-0.9869823831197542,0.7477769922336159,0.020369779813245836,0.553673005353519,0.9036230301860411,0.9804231504813776,-0.8017635595134862,0.004317748911400354,-0.22170062901080279,-0.4001671350066147,-0.10378459968888265,-0.19830384698633557,0.9382388668819552,0.8373282028704787,-0.7332162836998535,0.9530767061473842,-0.09972228508871273,-0.6988999790424899,-0.8912623866434,0.8467985036763379,0.7166267074727726,-0.9183774215330356,0.1726469568867779,0.2950605046563808,0.009746967705951404,0.6979783761237843,-0.7713861323504405,-0.7588053512768265,0.37894001999932425,0.8070687010657387,0.8302049405468763,0.9077990956584636,0.5056778714828556,-0.8872510593799134,-0.2696062258981544,-0.8460476423463777,-0.7639006602447671,-0.719168916672843,0.6564720089352347,0.3239068934949496,0.04774187295396892,-0.8000015460803114,0.08444121523265857,0.9114041024379824,-0.29797886941805696,0.986670187396629,0.8871600779984679,0.5478132062553736,0.24110583096738325,0.24376417386204952,-0.2446085091769601,-0.038676026776339745,0.5195285332216313,0.36504211866635305
-0.6354277749713457,-0.31462394739448274,-0.4966218751420357,0.9847585456514134,0.24962384840687513,0.18959335653832388,-0.27999867264474587,-0.701760927287177,-0.12610395110586747,-0.3691722474269008,0.002524607274104085,-0.49293204973398175,0.2281913432708491,0.26520110753374726,0.3124646874205297,0.17513939873544193,-0.08778652586194635,0.6463357809093546,0.5743484112499051,-0.3515030485390982,0.8164876697680763,-0.7232666914645645,-0.8779563959058201,-0.46550210963372174,0.6600951150556678,-0.6063298404487065,-0.36031632062696417,0.5872886319264898,-0.08942821293213687,-0.12606761103026032,-0.45911170649626687,0.5071489345515554,-0.41934032845744706,-0.9129036857568384,0.09305551885831642,0.08150814783027194,0.7706213460055475,0.9130926883192267,0.862643720105958,0.9049217622808328,-0.009027347781733308,-0.5340134057593748,0.6579376120425995,0.02841353412406722,0.5218172276948214,0.7244635882750905,0.6862993013498042,-0.19472328786569748,0.27435631651014303,0.43695112649099754,0.28350733195865296,0.16092522441200474,-0.8578625700578295,-0.039459790843563214,0.48154427364122254,0.4316952041085709,-0.5167920296710986,0.19665640231403203,-0.9162500897734982,0.9804698316769702,-0.34350984114233296,0.42499227660834626,-0.9536026433847764,0.3848832147744752
0.9757640274292987,0.09666603004628027,-0.3872543358567959,-0.5576570465347352,0.2991958374350927,-0.4955603608585022,-0.5924943151119948,-0.32103580235381624,-0.47871510621324553,0.34386156405790547,0.9788034104906045,0.5060549574274715,0.5349136893823132,-0.7035732973957027,-0.6252551185700548,0.7604287175072566,0.40354191203531875,-0.5282079782386637,0.935678671279355,0.6432277800205144,0.3127804936113061,0.02195529693879883,-0.3487175117892658,-0.029516187315254072,0.697609686816411,-0.92146010795608,0.6644649613528926,0.1860690835607186,-0.11784349890951429,0.04514231803868829,-0.0525955254397672,-0.1687424496276011,-0.4220846923124393,0.8979936455049122,0.565430116468052,0.7380108618855727,0.2384436047026528,-0.09168059781239002,-0.018530605414255108,-0.07522612751430913,-0.12303695906698353,-0.9242831039776522,-0.18163274438477184,-0.6687371830103086,-0.11506296352901879,-0.5177096247692135,-0.8994480453852354,-0.8487381915935193,0.9884313749276048,0.2123496721935212,0.9929131791048105,-0.14405610949118208,0.42014957549368304,-0.9641492711880022,-0.33405661453295843,-0.46202942424354965,-0.7477446303281197,0.8667070847656946,0.1792152629592103,0.43984436018415973,0.6358297520564002,-0.12323803400922739,0.6706581336280895,0.6096838214284734
-0.10971847402944834,-0.6720120266914344,0.4032595583929326,-0.9225183573459508,0.8394984802035492,-0.42872413865758796,-0.8865006419288084,0.46719271571375254,0.00105538839442465,0.44617054789087396,-0.7869660454702916,0.2612951870820035,0.5423918675378492,-0.8230500247646757,0.16423227042004518,0.06762498109770543,-0.5385399691106108,0.3261744048513018,-0.8878446908706232,0.5011868207201804,-0.3674246709873983,-0.6249881486440261,-0.4206803493697444,0.015745684306990304,0.8801168035108571,-0.9564780081023003,0.9377540799916209,-0.552218356297763,-0.9597249471799938,-0.4631773904240306,0.08990096216958099,0.06267576437926214,0.2918357059841137,-0.12366233078991118,-0.30885995842323655,0.6020692652996742,-0.2189920004832122,-0.21221360368017006,-0.5976368824409048,-0.4477047512925201,0.3997529462681524,0.6211653058245745,0.3819494078754664,-0.4653055248154758,-0.4452847547216727,-0.7997114909165608,0.37772169446816006,-0.2965573710950289,0.5312061384276772,-0.8680343689719463,-0.6770077129180567,0.9283394281580055,-0.9970252787989864,-0.6620171648185351,0.43346733439654783,-0.565333868369919,-0.01704066278812033,0.8471392460926113,-0.39344219234277245,0.7399019549881036,0.16517870643567756,0.3468186989962392,-0.484477606308205,-0.9853341623667189
-0.7540110740470323,-0.8555795761373319,0.2913751267391549,0.6761779500923999,0.09452710204760084,0.4963596610752832,-0.9921864970638667,0.6071599860927843,0.8995877811331798,0.9784371569417736,-0.9734701093146103,-0.9977687240954887,-0.017985786791429037,-0.8905494068473101,-0.7348104634369326,-0.12864939258284425,-0.8403137297554188,-0.5035316967398469,0.6211400814114445,0.45697868288261523,0.8208097216218078,-0.9650833260445808,0.3898834223426104,-0.48254705224401917,-0.5137633537144051,-0.5461434697400669,-0.38403707798139153,0.39545203519384886,-0.6931878554878339,0.04132644532466556,0.5340125267939655,-0.5111161735521725,-0.572279386018866,-0.7662450358889474,0.7488655369297488,-0.788739159536709,0.332108782166886,0.046485918201778276,0.028134146883245226,0.609864374669367,-0.28371545086638905,0.21955531553496388,0.43048181987921197,0.7247631602380724,-0.030660442696144097,-0.80704695878243,0.42183472331275307,0.8593945498357631,0.9737945460223767,-0.9608288371040725,-0.7907134249248793,0.8955769698605522,0.892087509340421,0.006609056418244164,-0.409928524818568,-0.08218089916734184,-0.8628415423071385,0.9448783882616689,0.9215880376246024,-0.6950523960929398,0.6766521805373384,-0.8161915985991368,0.4975312993545076,-0.906747891400026
0.5588766810764576,0.600765013218495,-0.9076968970287134,0.4929588011761794,0.0401612932807478,-0.48734570826422496,0.2047670613010586,0.0743686417874454,0.6739378998016852,-0.6358244728170945,-0.8137491278294482,-0.20528811640185607,0.6301376328544295,-0.4002922280562522,-0.4257632336231112,0.733916564803802,0.22707242263919802,0.7126610462685474,0.027649641883106924,-0.3896516805050687,0.3792079940132702,-0.012697264953797305,-0.4194000437258909,0.30733023187104247,0.6227159016144674,0.16143591372518507,-0.5914571139956204,-0.9083590982599188,-0.4357417166334847,0.11651015325601088,0.34752321735488323,-0.5607655196220869,0.8717757235480366,0.1337643003785629,-0.8728530874523213,0.6423981993004795,-0.2550829643196111,-0.7678881452456894,-0.6631282976439739,0.5874616316634829,0.33912343111116416,-0.739430801611165,-0.8201637169033926,-0.46616690651145753,-0.9428490878014555,0.22102602309839714,-0.5493494092418911,-0.8346551339590822,-0.31652840661750803,-0.02001399223997047,-0.8378611800264038,0.44108480064150246,-0.4501758117571142,0.21263436441474348,0.2810825470080718,-0.3100745288321751,-0.046129427176372806,0.7896846363551768,0.7130055681806011,-0.3232689286122443,0.5383505362778829,0.5856284225218946,0.14837293961520936,0.7654182035944641
0.34329359528987324,-0.9361046651491725,0.2808106688789782,-0.2461718456599542,-0.5780320160342347,0.08482737687071262,-0.5463042880215832,-0.566249484818633,0.42407804033893304,-0.11386410043750073,-0.3207681583675295,-0.6565805640607549,-0.01629327088184196,-0.301303846937238,-0.49805189242479964,-0.3582239275957959,0.4814393784120534,-0.2855714535162335,0.5666467162697966,-0.2402718734976097,0.029017425587732903,-0.6804408921569165,-0.5226119418902782,-0.0038131103287655232,-0.36355919883360466,0.7124129070412935,0.7715205362081392,0.30081406017502554,0.4771737899433397,0.05802975826820589,-0.3569871116446801,0.7432347838606828,0.2544624781191476,0.007239466299768071,0.15815644849650723,0.6900787340409116,0.1840313395155515,0.5245237735812143,0.8686948321030208,-0.8031454357221885,0.3978247190823456,0.05863751899569447,-0.32800314366501904,0.9317838348443261,0.7557706123714409,-0.29357139474361293,0.7004994506680116,-0.8543005759034312,-0.1511947218382388,0.17485202753577322,-0.7832062198449512,0.41476056511976056,0.926948905357114,-0.4089658389222375,0.078438089203138,-0.93380651642614,0.9324991114195389,0.6709533682967301,-0.8487711718137787,-0.6480983691374453,-0.6260509270665107,-0.5583608787314698,0.2960021352842912,-0.7074825187929141
-0.9182884106626403,-0.362408940026278,-0.3656918843363557,0.5343455908640062,0.9001077245564382,0.6444392441977425,0.08199767286267035,-0.9521533147390517,0.6955658529187025,-0.4550595537132158,-0.8780981027837871,0.9707535064402244,-0.26906146064604264,0.46270432207427414,-0.17635447720499298,0.6219660569384322,0.8734205079551632,0.6565567451974919,0.05519449197105697,0.7199458240427974,0.21114469845916162,-0.2557179519084658,-0.8929705582712248,0.36408976932460413,-0.1394831047760996,0.5928108863384369,-0.8923337747271747,0.9469752318178277,-0.786554784408199,0.08167805934243533,-0.8569292288416717,-0.32794245540130595,0.9542761599553147,0.13441392190227353,-0.3043497687476262,0.3074656584927533,0.7650416433604661,-0.16814855250109595,0.7822401266444352,-0.5865648885266261,-0.5231041811995756,-0.33195183216477386,-0.8324967986326244,-0.9821655292510267,-0.9087604108472969,0.23709481974297253,-0.17389221651927778,0.31185203688477237,0.6291324597030461,-0.3433122542631124,-0.16281013851737391,0.4116755656617137,-0.6773398359834697,-0.45377069519740254,0.2062659188762206,-0.6877513337418706,-0.6601880887859608,0.39056720878306583,-0.29805003033167443,0.895761296822744,0.15741503748334162,-0.23415606953412582,-0.4020422065416207,-0.1388448828625477
-0.3893781187934471,0.9407983218104186,0.7994316079120514,-0.9103196689941937,-0.3118013766035044,-0.9368352481193756,-0.5799609069689695,-0.32139896566794546,-0.12524809468508025,-0.15401989800012816,0.06580576116272163,-0.005062216846920098,0.2721444840661027,-0.6872716520241777,0.6789437106844274,-0.854662400270636,-0.7744365320648834,0.47469304696240555,-0.9681609789878942,-0.15601458500893917,-0.8344829764765864,-0.9141780064683718,-0.16339833517427294,-0.7529426829195216,-0.11512754388693458,0.34329876645521407,-0.3971330878735009,0.46551300483119507,-0.019092873717141856,-0.2416868596823709,-0.29653467236973374,0.9392082174866743,0.09866572376785832,-0.025120435058435087,0.338451380080246,0.86372683244503,-0.9223684364558007,-0.9446788855691253,-0.2850529699003812,0.5251563851422381,0.5462815953468314,0.8899005182579807,-0.32491003093867876,-0.5558439399070394,0.4018216612025096,0.9888846447036121,0.8635917497747638,0.5482269231824508,0.017497195624323725,0.8421324754423807,-0.17367909311743923,-0.7652978772119909,-0.8800670374420374,-0.8112090248788946,0.2735436855450124,-0.4387741608639377,-0.5719385191251936,0.05154365279550022,-0.49289812143617384,0.9512327777847096,-0.12222282752632019,-0.2248732800281621,-0.9596805093953706,0.6377314183944238
0.6090056928512764,0.5797800051670481,-0.6207560092153508,-0.9396650573275072,-0.6932475007137548,0.83061069315963,-0.09602926404244871,-0.7899094354661444,0.344872492805133,0.8396306731609187,0.31852372213219504,-0.5442518045371796,-0.022090584449515616,-0.8513525125431092,0.08960900493470958,-0.9297482157497008,-0.4038691606686984,-0.7143261042561366,0.49081975577239945,-0.4912550284929571,-0.9753768866944428,0.6791077329670021,-0.24512336462968043,0.44652689460168915,0.9666024793736914,0.650779754573412,-0.17319226712624958,-0.05470210588991731,-0.3104689031635097,-0.2649063324218799,0.40945087589603135,-0.2716822833455663,-0.6561967027837465,-0.9467977451598195,0.5734360404124794,-0.6330717328654745,0.33359276662483484,0.18491622810292618,-0.30715279854632405,-0.8557615632872275,0.055954035430107796,-0.8444128085816833,-0.5088580396368956,0.46852141049133444,0.7659763932871801,-0.9996379555851205,-0.8894263257112283,-0.04957261319981887,0.9456915755275488,-0.5686652607677771,0.722234281807336,-0.8066267310242361,-0.23640475372562508,0.7908588328172337,-0.9227211965184761,-0.6851152782791481,-0.3656457281288312,0.899451274933915,-0.3457984842260651,-0.874564327325019,0.7109321913770259,0.5166120242561565,-0.8523250072346207,0.601799646697851
0.9743218621890424,-0.40672728365382316,-0.8545395304051484,-0.7500638121474581,-0.6829815802233279,-0.10494529428764832,0.13257072517436685,0.9398649525913121,-0.9189256557644052,-0.38536663499195667,0.05653117946769792,0.9016620118885044,0.2984500013523923,0.6847547285459252,0.7504458751344956,0.5610890471776777,-0.40589773105369753,0.8931375525929512,0.00796243057669943,-0.933360536520343,0.9812735065568914,-0.729677321209522,-0.3730407554369133,0.25705664555732843,-0.27031015657393653,0.29850199859132087,0.43695196035710593,0.5457028139428404,-0.44396444614037867,0.2669456539748114,-0.33814128499505713,-0.16248814281938317,-0.07002380832468624,-0.5795607221996888,-0.43978171196391047,-0.5987984368964503,-0.04722046137645308,0.9785928861360627,-0.5817375768068518,0.14052425195301432,0.5047050115395644,-0.9620866979733804,-0.7893221026242705,-0.7067066099935022,-0.7724715021543878,-0.26286314248378195,0.16115589797535446,0.6147557089577211,-0.3871983977216027,0.5623159673011386,-0.344915567833755,-0.9769201079149561,-0.14192493391052619,-0.6949496382610774,0.3688178724692106,0.944933505061438,0.031029168977162902,0.8121856141405075,-0.7731248004462976,0.7324746293376001,-0.8392122740686316,0.08145978652169972,0.3561400084509101,-0.33428451190994024
0.14517963863038408,0.13904684639803877,0.17114099702430408,-0.6716820220067072,-0.9567087045929414,0.631072155774308,-0.1356107381630265,0.4182381208851691,0.037059389327360526,-0.8345686514429038,0.8861783980806583,-0.685552533948611,0.652952538185342,-0.2545080833990514,0.8160568614061203,0.7064234714462716,0.8251251796555583,-0.03946004368398115,-0.8534296155420729,-0.6352794058139208,-0.03696623673805122,0.48767774433437827,0.6126086278909604,-0.3936842814296291,0.9913306689798214,0.9977801324553179,0.8028313556983837,0.8893399023536135,-0.36429790802034545,0.1766885512464016,-0.5957685145776634,-0.5781308072334566,-0.8926815213633048,0.7026639621636088,-0.3766909942583756,-0.6759703041025638,-0.5380708134627439,-0.1880517431636295,-0.06531316464103454,0.9376199159238012,-0.3258655929925591,-0.9327990193041578,0.48468450847991407,0.26596915687115175,0.6998062918808785,-0.8359123592147637,-0.5507387333655345,-0.530563430388459,0.12148158537319764,0.20369388831880864,0.05293736859490972,-0.1106018576601393,0.5247278534505395,0.9983789491855009,-0.16964149547902907,0.26614953234958016,0.014992314002979734,0.9986921948601257,-0.3314490481441643,0.03166168247907741,0.01918845774525546,-0.2275765019482452,0.7623480114802179,-0.4788288843658497
0.8121718633738748,0.6855389553328548,-0.016964179210340546,0.5720282607734235,-0.5986880919427366,-0.09721393584935711,0.7844880736228812,0.07431754111187971,0.5536072838956787,0.7967685697911522,0.07173407830709033,-0.7111259408317789,-0.8151040871665067,0.70059554059186,0.8392336627318551,-0.5653141784441902,-0.8296647686561467,0.20695384066970357,-0.2325632958657191,0.8905412359170766,0.20962255833021715,-0.6796830607151212,0.665381725524647,-0.12023751123735282,0.9985123456728617,-0.7279380488698444,-0.9523083481379913,0.4933373768713374,0.28459870637356754,0.08800113385388242,0.8571473962340717,-0.04786182585899246,-0.1255970888418405,0.6561861133539995,0.38669010367946144,-0.04463278279118521,0.3999420576913475,-0.5942777275067537,0.7941930738124721,0.7120952917549845,0.38056164350606436,-0.34767516044844826,-0.5864826313843001,0.9767482673292542,-0.23148320070817818,0.6351394732187834,0.6633182749476234,-0.2291613589091499,-0.20723491259809035,0.7266027908047659,0.8515421930763665,0.8642636824004137,0.2594430988665124,0.5440518989342948,0.834948432158285,-0.8639427620869335,-0.19480258397249162,0.23574802196010358,-0.8085801196470426,0.5750257124202305,0.7274209408844543,0.9067643400832521,-0.8754252656230377,0.4726176810529201
0.30770245877002655,-0.9411495339687344,-0.35462434313192204,-0.9539475973887919,0.39047851214953355,0.4017345280955693,0.6208937164341313,0.4562848023487085,-0.6951694994795083,0.32395530052010924,-0.6251275086670818,0.2824606418640636,-0.1199114507391954,-0.3159381407780302,-0.0691979193185912,0.8402301270957844,-0.16918915679503632,0.9477143454912038,0.6691698379587709,0.548964855693729,-0.8859894402599315,-0.7779657230528445,-0.0984379272863487,0.7025209025333246,0.9289413250474288,-0.7363880896224273,0.2636155147457502,0.30526265605254577,-0.4933751920261906,-0.47828650450441645,-0.41961239158224295,-0.1505903964526374,-0.9466870329291537,-0.12619023446811428,-0.6517326711816274,-0.07941216677654328,-0.2808390991303784,-0.4159397169485535,0.2703814783359868,-0.03551555260741801,0.7120035943664418,0.4607092056588631,-0.38971513107521916,0.5844213224741632,-0.43229838996899184,-0.22627017662180116,-0.9997878753772009,0.8835441445160521,-0.8718052463393171,0.20137422455555987,0.8527119498720868,0.49607924470561815,0.7449239549040259,-0.36414076149420627,-0.9925399863761983,0.9286052110043979,-0.41966852176339753,0.836942794950208,0.5298303449060495,0.9927855412721489,-0.37152428484239763,-0.18552791760889398,-0.3767630515700793,-0.8980153178242856
0.15112897113895896,-0.9357600547849938,-0.48821854347308924,-0.6766831345890325,-0.747112580206122,-0.21002946406262724,0.1820859911708641,-0.2586229533661457,0.9576945227891611,0.7409213912807151,0.7321373658116372,-0.998546304716267,-0.644245373782723,-0.03074454511364144,0.7673466959315627,-0.5252453327856286,0.8569697953934625,0.635419759832951,0.9884008325857836,0.390022736792377,0.5908177741639244,0.48572517924662706,0.6130733245552165,-0.20046286670893232,-0.8241128294161824,0.44045335541140185,0.14222119696419377,-0.45315897590205534,-0.17479786375596418,-0.396639789620419,-0.6060932283437375,0.593220929293717,-0.647788808268098,0.9044782370766224,0.4802550492866031,-0.048513412982879256,-0.12375990477439425,-0.5906473896816486,-0.1942793385161239,0.8770215390242546,0.22158480916563406,0.5189907790721009,0.9035814283102788,-0.41882826537283835,0.2613149441525482,-0.8580035667794308,0.2982738657977646,-0.7654003443753077,-0.8330635236732704,-0.4988447437381027,-0.5805778140551008,0.925857128512596,0.7308413595547174,-0.7901588665935664,0.8184618520337255,0.8513756438401336,-0.6598534418942248,0.5002090446312466,0.16726519569358622,-0.5607131481377576,-0.017562039689997144,-0.1649829861079306,0.3276964683936181,-0.9662475622897386
0.1083828678660661,0.6619143255577553,-0.15366932462767946,-0.5220177522413478,0.9217109989785175,0.8246597403366995,0.64144938525921,0.0399278117819124,-0.966702829246151,0.9700752619998481,0.35587344876835947,-0.16720908524090006,-0.7145094304995601,0.9870478515591883,0.9827090963229879,0.74157205211864,0.030083517443460384,0.3109579981074033,-0.8835867663106165,-0.9544008751649136,0.733758224293636,0.02344305498634114,0.6796832506819055,0.6988461877537124,0.4459130436823966,-0.5367295112413346,-0.2987623218944553,0.8639976664477722,-0.6292441222559604,-0.6901490622739479,0.8832468266434432,0.7964404685988569,-0.42933364473808844,0.3314584424170275,0.34888044706873744,-0.1115868115135632,0.8986243651762407,0.4980859968255442,0.9351116529697896,0.908858616544711,-0.37662879479949773,-0.8826456941261864,-0.23019232144776525,-0.5375155305361456,0.8709368004408078,-0.8009515241519227,-0.6821412162994724,0.7405341121706779,-0.4515286897107247,-0.32771118679659916,-0.07623147017683318,0.3554415451055837,0.1016586377736366,0.6548205295045144,-0.70302171541198,0.3777403908501604,0.5980703822631581,-0.20640924285877071,0.43495299476370697,0.8955302543741837,-0.5056197525867712,-0.5819379258584978,-0.062460331013581616,-0.9954059393078172
-0.5712456344865104,0.7890196567065977,-0.5477992399901965,0.5556724643194846,-0.18268009970554977,0.619750600478997,0.5627800761344501,-0.731793070269436,-0.7007617829847632,-0.9707128154425579,0.11591938141156843,0.6633357135434765,-0.7042739295135663,0.8888887767181721,0.04869195945861482,-0.7369675308832337,0.7044995827500546,-0.7776356176354504,0.9421525032970675,-0.4657355768960809,-0.8283865971399071,-0.57641918083351,0.8773808364757922,0.46141908453036673,0.9798401628044457,0.8259236335172413,0.5036690664831889,0.6362823813631857,0.9776658867037848,0.1106092986264624,0.8486235778510305,-0.28210220829829735,0.9384361624098085,0.4744018978038298,-0.445675693063464,0.08101632277724335,0.8684076019321181,0.2651864630490772,-0.04795438726936441,-0.18821285662087517,-0.05187692984855552,0.5395592991381719,-0.7383821737427123,0.29618187815926134,-0.8730286898883113,0.6872378394803387,-0.919866433825574,0.24006414068247173,-0.5790949023352561,-0.7409653520159445,0.4975177875823913,-0.5982483764242379,0.3623070779991058,0.6408659047579077,-0.49329831768047083,-0.9763546965241399,-0.9714479730258636,-0.7382703308661662,-0.0030728757791826933,0.7756355302828446,0.42633333808400087,-0.7841717779585533,0.18984821819135234,-0.2544665021881216
