-0.15455022398959262,0.5737028233035841,-0.5440832711795955,0.11970199681808968,0.41832550864372964,-0.7992587067832244,0.9827799921508258,0.8823197701428702,-0.2410968991988982,0.38301198081545196,-0.7608869237769305,0.1411964908899177,0.3448065391936035,-0.37445308584000614,-0.5725161143136073,0.03076463498645876,0.6247784152897389,0.5740175122078919,0.722634318449294,0.9227636822041656,0.010213915218239888,-0.035517527454858255,0.894310767280823,0.5548887606999968,0.822053908434498,-0.7049776610996143,-0.7050488930275747,0.8897612960698891,-0.7686628879880235,0.5910688926528731,-0.6825101584661555,0.20949346049510376,0.391501458959292,-0.2715258940561063,0.16580504599925083,-0.18541618944191418,0.9702231284026155,-0.9285895823345023,0.8304582908254898,0.5554335644136958,-0.23441355770384265,0.6437383226848961,-0.70697987456421,-0.6089906353533399,-0.35934648809154734,-0.9437005254048794,0.7967671514342018,-0.5797235284981217,0.12733178666988998,0.2398307767859591,-0.760924446755292,0.29904057934741934,-0.9131138272009196,0.190795819165833,0.4460195966424805,-0.7957914036525227,0.39331544903764715,-0.0640806087181045,-0.7849762155532065,0.3286727115574324,-0.9413393834862771,0.6159260006509737,0.44762329390963695,0.1448538648976836
-0.1016949278614605,-0.4011230282569993,-0.1385687928808348,0.40069972373794793,0.42576514711794466,0.5512159696753531,0.8831130834362888,0.5432002603057347,-0.7832757343540111,0.19016938519928672,-0.037882554937444635,0.9414891296436063,-0.22290414250670043,0.31772972257292564,0.5158807259465437,0.22137359398647471,0.8512994836008718,0.6045195347564665,0.6321985524561804,-0.4670997746199608,0.5392168907650443,0.4943667489659018,0.28348310965370693,-0.47061707565698496,-0.6575609408953209,-0.0433892992989795,-0.666540908009138,-0.12854829373131826,0.248246265475923,0.5046277885401327,0.547371601350253,0.8031375879814395,0.7175694447409806,-0.007960978157828702,-0.8874648188255769,0.38590228498043944,0.04447637463985421,-0.8084949540698885,0.37095846505363284,0.9043416249578133,-0.21861611428722272,-0.2106537468995593,0.2183403193855351,-0.039677411567074605,-0.10439214393768359,-0.06971582725144998,0.517450752596242,-0.3364014118205578,-0.03366207528201559,-0.8895111092095669,0.5822444434761695,0.1868196951524974,0.9126910317383945,0.3353249667117124,0.09737443402080359,-0.031413939682955805,0.1036428638153315,-0.845790341326579,0.49854826419846066,-0.1605562156816096,-0.4895593451799112,0.4312156453660225,-0.9609222611322712,-0.7429401076059279
-0.24981530518155592,0.6783008206937062,-0.1880794695307575,0.7572444690025475,-0.9342579846844359,-0.2884813104533952,-0.6362247645966201,0.8620776425254881,-0.9410840207146292,0.365553716367081,-0.9579741274681672,-0.5693687711471924,0.07078972999940336,-0.23448745602121224,0.8205790566149829,0.9325476905527799,0.8750220912400211,0.23886864599609292,-0.229311413941494,-0.6953024222139665,0.22531523707169376,-0.8143160707256119,-0.09690229005764239,0.11472821689901913,-0.41445123616722834,0.7827197313858665,0.5109461347676867,-0.6855866409494864,-0.6943313723121971,0.28003116653841276,-0.7118485709957547,0.88278063664167,0.4208680665546898,-0.4736417944386746,0.3606052902572441,-0.31797639609173944,-0.5520314696733597,0.3949617323919994,-0.5344395095063605,-0.6358171809801856,-0.7964790816025102,0.4900156320895901,0.7625427051142111,0.05766536066880956,-0.40031943516578483,0.17394257600567586,-0.523054356075944,-0.9251268050718808,-0.513199158276282,-0.7610253639160534,-0.13123234756252344,0.8506647383035526,-0.07722071730837987,0.241687241686954,-0.23479710324050407,0.2895856440064615,-0.6850235617923841,0.3486623614993807,0.7636287348794035,0.11514346422016142,-0.7103093178400168,0.7051800744552823,-0.43780686417422565,0.984234582113688
0.9791743323105722,0.7620162188727493,0.6241613720685424,0.5018085494452849,-0.7466231556464864,0.7422749817838616,-0.4370069423021157,0.321550258911411,-0.4848659225988119,0.9491328463607434,-0.35287574491839035,-0.4468159901330466,0.23888585048663802,0.5285267882907339,0.4157578256169414,-0.806665185330786,0.2605684931550196,0.16178401070231696,-0.6026134785124544,0.14968585667898537,-0.5209511031864222,-0.7089442011297475,0.5657583393508625,0.7445387929535279,-0.9738724435104757,-0.08242295304152614,-0.5227676808213704,-0.4809019675893942,0.8950525797722573,-0.43890071209620984,0.2887872721623874,0.6596683827599377,0.4330051762655671,0.5086611113215378,0.9569922832039981,-0.8483753369843023,0.24165923595593397,-0.7608581669530128,0.18949928496962465,0.8858297528425696,-0.42256170744882215,-0.5602062671250319,-0.5107517644228674,0.7413321129525827,0.8397988654516675,-0.1636664888528654,0.8896324210013227,-0.43687743240169086,-0.43259122302935227,0.9152234811206186,0.1152218363091293,0.8369778205260534,0.3563465531010841,0.2895018441343651,-0.2322517862457565,0.19901071895064715,0.0996961592688439,-0.815511532750866,-0.2802333452242678,-0.5612794042770946,-0.48612223889592543,0.6172629979647442,0.5407234967221395,-0.34514126598287165
-0.24547197732525672,-0.3485012095415805,-0.6054676223627449,0.43382811053841763,-0.26256083733565294,0.8617562087879864,-0.31432406768415144,0.7360739246882062,-0.933070297155228,0.5365433243727529,-0.36976516393897096,0.6789297813423434,-0.9314109371429833,0.3449065796807331,-0.46113894309667813,-0.18515524754681945,0.3648150778347192,0.04964148618785602,0.7437498643504417,-0.5633494132538575,0.3125340314194187,-0.9229151005128577,0.3812812062222435,-0.9606793925754626,-0.27976915004967906,0.25425478617691555,-0.5644972096655723,0.5105032490207759,-0.8743353758175578,0.09918429674282048,-0.6028210828784275,0.5428258022455839,-0.775959891363259,-0.5814098578272351,0.4969043697479445,-0.22089373932571355,0.6060288074042226,-0.892307220179084,0.17249525102719687,-0.5310883536606053,-0.4652345144903176,0.13846800605416276,-0.07158696826026323,0.8563625729108335,-0.06606347462325446,0.12665728939304688,-0.8606596015921939,-0.504102423721714,0.667644385503301,0.2402995313172247,-0.5474993551668015,-0.13645649765858847,0.07217953092251128,0.9095555511490574,0.5014222892073661,-0.0037612323835991557,-0.2933029639123246,-0.01169253045198504,0.8001133892011789,0.7301012124476365,-0.7577705371184731,-0.16278179789452718,0.8551040632891707,0.4915522330656681
0.5848437233994119,-0.6677391402906399,0.621970157555392,-0.5798214590660675,-0.922416352944434,0.10374484571831877,0.5232598539438766,-0.1594433543335929,0.973445215421636,0.7263448555327905,-0.01764948093729779,0.12953086770990252,0.16797508953558227,-0.9866237837348786,-0.4157675546381341,-0.25979649712341435,0.34698321753213124,0.11733664014506173,0.6281752277556065,0.9514765289312441,0.09413546995455668,0.3558457548655307,0.39880088259770097,0.4129377646595811,-0.5486225371804008,0.8565599241902844,0.47338389342601794,0.6613121188910545,-0.24648954216474483,-0.5800924524757145,0.40270098916196484,-0.5513431869978596,0.6278118450805958,-0.8728161489513306,0.7059892332421087,-0.20279422316579332,-0.19124311619549217,-0.6129051874890521,-0.8423189383492637,-0.9546211756700491,0.1126219286798118,-0.7490288900191964,0.9255904746768384,0.3771004450248283,0.20589408855622104,0.6574824510538244,0.8242053898119999,-0.05055739329578013,-0.6626023750579328,0.09039807452094029,-0.22067649035091774,0.02149098571738195,-0.36561058171783833,0.559269181435297,-0.6128643261450601,-0.3054906611701713,0.24637869190523176,-0.6595517298035112,-0.6136001133562272,-0.3816913387375853,-0.09621203588918781,0.9319481407551937,0.7992471877661333,-0.19249248942122077
0.6125681910774317,-0.7903344224234907,0.47798729483604063,-0.2596729160295079,-0.3245346361414696,-0.4279320525248185,-0.07912985863762656,-0.8231917868242189,0.07290772934266876,0.12651228610962062,-0.3472649006252462,0.9360921000874838,-0.5512947251569991,0.839890299714412,0.6501616508892407,-0.3432867978965537,0.6297714440712123,0.5374197703069004,-0.9663802805021622,-0.7413302508158117,-0.9666770374331213,0.26903009039379144,-0.5734935638013503,0.898944824334837,-0.2679980116902896,0.253069027116946,0.7034319200608532,-0.7743866765251828,0.26225358547045996,0.9747098297223098,-0.9645779930635077,0.23441159738718853,0.8697254139205259,-0.6744950867529518,0.5988122481422462,0.7328407257790792,0.9412126093108191,0.24350773680285065,-0.9065136755294507,-0.6558571194629759,-0.7756122266075529,0.18768861606043985,0.2353023589766512,-0.6825528597045598,0.712839593378849,-0.34791038866497415,0.4314909794478212,0.9621030088637867,-0.44360690455636065,-0.07523133704786367,0.1733514416723403,0.9668011725781398,-0.7988470384199464,-0.7037923033764502,0.7796599464361662,0.9445796142366485,0.28135789014753576,0.9717700965878466,-0.9008941584570729,-0.8105279377535297,0.18388424126228609,-0.9706070165250935,-0.575762416278669,0.013242239619465135
0.7260492052743028,0.4303123581765125,0.48289190762080314,0.3464943365264297,-0.03817396340146728,-0.8334476496006222,-0.6102448574677752,0.9415325394602081,0.6993828432130789,-0.9862523085295005,0.4694206006202808,-0.14208808007794294,0.6185384147724833,-0.7405608613886905,0.2435212199781469,-0.3958122038096785,-0.5606562155031705,0.16802241601641654,-0.9499925744205957,-0.00022187533919071356,-0.5656710676433399,0.11535923345779975,-0.7014888584733181,-0.15631944505406126,0.03596208940625023,0.9107616542062771,0.76535309531597,0.09227435667748574,0.2094468856763585,0.8407920195250436,-0.5938546982049449,-0.13828840171020373,0.0548034298456348,0.6214758010282901,0.45740591484292503,-0.16124307699514717,0.6600979522992618,0.7639531515209521,0.5399784731200361,0.5338718329017367,0.5222609600961337,0.792957152057981,-0.12610329303230583,-0.1524032834412845,-0.5741541070173113,0.8053790921553896,-0.5834145788686786,0.3422739826586385,0.1017356702635841,0.4909199085032394,-0.3787574812365191,0.39172527692357395,0.6778277437589026,0.32808439755359076,0.5793767605817004,0.3002045833535143,0.7794392336144664,0.6348181414280067,-0.7951730586204862,0.9186178004955783,-0.5974834596807246,0.14089829127164677,-0.9067458602731275,0.6144564356160704
0.9867228958432488,0.18847591091061267,-0.8888547337095867,0.5636149634020668,0.31956196396116043,0.47423029331518785,-0.9073985886280747,-0.20145285846145988,-0.3778657263060239,0.9036659768816164,-0.6326957987205526,0.1619214081390532,0.25292870091445185,0.11317512301476595,0.2942058990635703,0.1841328682972616,0.04520813566690407,0.0080749418076429,-0.0490587588197815,-0.3001762436643103,-0.010832817595815447,-0.7850913418069416,-0.9045300304013406,-0.4832211675755509,-0.602238686659669,-0.15146149268819986,-0.1032775808777111,0.01853185314136585,-0.23979915500701932,-0.8066546693665857,0.4362859854718699,-0.9871368983644631,-0.7887413796833296,0.17390656746376565,0.2150247676188599,0.5265424384044652,0.7106654652659421,0.27827929069490076,-0.8121745992604321,0.013018708518910183,-0.04139050618535145,-0.12578074593743405,0.8840733978261448,0.04643956201487187,-0.7930738695250603,0.3018775571776282,0.6462715991899091,-0.5615032905885269,0.5124405000856718,0.9724153655656356,-0.7839110072734605,-0.9373140316295392,-0.9823950225216822,-0.7539854226151288,0.47675957467969754,-0.18491301958817985,0.9598591600004205,-0.0892789981173927,-0.08315411166488929,0.31895722305872676,-0.03533133304340996,0.4042334670016017,-0.16964855781668775,-0.5492433337591123
-0.037269598176107976,-0.28058615280200994,-0.1514265814145559,-0.28937741154410523,-0.43338014210239306,-0.1845192377236129,-0.43171439573690495,-0.4887286784928211,0.9126069888961061,-0.8134476915075077,0.7073726080823746,0.4162735570903999,-0.5800269968680829,-0.07346136640605705,-0.972029807431736,0.05420638977728354,0.08720839553069526,-0.6544223483836089,0.5354273118591129,0.6444564892004685,-0.6627674708921258,0.7773104619735525,-0.6934378030355013,-0.7615283308539289,0.08482391305809811,0.013253619120841886,0.346289711544306,0.42265168937903175,0.47312570638782625,0.7283696595243156,-0.02730846402966791,-0.8631823949563433,-0.8094159215005212,-0.08040011369221078,-0.5011263800638202,-0.32236821150235073,0.0068902363881964135,-0.2599947624343708,-0.5579773899522902,0.01471877448887482,0.4008975415493625,-0.25637316237335295,0.5109672122088371,-0.03628367046802072,-0.4520812739206064,-0.27160870246478597,0.11184522936105279,-0.14218925598331666,-0.2021911302276611,0.9546833147679219,-0.8407124374298762,-0.22414543537699538,0.1442896409387484,-0.33727810891720633,0.5523906536443492,0.10942077008335316,-0.2089916081763279,0.4490538877934471,-0.8906638572178791,-0.9336691428393655,0.6832202078404221,0.7041802424161605,-0.19276891103739935,0.7023980103033207
-0.6240648173253116,0.2759505880442319,0.08380013809614728,-0.3593805369999481,-0.4102967546295371,0.8188204343876986,-0.25960921007685944,0.5706381239941292,0.6867780472162279,-0.27544398275480164,-0.48188953158714765,-0.7633354565710431,0.9401669610052226,-0.7100627428607089,-0.22858237871144427,-0.6977403816804202,-0.1757408702402361,-0.745037654941825,0.48744585176965716,0.6268447013243579,-0.020372024907719943,0.5129684620906563,0.5413912294111638,-0.12152215050514426,-0.8769962615223252,-0.883302770399814,0.533615666428852,-0.8090546350461225,0.41801063057669063,-0.7693817972957759,-0.40789210221458316,-0.35315178381320056,0.8848805461228351,0.8743623170811876,-0.8296576158904372,0.02328431522991714,0.7304676616910648,-0.30350973689416527,0.6579514378589002,-0.07329635318103822,-0.17081296998220985,-0.6104416777248425,0.833050196478536,-0.7383674884668088,-0.5796133482311592,-0.2561978021291256,0.7444373282678098,-0.22492368247612649,0.8806196960764374,-0.03981985175881109,-0.8307361378346931,-0.5313316370819317,-0.6063658650292674,0.17259050734823855,-0.9649779265768017,-0.18978714056743873,-0.3491663770108757,0.21007107924235524,-0.2895319623201338,0.7487293522154412,-0.5747465897857162,-0.7205364412765796,-0.13503459227949244,-0.29434355743384977
-0.006691170130277868,-0.4189194403507639,0.5282502860493208,0.3735451113182118,-0.37916619248644134,-0.2469927742025957,0.705456236544598,-0.7764634935479968,0.6378752015110924,-0.9744855395139833,0.24724322365596008,-0.8200980256268062,0.18408513470487042,0.15795739200286407,-0.6447861589190134,-0.566637419838641,0.4849177952376933,0.8626204107648021,-0.20315806972338324,-0.6600075641524827,-0.3989430414710058,-0.13827373635203144,-0.12050191150801126,-0.7726160659782051,-0.8666040751006667,0.15680166507866744,-0.5612780327313449,0.8565569317117818,0.39684851934929677,0.8039066838302784,0.8094579474192314,-0.941253231175657,0.4094136036168614,-0.1558149423059627,0.013648484451792564,0.21776285386864358,-0.6282326986406994,0.9163011599156243,0.6702231725167545,0.24231902478715206,-0.06555629133472718,0.6272969878942818,-0.8534921128446527,0.2974681208296306,-0.7380973395953196,-0.6712734410096148,0.7364607463930763,-0.7977967439636164,-0.5964744078568198,-0.80624784595439,-0.665978674088149,-0.29099333844927244,-0.8072550674111227,-0.5034344246059381,-0.561831777585597,0.2835293968611856,-0.25965404121514424,0.4551399333455606,0.38230042651956264,-0.7326905322447212,-0.4592227685984642,0.48851498033786167,0.9386608473811922,0.012872088835525375
0.5349058111497293,-0.7972962313349414,-0.7882790814201186,0.16519496919151933,-0.7808905876770107,0.9274273639506931,-0.035198417342098054,-0.723606087750198,-0.3646891610642431,-0.2899159094204238,0.6721247288063195,-0.9253558972474414,-0.10131328732798783,0.5514270613394745,0.308229513089743,0.4918719556922895,0.7503422986084098,0.8021342382073358,-0.7086402804426588,0.7881972987820538,-0.7360038168835881,0.7478469659123457,0.9951904794636712,0.8743777440082579,0.1679763934849059,0.6091305361092794,0.20936563028749466,0.48382729870524543,-0.09318471543483975,0.19506493561137894,0.34884240729565197,0.49848584842797505,-0.9985562913614618,-0.8465999643057665,-0.003944738621681987,-0.3326639115351806,-0.22661900151542858,-0.015018572060220947,-0.5296123418789656,-0.6831957359607335,0.5358326495512693,-0.40986406649423257,0.6119923316259597,0.057428101780545804,-0.42554999919601944,0.07350477254805621,-0.8690071042105123,-0.8925749646418673,-0.09196108551231852,0.5559029812800997,0.782969602290094,0.851651911384329,-0.07109080901551268,-0.3831416545909847,0.24584095089963198,-0.24637912537181728,0.6885484810375861,0.8990896922816038,-0.5713019897147715,-0.41386562578984654,-0.48392252825989956,-0.7931938213893475,-0.1991670609047702,0.09170487236199665
-0.006134160768621166,0.46895298453557643,-0.13662400353148563,0.011131562586897292,-0.974802597644074,-0.7946470862666279,-0.09438009386639123,-0.3048121849179928,-0.8522106123753559,0.040032132124806497,-0.3994516466546634,0.3009780568516538,-0.08529034221727283,-0.2901773677978259,0.1136176377303948,-0.7402542994346915,-0.6094487960764197,-0.8823814462147164,-0.8237426841656397,0.9095521658987105,0.29852302130674113,-0.09214581695922819,-0.7184304248244888,-0.5925802701454173,-0.19824317138763736,-0.6199366782898841,0.10038758812688964,0.5908397279577571,-0.1683712911377182,0.7976944236043135,-0.03315728243118565,-0.7119437631454384,0.15381921920163855,0.16529202506070173,0.745363608664348,-0.7324960246357268,-0.8705168235898897,0.5404964724772718,-0.8677520066287221,0.006057718881945284,0.7431179688822802,0.5344178768562826,-0.11119623470086859,0.11507064877464557,0.9038302312607462,0.07912077595596889,0.9834776070041071,-0.11571802483982241,-0.604663529125719,0.26432017200542357,-0.06631475644587392,0.7042658614441655,0.2512612329892381,0.5520248113892456,0.2614069773181329,-0.5610551603662466,-0.47150408899889173,0.1085831184745858,0.6380993903741143,-0.13799847760962436,0.2735641482573645,-0.6977223826236889,-0.9172650121959189,-0.38031244959299815
-0.6678166858484662,-0.1746702792862609,0.8566995860133684,0.21774079517969502,0.5951208707342426,-0.10378563604099855,-0.9967942826674325,-0.29814298170841225,-0.556824637359139,0.21038682728617153,0.8461877709719272,0.4095301198194232,-0.20979944300786402,-0.6443202388200817,-0.2977319541953831,-0.5440131411777489,-0.8901197324379901,0.47850595615223135,-0.15246115981217456,0.8899707038182554,0.1404819957314858,0.20798659650515572,-0.2974231446562674,0.4830237218442286,0.5332700612321217,-0.6851858077066675,0.46490397610407386,-0.30265139278919473,0.26456796372348856,0.8634685975333596,-0.8558364803142098,-0.7680948897358988,0.4059116457606513,0.8556882646206394,0.10848359943194508,-0.6683152441395181,0.1330937269640744,-0.4895175615813525,-0.732993694479104,0.49103633905838007,0.385890617929308,-0.2340547625582996,-0.9716982324476571,0.9205429960720646,0.6432984530687691,0.5062059696923822,0.9379767769557195,-0.235555582667903,0.3931173568002482,-0.36138822375259316,0.4633054271097419,-0.7858972467438743,0.913776930960398,0.025631144015245688,0.048929652395113044,-0.6611926251464522,-0.5078670467592801,0.7710110958748979,0.05775875791644225,-0.28743381580087624,0.12697178002592735,-0.8687515549356379,0.6900908156730041,0.6402360399907752
-0.05848523434062791,-0.8356588076600537,-0.6003012401649908,0.6086958782521024,-0.17317368076291473,-0.9181605500484739,-0.3021562757230407,0.14868065867989189,0.769233004949061,-0.7355348561141086,-0.4212923384684637,-0.29349315223391326,-0.6613147800076864,0.5327546330453594,-0.17169494390757545,0.9272413528801866,0.38061790584582766,-0.6410482898983247,0.12476812436207618,-0.7163085174548562,-0.9403217593274404,0.09582890335939931,0.7049898946772875,-0.9351706963520152,0.43772371841630897,0.617832260852865,0.7888257683015341,-0.9790147293397478,-0.5941604772302571,0.6404234773191997,-0.6208107954488891,-0.7443920660698882,-0.8139168256005593,0.5375466278206817,0.14723603730811674,-0.04196931828691808,-0.7122901312550254,0.994160207448717,-0.06401998112988028,0.9321471780127881,-0.09205777804687232,-0.6951493662250916,0.6014226887718426,0.7503613985753714,-0.057012011322166156,0.44774201274111425,0.2835063796318109,-0.3973383324405302,-0.5136655824550485,0.9432788347472125,-0.39143324561129655,-0.27877884176655865,-0.18356529497801888,-0.7623395082320914,-0.019015127273731336,0.28363220476221485,0.5265084636757753,-0.7452298565429134,-0.02634767640291802,0.4940312658097916,-0.1681311645793171,0.11228804793033453,0.3292937681871635,-0.12986220027334228
0.29154631985597734,0.7285748787700468,0.48176568065053815,0.40423342829035036,-0.15362598685736728,0.19379923127389054,0.6960618514831578,0.711875807045965,0.1612824153190262,0.36241409090854093,0.9100517372872119,-0.9769187306148259,0.6828228969979249,-0.6517617966682239,-0.33016447092268053,0.5966863325446097,-0.923971388666319,0.6384345425053601,-0.215198191327042,0.8268177130580574,-0.9524990452284692,0.8208380930320252,0.8130928291854196,0.22892255113245397,-0.6215245990661158,0.7602579585753189,0.14307305498210265,0.4653307312431021,-0.05227246342275804,-0.6005101194684914,-0.37223546839783217,0.6963119906279374,0.47070721660898807,-0.552829354154897,0.6933525219091603,-0.9097209359137284,-0.5819887201870968,0.8901990135501647,0.36298324006199856,-0.7192000586235856,-0.2922577081548208,-0.9940009922640152,0.6627436430373443,-0.3592574943570679,-0.34514946934390767,-0.8067955485659604,-0.8214708857636406,0.9129195736760365,-0.38754604351517763,0.09795551381416878,0.0032526011333819937,0.8587543561485307,-0.5821997557178888,0.9493989919469026,-0.5690517281492911,-0.41551416651482476,0.11548144782641723,-0.8833437523728387,0.05382824329423519,-0.1896243273605307,-0.9475460179337643,-0.7212961521164913,-0.9370958028567218,0.5007827582124167
-0.055601205629647765,-0.3890747602141076,-0.8049619270141601,0.4870236500850571,-0.6839171260506658,0.8499454115115916,0.43369230924036906,-0.6117930164424845,-0.6794712883796592,0.39617829239448277,-0.9550611084559233,0.8471780216644063,0.8280653399180373,-0.8324740893340785,0.5416608772486124,-0.7993040273860055,-0.5864651246856387,0.8432811141790377,-0.2882325605543006,0.4329057744779454,0.284228348372342,0.824984025434484,-0.5681868096880842,0.5897207576445431,0.3574612206577015,-0.3891650422032109,-0.21611113014747252,-0.922388536950344,-0.5088644522119912,-0.5084339210537814,-0.6881271167276026,0.40772070392419923,-0.8369495271158549,-0.38396270369065877,0.6092788008687535,-0.45706054906980254,0.5833398479451191,-0.6180044900436312,0.07032954873434494,0.7331787560405261,-0.8658682077261,0.4069044045086916,-0.06442994537676894,0.4675781490703763,-0.8093164905757682,0.9155666076334807,-0.9193397880596239,0.11266449566769587,-0.3782840393005189,0.1420799736616849,-0.24566391959170542,0.49836274546424164,0.6020374644865454,0.14910689483431683,-0.2294321569418516,-0.5513027844107259,-0.4725991433384267,-0.9015106388252736,-0.7955567030623856,-0.5422371651007591,0.4762465094250119,-0.20895558811727555,-0.3980613700902189,-0.06026512368741077
0.6700967930423727,-0.3066443173563449,-0.14615256993093606,-0.6510502796153823,-0.9431341577487098,0.6713082794214238,-0.8544372945760657,-0.9640834946968102,0.5225594695910316,-0.24470763402017903,0.19890311777036107,-0.33096341180515454,-0.3281904569801328,0.8293302663666899,-0.4252520191921232,0.7533322726785547,0.16540845781613167,-0.5423612932760264,0.5376014081870224,-0.1948486592332026,0.7469000844462463,-0.09442497222477342,0.22507609267431428,-0.6478854041892508,-0.4747396073460173,-0.4149610828601218,0.269111491602114,-0.15036182219463545,-0.2466651763648533,0.2072874786611849,-0.2283458196305197,-0.8761873229917596,0.09215176738396891,0.10190550114122954,-0.9766547163875958,0.9131576033790236,-0.43441400694425925,-0.4726150904970954,-0.1830209368703255,0.3307936639270226,0.03940786719114264,0.5115438777394015,0.5455575228658334,-0.5118340978287237,-0.03121043524664402,0.8367473426090608,0.4511807163484416,-0.8613772152066106,-0.019311695605762846,0.912232191766376,0.6349859581854944,-0.11419706714867517,0.9740750588911047,-0.18704124074776352,0.44580270771537345,-0.22248477421376855,0.37775877515085954,0.7852845848512335,-0.6975517905011992,-0.17394715361604352,-0.8933195968378045,-0.47206171961088894,-0.2691017267772535,-0.014978311252112686
-0.37570652795672443,-0.0197858036221501,0.2756040279124117,0.17073456072457738,-0.14781418401952928,0.4988542611524016,0.5256884541464457,-0.9825577756493988,0.2825226567565433,0.09142023293530488,-0.5906137489149108,0.25778882465656694,0.5683839513924192,0.1495328729241847,-0.889984935021565,0.7542127623310433,0.4252526703625912,0.7391111664361036,0.4487208936468976,-0.616051604899639,0.14986514482440372,0.8690513809278979,0.4827216458517256,0.7280210347393699,0.731298205138067,0.03391484792644395,0.4775896582358674,0.28021491620316685,0.9297530600087647,0.8431550568333315,-0.3577646705779094,-0.41444734734673894,0.5555842586262487,0.2093601060682464,0.9351162501361883,0.45520481934008816,-0.7352342526290563,-0.2910714628300717,0.8401717790297167,0.4284783464844739,-0.05567327752612217,-0.6411707596659963,-0.8841606775458231,-0.44349460441786137,-0.4228262306388708,-0.5624144853198711,0.348167995370932,0.4783168374291924,-0.9942795791093095,-0.6507576748283193,-0.5874053677679554,-0.3596595664737374,-0.9908025094683954,-0.11385172163430424,-0.8577471630630598,-0.6508713443079954,0.1212867987982853,0.9051561770951357,0.806580163374685,0.5884846848870753,0.10511266096361416,0.2774140091165711,0.8826887564625776,0.24355063140393352
-0.8953751599292248,0.5519470847703531,-0.8273257896225676,-0.9595006566391469,0.08858010376078385,-0.7206471844569546,0.7284118667935084,-0.5737790167786807,-0.6197386761788743,0.7834749877409741,0.10229950170166013,0.3061908935412443,0.6156631203465484,-0.47589896833097467,0.7715770703163924,0.9535117123298797,0.3263777343355365,0.4544570930571623,0.9148603986458821,-0.5124409087431523,0.7730051482396338,-0.9545255903597647,-0.2682523358460802,0.05942199408936699,-0.7846005508049096,-0.475168051277842,-0.146051524203739,0.12117337020403007,0.7521604327535685,0.15127566186026575,0.6887557670801312,-0.7058546651562987,0.9493324186818306,-0.48630546477566616,0.5092925454890072,-0.9107042381100112,-0.935302483026099,-0.5839029086701866,-0.8889703390628687,-0.8082487317413101,-0.5222465221432113,-0.15700666825836773,-0.24159916076350152,0.32321107812418814,0.7101061156778101,0.48506021462927773,0.6245171326131265,0.4963920152919865,-0.6939404045544999,-0.11630828599733012,0.18314615115814514,0.22087900962195972,-0.8710908158472137,0.1635710787506215,-0.7129350534334082,-0.6819180133826686,0.4713708139301205,0.5338036616399966,-0.9892407044620037,-0.364395347436824,0.7961178359333403,0.8103150184600618,0.12434262007997043,-0.3310541113396781
-0.6786332451842723,0.6990576773223192,0.43638377599775535,0.9981701342173634,-0.08344497488808122,0.01145278939097416,0.2524736305022419,-0.45598950408215266,0.35001963172742423,-0.3911172921890813,0.4862746242301179,-0.5602671778321131,-0.001814674704907926,0.007842146637159653,0.9618096471478892,0.18647157031809347,0.9499901590597495,0.563617504558624,0.7991461990930426,0.06733252103698772,0.7283401361283175,0.5955123375091185,-0.2884676469196914,-0.9715145983984441,0.44825548171653073,0.7270550485157605,-0.5620268855419455,-0.021413724974761683,0.3264724839813087,-0.8289162591575594,-0.49068778577577166,-0.9507936899114444,0.4066964428280806,-0.9067716124089436,0.8790802578062948,-0.8807194966005174,-0.6266986587126646,-0.14934850171128344,0.20164481148673463,0.7232548252533455,-0.6889259389948843,0.05335266581895626,-0.9175595050787375,-0.6049960429647006,0.8684488222972988,-0.8967969084170277,0.16783543980057836,0.1938625951781281,-0.7712613559172492,0.054536893239588435,-0.15387585858271113,-0.18922166595219014,0.8168390483556098,0.3403500082133428,0.962509318321237,0.5279743022451899,-0.5083438863033238,0.41456350807302744,-0.22990295360066448,-0.47469410271285817,-0.3955700477266082,-0.7489284419568685,-0.3894344609943503,0.3521318988178157
-0.3668234287598684,-0.5532812776138405,0.9308182735132577,0.818984387129319,-0.4956809400021165,0.5775009786835157,0.12790337727085554,0.35077358782876056,0.7715316202844773,0.300651887706316,-0.8363033530748138,0.797661650736813,-0.2768129711770142,0.04660022357729221,0.4994951318794869,-0.7864143896272364,0.23657456058672044,-0.30373948302117637,0.18914524724527104,-0.7537544973330783,-0.44069374563132824,0.4482749926406955,0.469642453987565,-0.5017740511329658,-0.05205185929146694,0.7279287449304315,-0.6099614621580376,-0.978078315828375,0.02302897314630359,0.8889310772540475,-0.1669459614632176,0.7102449218630709,0.6052685694993627,-0.4540423331579695,-0.46362721415051555,-0.605139147401172,0.985586113924289,-0.6617745338324759,0.49506766944531355,-0.5859377132277588,-0.30186952893780084,-0.23952088162138185,0.9745009409495151,0.5848534748252057,-0.13812045752453783,-0.646182163482447,-0.12082183876884733,-0.9791962506774299,0.7841553420311944,-0.24890509725372922,-0.16670993475083207,0.7935064503414011,0.6995295134739805,-0.8097184122294814,0.7222586954682657,0.40946797808939084,0.2869167355128144,0.3624550607091783,-0.64564858989835,-0.6543027259926009,-0.23956701532529623,-0.9055811799879565,-0.6311250901386751,-0.37018694637413274
0.18335706827855303,0.3754695559353758,-0.32662651871306636,-0.5711119101236073,0.15962690738200958,-0.07536731019897669,-0.2809305978854355,0.4039043545331116,-0.6286981605654058,0.7643707127292025,0.7960107697749694,0.5428161843548764,-0.4420698611031175,0.3219953489023557,0.24540813264205807,-0.44198926201504674,0.1555701921019872,-0.33053608996040706,-0.29694138327013286,0.9155306245674768,-0.07941574469664126,0.6750740496592413,-0.7199940416519737,0.4571215279138354,-0.7455706652083676,-0.7115532725183207,0.37381375272038597,0.26854491039957584,-0.8394421928291445,-0.4056264956138287,0.03935890633934358,-0.34252855914314595,-0.8925689630766209,0.027527867252390203,0.5295318067789259,0.07140325902975131,0.7687560145298786,0.8961696816779647,-0.877763719263696,0.015247112477919433,0.6577995895920927,0.7077514749430389,0.3560141552238909,0.66832090068471,-0.5599944890285409,0.5080926218681965,0.44090226993540127,-0.9158590116813088,-0.7358409043560703,0.9062251278566182,0.076522871085553,-0.7292067866318419,-0.0774488955382151,-0.36608484228771054,-0.31540420158164983,-0.9549632210838557,-0.674265641135338,0.2501610454130965,-0.8953056109657307,-0.6751820586324586,-0.061585982814844176,0.4343547731679589,-0.10878703610076279,-0.313837706204523
-0.9009563446379947,-0.585096150948577,-0.7649523735331138,-0.09831971217398627,0.23767394107926076,-0.47238566363606505,-0.31174069068754995,0.9883054047872086,0.8887021594140039,0.820543143081983,0.43106661983358974,-0.048134669995258506,0.4229965495985317,0.22265370299530485,-0.808894450910747,0.2851331133613588,-0.4472876677010378,0.44992835507174744,-0.881600693352856,0.3475656177886679,0.32786174966804627,-0.4990933666178776,0.29667013707195933,0.4440486930112262,-0.9238499982451231,0.7493181603006835,0.8964638839092154,0.8227013178626223,0.043712657474328065,0.18715677495897776,0.5139699483096483,0.5166933689718323,0.3303147727939222,0.5939160958420495,-0.6168014547979093,-0.11657438750525162,-0.013519290592364674,0.811738475022407,0.1310973135614415,0.686065477260482,0.05739697798963306,-0.6780475602975542,-0.7232551383573236,0.60533815292411,-0.91159707008418,0.28573276444257156,0.3038525862237258,0.664737684406588,-0.691624767102367,-0.35791234216743595,-0.7671493381916241,-0.17323306680840078,-0.7338926933821961,0.9144500631409711,-0.12791148734855917,-0.5410402317758927,0.8861250070868172,0.8240307373738025,0.5577430713168481,0.07019547967943196,-0.33624443949935756,0.6420151891156312,0.17199707328984837,0.14189639287219813
0.03420391641229825,0.6399016967709297,-0.6566312233766596,0.8283926917837299,0.6584540643911654,-0.4394520854903907,-0.5106909464929761,0.0854153715271202,-0.42330587278140985,0.30368990644657434,-0.929357283374348,-0.8496900371116052,0.20345223707179483,-0.24115489026310866,-0.7175897329827805,0.7864846040909461,0.6308960064024198,0.23739425702532402,0.44633335173390654,0.5701041796150226,0.7914814353417128,0.38272941791769877,-0.3847923943876339,-0.6799735829752094,-0.5785227015474312,-0.44026239734205963,0.3059243999602608,0.260351970933276,0.1486330353712324,0.17023807087352072,0.5302276222501983,-0.30275708278107394,-0.9002065445552687,0.1512535230319314,-0.37173812513450644,-0.13470247042315497,-0.5727896187509827,0.4781136872495315,0.5511417960034284,0.6877011599321361,-0.18517351967078421,-0.040018763065095886,-0.127058604089205,0.4237504738180844,-0.1725329673711833,0.8544210657358411,-0.12720904274007028,-0.6056081851772375,0.0793330139276569,-0.03139134718446268,-0.46592793502258,0.3229955644292537,0.4951165735732268,0.9458700336963064,-0.31204927170035,0.21319151015134508,-0.1645486899827493,-0.013621391668541039,0.639394804149392,-0.6263965758515222,-0.6534071169100581,0.04217501036026072,0.6252330430003288,0.31354734637816173
-0.5206800272015983,-0.011076177572187706,0.7698446259248997,-0.13286194283389752,-0.36345127444980574,-0.9042966215395012,-0.8609770141106332,0.16626999431144762,0.746957688021455,-0.992857743885718,0.06159196073296491,-0.9699144667784974,-0.4918150664139509,-0.24594208364660752,0.1798027931159869,0.726918214936074,0.7621678933235565,0.4220027986782553,-0.9609231942824341,0.21284892650964382,-0.41846486469251776,-0.4327424123790775,0.34523217874094025,-0.048658204090898494,-0.7147351013271244,0.03557192478970972,-0.7894059654473058,0.27783952819802704,-0.38142534711109977,-0.05397384074424072,-0.15897531432593204,0.8912696614993987,-0.9985880440945727,-0.28515682826643074,-0.12169399756682453,-0.7824984773122292,0.4247222937961206,-0.20204134820162611,0.015058786926601453,-0.959629968829254,-0.8013874513954011,0.10679595668702557,-0.7300094473621008,0.1472628022485889,0.41517791285957517,0.4210044134635105,0.44090907304725535,0.6392660418905491,-0.3348552128238449,0.04357463708873821,-0.1372434343191935,0.4789549361793277,-0.33383472071992015,0.8391711548358864,-0.5411834089509071,-0.7774458560856221,0.3805998730176623,0.35846566099016375,0.2611309520928715,0.22262864868483812,0.3716638430584811,-0.14945737773350531,0.6224045753980476,-0.2289565479831983
0.5281720409936432,-0.79921432532818,-0.5386343916742391,0.32795172767909064,0.10772085517045782,-0.34701841879509643,0.5638205982364333,0.9926170962955836,-0.78110592984835,-0.098282579563443,-0.499132693380423,0.1459425426570416,0.6336880059341512,-0.9158481192108827,-0.7133716428413688,-0.11899087420984866,0.25237969826783213,-0.4942509841742977,0.7387547820729921,0.41515105174425937,0.8784166934003512,0.33399107585416377,0.5128881701381633,0.05269772297974895,-0.8457874613825023,-0.5390278231063599,0.884577181137713,0.1069746774890854,-0.7424644779539686,0.48679728631800967,0.9200964513463956,0.09266260173132745,0.4572694135719626,0.7251655614936428,0.0421983657871583,0.015286645383519426,0.763362396305898,-0.4353513087978007,0.08520643539947659,-0.6434468008932734,0.3780717385732464,0.2649770648793319,-0.8464099579986799,-0.362786459364681,0.8471961325883066,0.9560163245085807,0.14520367326825712,-0.8887920698098339,0.26668804338715946,0.78194859365685,0.8753734941191411,-0.05160936176237341,-0.7832822146974419,0.43760349673287613,0.41541937812987806,0.24014373290678215,0.09153128037953229,-0.18970203743205394,-0.7578178020272492,0.3657630202379296,0.754378034448081,0.6286165042884295,-0.5749896981344189,0.8066139535739452
0.362059456561882,-0.8609556570411123,0.08425916960776547,-0.9353666272751515,0.816913479710593,0.6148026353760545,-0.051237844502409535,0.4355212339294581,0.8416485027698084,-0.35073129243027457,0.654633798751644,0.2485811502667863,-0.9529803952579343,-0.988651288442,-0.147595685654192,0.016887235882379503,0.7190841634852843,-0.2417553272150612,-0.13211345719891665,-0.9033015403364224,-0.3345355249271993,0.6643915426962439,0.453462941103707,-0.058805324693107064,-0.7369444276082042,0.03408097957345313,-0.7742543927499597,0.561517826968734,-0.9707854834217151,0.13453037170999127,0.20774731255223777,0.31698729025982386,-0.8066178286008394,-0.3746796747961241,-0.6104594250546811,0.019516217317070206,0.13348550994069308,-0.721966933418462,0.48793528392570873,-0.5746065645258047,0.18507815531994676,0.7215713249705837,0.04207425173324175,-0.5088819103574058,0.474656491790183,-0.874089141437886,-0.7502573059913786,-0.6854632144709922,0.5516317642247774,0.6937053580840971,-0.6660978238200101,-0.3594190040524383,0.24894334597276613,-0.5620521984429918,-0.8628780478196976,0.4185156634413749,0.2209691217353662,-0.9484408805305988,0.3420875803500534,0.8408630552372773,-0.3152208791734432,-0.46446847787302836,0.5472171223508842,-0.6934662287397741
0.6238970923912259,0.9309347138487771,-0.9416934704393991,-0.815834921850489,-0.22918118990197556,-0.5880724909724728,-0.4009966333799788,-0.9970006775822204,-0.44385669970816255,-0.6076505063304434,-0.3589711617631268,-0.3347117515845597,0.12913975169611835,-0.9567569044009994,-0.33918713832050695,-0.37445357845235727,-0.5189340967254066,-0.1325410350871976,0.41256953824012355,-0.1263196365474355,-0.8789963662193687,-0.8329083069268346,0.8815377173732843,-0.9720382710467388,0.9730850110779348,0.7925146536624659,-0.051756917500508814,0.6199147789230464,-0.41811192072267267,0.504274365711638,-0.8206558322903437,0.4557913274038703,-0.38353740829161964,-0.3960754029731133,-0.714018623777585,0.2214947102658804,0.4826857725572533,0.2222240445265482,0.17562971697482177,0.9118525203480852,0.5254113818242532,0.01535004214271618,0.9203067516625987,0.11697465260285633,0.7633490021192071,0.17371456709081934,-0.03496118470762566,-0.9239683714746378,-0.011782507770024209,0.9319721361768727,-0.30727355468909456,0.07292476179254814,0.5931198858992157,-0.1504038439924802,0.182323773227979,-0.6918947705739034,-0.08342668314521196,0.5590705305671231,0.9901021853872856,0.46246320128097684,-0.12379119215162726,-0.36364175569991386,0.696269602559725,0.25300424454937764
-0.5873379393881586,0.12193332239812649,-0.814377135904613,0.8295399312779013,-0.7017146442481919,-0.14595124861036735,-0.43008857458268834,0.17764495819327486,0.7475593638299263,0.1853705522278004,0.26894468030588037,-0.5759349282194266,-0.3353245101614182,-0.872776440949069,-0.5679529477101739,0.09777691037534186,-0.34539048036611764,-0.8125811032698793,-0.9726621092966536,0.9637990596962831,0.41325839092606076,-0.4351465011922042,-0.8418861872497667,-0.9699340195036359,-0.06908273689106958,-0.1716747562157197,-0.6976831885700443,0.4980959676452934,-0.20480203423992016,-0.9988238588500467,-0.11929813928481536,-0.42966477865848396,0.09418735015397806,0.09473050499454971,-0.7024171212209276,0.5358482903082931,0.2796642117108734,-0.6632179998263046,0.5841672412703063,-0.9849387259922484,0.33532471799265506,0.6734748119484943,0.5131997574123464,0.4278906462297638,0.38537189897087365,-0.32727412930636524,0.06506150075923878,0.8270667377336658,0.12147497586930345,0.6381031579257856,0.6491647651187709,0.9553607357049241,-0.22965423070362756,-0.05380262906643796,0.18501953771999968,0.5184846545479969,-0.04475571251388799,0.4912757069356397,0.2905225287960336,0.6718897925167286,-0.9808882044550464,0.17113121485890526,0.48421784996885764,0.5219610031030364
0.48183996553475184,0.9378499617243952,0.7650393057273834,0.5270930927224322,0.6377441592573396,0.9537365656529002,0.3673159639951027,-0.7865919879239267,-0.6638601918881524,-0.9510003693712037,-0.547964866338452,-0.6647599840582576,0.4013922962362517,-0.3198967145383549,0.7577136450434987,-0.638605066247802,-0.5607388959760993,0.3446550880588597,0.2226044552957065,-0.21499815721727344,-0.8317151869858981,-0.24568892876846005,0.15019550888723265,0.091904643064455,-0.9226573456209792,-0.6922748774928329,-0.9923876616566749,0.24137973712223793,0.2978228478433098,-0.32030611696240885,-0.9528218045721595,-0.43572957065530393,0.46693705912225303,-0.26940690940011147,0.899498616307786,0.9008840364230417,-0.9806811940790086,-0.03562052421420203,-0.808315514674125,-0.34419838449836804,0.4797610863414794,0.8817092678670508,0.7221520456652089,0.9131031837883195,0.8183212290288133,-0.13508822273930354,-0.42851972662956506,0.5517638430959932,0.34326778775442013,0.168532879986093,0.09018864561964945,-0.26559037421171316,-0.8306180386997353,-0.5856417928048747,0.8652083291970099,-0.8944756542579364,0.8585800311954175,-0.004563510621332645,0.2690767467611501,0.37527367439123416,-0.6364893807796166,0.5404613340786237,0.08148782597639248,0.5028659256250614
-0.06492636158013099,0.032373190321417056,0.512160652806873,0.08323798211235434,-0.48085248061396,0.5995967375970526,0.47747747222080594,0.1247806072631159,0.4737870019078092,0.7829899664875197,0.7238894446022006,0.25957571399068446,-0.9406249249981671,-0.4118990291941351,0.7726460324086626,0.5610829923806204,-0.3892934975539928,-0.13988804490099405,-0.754117087761428,-0.6838985543041969,-0.33872157435784844,0.25192839153772906,-0.2282716113387353,0.8357227536609324,-0.7922521132041618,0.8950740957587335,-0.7317633952992171,0.14500811501016186,0.6632748401079953,-0.5439828346264912,-0.26944219752344156,0.14509392107328267,-0.9630925418203202,0.4473564274894666,-0.5070106695608603,-0.28460089929280885,-0.26784020677203646,-0.37595508408992173,-0.5275601077408247,0.5252364110312213,0.5800560002361346,-0.6818317562394449,0.26545143357207635,0.2643352934675427,-0.43324562006116474,0.17563171780351894,0.12004631991929648,-0.9213755836231914,0.4570329837289502,-0.49931852609864924,-0.90243490404179,-0.601519937640008,-0.1167085748770964,-0.9508548266239201,0.1520283853280573,0.9535773594729322,-0.26623016314256454,0.6671018343984787,0.5942308262807949,-0.8154460062014064,0.037552608744502614,0.18115482733383703,-0.5935200852787461,-0.2861348412057292
0.5590730686155252,-0.7517987766200775,-0.6531475634662278,0.8150558469744411,-0.7142403843700569,-0.9891201887297985,-0.12342247579724597,-0.45855356256306745,-0.7454437490928789,0.3691107169468497,-0.5750040375594692,-0.4144966520107247,0.7140343379295957,-0.5904824766759513,-0.5849570983709294,0.3123831493521747,-0.13377633917447862,0.9525958205610578,0.198048685826397,0.2071573714252044,0.5331165495674399,-0.8517124626586625,0.055082941892893755,0.8775149722792417,-0.6751431566251958,-0.5414604993224521,0.9509634001641729,0.317075492499693,-0.5936294391901955,-0.5270138692174642,0.34231257620778144,-0.4982464094229413,0.8602380729233601,-0.06402220389580182,-0.3285414562746769,0.16634927620732842,-0.5618308871185003,-0.30999528198173376,0.16393721889328638,0.8922332493019225,-0.4059467296962531,0.7241623322193849,-0.2421483236180031,0.2002173411280963,-0.43903598674325606,0.5844458555377525,0.10311822754398592,0.3272823115543333,0.8045660339683711,0.12274147277308156,-0.41245677227819244,-0.5273986986766919,0.43435907537967267,0.7403725972223689,-0.36350898893047856,0.5331596035768091,-0.16836606140734345,0.6458571326313516,-0.44023674264871837,0.5683685253562831,0.1714420295121608,0.405941881504974,-0.11808238606815036,0.8377954916051191
0.34305336417216425,-0.8312159583157714,-0.2931245443568229,0.7126858466633466,-0.7957327558059446,-0.6138546297432508,-0.28546286553894595,0.20371516812607093,-0.9318767731020634,0.06812853399434027,-0.7574301472106653,-0.3222939302641794,0.4235336834285002,0.6995970503700988,-0.1341480436221234,-0.5373500267955151,0.9670895329821669,0.6325086568635534,0.7015783590359475,0.09955188771368695,0.13653609479245365,-0.8092179333955234,-0.27986869860568686,0.8549701022081777,0.6452244768879285,-0.5142733870125002,0.007615140665340858,0.8207294091607336,0.503187253490943,-0.4749114373415748,-0.3139796752020647,-0.5424214655822677,-0.7459057245247371,-0.7911087702107111,0.786662407450748,-0.8433935171276414,0.09273882976448888,-0.11645439637333377,-0.3719428793895747,-0.4564188490154395,-0.40327347339187636,0.17247598702722322,-0.9480225689838446,-0.11434785616991183,0.5770594460333629,0.7410570998849733,0.44925454206081317,-0.8698552128057244,-0.4990059990273148,-0.6465509172361756,-0.8860766607887798,-0.045954567594531426,0.6615042513588181,-0.6451535152624048,0.19339494448104477,0.13387694844370124,0.8186396386262476,-0.009388587728224929,-0.6223922890304459,-0.9416770150614302,-0.9070690591997461,-0.3984638633666402,-0.5599575754345985,0.9962847585756187
-0.9608669164166772,0.884402997271241,0.21069777906738651,0.3019044682216876,-0.5128312143655527,0.009935910954349536,-0.856377145708981,-0.4221881329649191,0.8482813420061472,-0.9587875800895784,0.688206762447535,-0.33151251783381386,-0.025378443992015498,0.5595460610031802,0.017656847365486783,0.47442645186600463,0.2390525206336629,-0.5685818752743743,-0.2344206490340297,0.9926388770985157,-0.7784357009574516,0.05662397291082155,-0.600864535950973,0.2879481953885481,0.8294269324627552,0.9544867814547162,0.90473850748208,0.7699861619807926,-0.5080381692013254,0.5698383110063374,0.735708893262971,-0.17742225858601612,-0.31962032452725175,0.635326921207936,0.002259405711638074,-0.9287992146210307,-0.619377549226825,-0.1693525856090745,-0.6897028015607614,0.8190470895768382,0.973738840442266,-0.27345507871152375,-0.08894536453093571,0.6186778658054581,0.8769505287402339,-0.11933904618563718,0.07768616069685907,0.301803414961046,-0.5324126324153324,-0.881715874743537,-0.828722467328096,-0.1823293844418752,0.8359088968345116,-0.9761599068085602,-0.34432737679113834,0.7253411201645692,0.5112505555554712,0.9086545462218827,-0.656685153614289,0.3339470930257533,-0.09249815297610287,-0.5094766828450286,0.9439627525216221,-0.8742224380400592
-0.6153614814137227,-0.8207030384935243,-0.3814165977723898,-0.6992234814959069,-0.16105977981105246,0.22971529173758642,0.7778457241879442,0.631704618500635,-0.6821651953187449,-0.1386834306698368,-0.2285068140325579,0.7126253526645565,0.9455667728410544,0.17581808541736965,-0.12375473223144118,0.34501180023194666,0.5175236324700954,0.8990288420528281,0.882071017779902,0.10134144619862218,0.8631696034011564,-0.34171769447154676,-0.10517551726579533,-0.6448323545816586,0.6253971695889047,0.3346250257578922,-0.0007156172648163928,0.18922167612476115,0.4776539169940459,0.909420508719557,0.4687974376975894,-0.07490004536732053,0.8588312074950424,0.5278503778998869,-0.4726650828227379,0.5835670178740746,-0.39063438225627367,-0.49474998438055273,-0.13476646204319032,0.9154494532991058,0.038838578992164585,0.33275505068746236,-0.5178271740216294,0.12170640978160185,0.4806114425695547,0.19387115578399206,-0.35586059879198206,0.1325588030941709,0.4917432814861371,0.7702204741538718,-0.6093039839065388,0.664059184382882,-0.42060430392861337,0.8573194355772378,0.4638279641724572,-0.41199804413115526,0.926221686504662,0.9862789815372848,0.19056761310994697,0.8598703522943087,-0.020824404359231385,0.9670940892808049,0.19259252763542656,0.5347361511009949
0.013654069980350014,-0.2871207427138449,0.5205833341422983,0.9542896094017193,0.10195888040707057,0.8911330336220524,0.5206939641365576,-0.3710426426518667,0.1559954683718856,-0.37483557826585323,0.5337972433109732,-0.9518247096172578,-0.28179969105059843,0.7494451099040864,-0.1773495714455744,0.7781284353188069,-0.3756639981881218,-0.26706162931187594,-0.5349068520816609,-0.4881870737444187,0.9448622779679594,0.5768793737728675,0.34796061549452184,-0.49287828256109867,0.06508317652029483,-0.6256505072779186,-0.8721242876798179,0.5370459366402374,-0.7555929653992317,0.610318852293011,0.572519252918902,0.8621969418948068,0.8593707669626145,-0.4386760005738899,0.05952828237702579,-0.2472750008661837,-0.014069032091374112,-0.27220920924561653,-0.4172821591124538,-0.5504320822137656,0.11172324453380522,0.8512038499215504,0.9874824256341992,0.02896084788602815,0.3133201017399325,0.7874021992591314,0.14008000341230376,-0.32108790683380284,0.5028750850007453,-0.3927612898693862,-0.21143592720714421,-0.9183806669898924,0.5494883918817604,0.3621328583781558,0.19472014950438776,0.9646706191697056,0.8594891144743384,-0.8026953727312138,0.25541923513880804,0.6697718287251337,0.027843010478394215,-0.7836226773124066,-0.48540431196763434,-0.020915596057975216
-0.0796949054345546,-0.9974979083577376,0.7563016337154393,0.4520709961593621,0.6197120830715273,-0.33850226797356364,0.8644141619550525,0.9438064965195558,0.23255365218930635,0.8388086468569556,0.38473536131539343,-0.027190688560698284,0.7734217036329785,0.1820251838186029,-0.57415746264208,-0.6751681032871855,-0.24561912796095053,-0.9849909095364113,0.48491853479442026,0.009175288569752027,-0.11055886355119071,-0.015549934991898384,0.5976666770249113,0.868981049265104,0.9030663411026034,0.6175183515267573,0.020273095531215146,0.13397465120217755,-0.015277704782996393,0.5572278657118026,0.9317594791613357,0.5775519120371237,-0.2737452167909653,0.8913337885612989,-0.09791342153787208,-0.2872236753224826,-0.36572899810905013,-0.08463225840630062,-0.7936086888314466,0.48632052920757096,-0.48620067322482163,0.9166550407643186,-0.5229956060922007,0.9529513633957221,-0.8299748223282037,-0.9301185646519219,-0.28146413592426867,0.9749955100175902,0.5670169687724866,-0.10346197554073888,0.12638706982709835,-0.683237211223408,0.061754124765741825,-0.8515682175198107,0.3964483580161027,0.46175930831821566,0.8610185325307673,0.3168379960580683,0.5087722243172279,-0.04745551562487216,0.006604392830479089,-0.3414786025549039,0.8030015945097102,-0.8584388853046665
0.12035660450868968,-0.704077517050169,0.24401085337940587,-0.4492815500481182,-0.2052227943287317,0.04960068983457555,-0.3678038847343372,0.4381290555761548,-0.03192441431175319,-0.06703764788846955,-0.15164355184053058,0.9962685002005092,-0.7496752123099013,0.7353885263166384,-0.08507704951105288,-0.323706320398891,0.9030337197616882,-0.046684906141054805,0.5807736653787572,-0.13473923198496363,-0.3083483932147699,-0.38892535776993253,-0.8268937031029897,0.591659162417898,0.2314034452083149,0.0036350887773932694,0.1371527536851489,-0.8966366254191782,-0.7931839082283647,-0.31572231297990117,-0.7705339536902529,-0.20118106345273334,-0.40965913216261196,-0.07099411199146166,-0.8074704965297916,-0.18550598271661123,-0.6197721266810503,-0.09303622577382398,0.934952837779353,-0.17578396887570058,0.9343167665866479,-0.09565152830458157,-0.32765456445440755,-0.9559403556426513,-0.4026641171521328,-0.7068313349166304,-0.8380234752947535,-0.03544094780599272,-0.23315768076421373,-0.4928655694247248,0.6611579364364171,-0.0032932233108018405,-0.43291428328240844,-0.367769997581638,0.2844639788539476,-0.10699761892003878,0.8248639627053007,-0.2616973177057418,-0.7304726937961616,0.14651597203346656,-0.2478580682906717,0.8180983864149585,-0.3852099337318773,0.12046169133014528
-0.3661789210983941,-0.5611331288990153,-0.10692377101496531,-0.5914540413999538,0.5823468262480143,-0.4494508276296565,-0.9849483966009656,0.09410351039403131,-0.7577675587459269,-0.19341644669299463,-0.565438652680825,0.616781459085082,-0.03521016900548757,-0.38178634552174984,-0.7470005399615804,0.559568938237146,-0.9565822261215753,0.7411435419853376,-0.2791084501062222,-0.144294311716195,-0.9300208125026579,-0.2320183552015196,-0.6039903325396963,0.5577696495745545,0.6971493239753006,0.6200202099524337,-0.168285327817985,0.5253011246948769,-0.4490157708386826,-0.13765340471937737,-0.44825619828669927,0.5808184855256113,-0.08735524599426792,0.7032842107769379,0.06514390873890763,-0.49088320501222404,-0.29459342739335903,-0.709771715533962,0.16977029372103458,-0.6270571074552627,0.6407908310821211,0.9294491861848053,0.7971225945956615,0.24261281681811853,0.7963083169902374,-0.4043757424242149,-0.18107151875306626,0.5731032946768291,-0.8106935373820083,-0.16919981816902352,-0.38444660108033246,0.7802044762044744,0.14408466810997633,-0.34081536125834844,0.6614023672434,-0.7080931003016997,0.7521671452396299,0.9882565639720735,-0.592823030248149,-0.7781859581171213,-0.3866704982331568,0.6565009649508324,0.043308271660130515,-0.4299908433402406
-0.9711104677964597,0.3500763724413931,0.8815420936937906,0.45196875936905245,-0.6062471276357366,0.826558358306194,0.5515758736641354,0.9212582485337377,-0.03361967329921378,-0.017808239259004877,0.6777184250693855,-0.8159846136539066,0.027454395878545812,-0.05528933644506573,-0.6956772908213591,0.5044860436721339,-0.4722011705257152,0.95923898355241,0.04841365440740697,0.24070358470406283,0.3411559345990771,0.40265689753203016,0.7088459095884805,-0.05123369686746604,0.4283424965119882,-0.4059448252316886,0.15394995013880353,-0.844406185132913,-0.11125914994674835,0.12753665366426103,0.5396435774890256,-0.3579811589120452,0.22629441612136447,-0.3682760313975646,0.4345788336395253,-0.5511143618969245,0.7348770744919764,-0.8168170294570405,0.868837912134615,0.47587008422421384,-0.20321086893322038,0.9199389744506996,-0.7270752763804826,-0.09252588015061991,0.7177393562169858,0.23358922720998376,-0.019176040316819076,0.3435102288424192,0.43097402037239885,0.9938928913263496,-0.8649855579567665,-0.19917074583052052,0.7726541030270804,0.9796903249072646,-0.1718753550125247,-0.5790821208451058,0.6859776843594945,0.42740700308624424,-0.019100727293943187,0.6561074419141935,-0.7152544460096864,0.30869562492954583,0.7807123998494878,0.6265303266378766
0.05014420845056855,-0.34626650081116916,-0.7666836060249402,0.6061471591968142,-0.3745328348025354,-0.7029604218830867,-0.16774031503342446,-0.8638194246291919,-0.7151524181035191,0.23198735244473467,-0.6858194416348375,0.08101033156427384,0.19596133236739233,0.08598943795111791,0.47803578380595213,-0.31337251500747954,-0.22168126158407953,0.37692627268439516,0.4827085293132205,0.6515453904050057,-0.586604996698028,-0.49351062168249626,0.5507197626376072,0.4860238501240297,-0.5963983778159083,0.539133212970865,0.1736323518258165,0.07681362690619231,-0.18969434714264244,0.9698675912165775,0.7577764036680998,0.5050474339269824,0.9093505534107464,0.10986343356339656,-0.7764318886910584,-0.49608439528296877,0.15476824112190624,-0.4614885005372553,-0.17913496411125718,-0.27897377543748125,-0.7304741140371904,-0.32581481013753044,0.515750645307506,-0.016598617657821002,-0.010877007676103556,-0.1785725015649129,-0.1423282742231089,-0.7597775300518752,0.8785444562160749,0.7010771207678868,-0.0854734970859794,-0.5253979260615809,-0.5288200439497668,-0.41872257269758517,-0.2606571061039422,-0.6180099649124986,-0.39055716060274004,0.30065110641433224,-0.0010151583812714193,-0.37617116537943773,-0.3230779788202909,-0.06674609351739424,0.25162192787770254,-0.10295166597138916
-0.9367444690160325,-0.6748863663495863,0.7494748956937407,-0.07889537937370328,0.25797279863149325,-0.5115131733260234,0.36883374344850894,0.16388783969842335,-0.7620185556626604,0.5851622937727747,0.9678776114496623,0.37372630651691896,0.9389080078623562,0.23964446779079962,-0.8550527964688655,0.8823760275519406,0.6242134569604305,-0.4377247547023533,0.9685711823052607,-0.39633862998406655,0.09449633882900033,-0.7824620082452785,-0.9119724409606451,-0.031343690653271805,0.2264331668660533,0.8294557068391151,0.7716038161679701,0.7745752141484397,-0.6066610637579548,0.43878192186656517,-0.4188115651953046,-0.639162032534839,-0.1575641299826709,-0.24566484224820728,0.9153764521336769,-0.9002530737032373,0.842256901373506,-0.5455413546657575,-0.08384526633610956,-0.9319521724424558,0.831088861150046,-0.612147111145753,0.07955305346588748,0.5193777870290743,-0.4694033483361848,-0.6849126772270697,-0.3529928817741814,-0.7645888310330469,-0.4254667469332831,-0.40862645780010465,-0.989682258776162,0.10327195280188284,-0.21691134509186627,0.7142403934449715,0.6481598670477442,-0.10439950474212711,0.41997638176457075,-0.09900520397286039,0.8901340083688882,0.6588205856931264,-0.060670765192810894,0.26144578156986586,0.31987769149423984,0.3390341173054372
-0.08998598532347835,-0.3655598850115569,0.31896532985302284,-0.30240546821075154,-0.8005629522460875,-0.25944328015502327,0.4834718906765023,0.6296083059751554,0.572450436084146,-0.736492736090729,-0.09282692998130582,0.8029388192174836,-0.9362776407251765,0.24470210185299313,-0.18578665414112328,-0.4351396916468375,0.6772151359676877,-0.790802763579302,-0.15470401976634407,-0.7087292718413611,-0.6048824959344663,0.5053734965523986,0.49646437813013344,0.7634781520755409,0.11603453322684021,-0.43826463949911343,0.5433888506355897,-0.29699995168576465,-0.6971067792305055,0.33494494587156365,-0.2506250184689589,0.3371152756795295,0.7838850354595004,-0.39848122704415223,-0.8167234713714779,-0.379534643936146,0.13575499358206344,-0.8724077357550268,0.6962029294770045,0.9613074075367107,-0.7070122784460715,0.1289066674241901,0.13121318705334373,0.2969496617526626,0.6778954697346034,0.19874370032144761,0.7180235465730282,0.3493628490328826,0.7252020219873696,0.8032574381233943,-0.8376330777927345,0.9019821217793136,0.9765841478427826,-0.532973100415649,0.43639687164429986,-0.9131846034366058,0.016619125022130365,-0.9498102401912971,-0.8780736280336667,0.9891652174166752,0.7916059953021153,-0.8104665773276842,0.47366553373365794,-0.9911234431751035
0.8387431030179469,0.2678060421804669,0.5435243584786655,0.2421865418355884,0.6386391128656459,0.18427173875714753,-0.15314959201899625,0.8223190866703376,0.49179168031911047,-0.16984846972985634,-0.3153286141665079,-0.6210776164507585,0.9831778477885651,-0.707854007980707,-0.7257429885851012,0.4940800205773157,-0.521318328347453,-0.7860139554311005,-0.5371313140820022,-0.013305656538256105,-0.6286398503889927,0.48772073846219444,0.5417433243734755,0.1511713363503675,-0.6064825875229933,0.10092386503480344,0.6505343512992394,-0.2807979222250194,-0.7862432920249429,0.3122500679536586,0.7400773047094631,0.029352093187100525,-0.265890097020818,0.6710934471488728,0.2883129316096307,0.41461667906918853,0.33563172965066057,0.9075448854681325,-0.20376948542630258,-0.674884570644724,0.4883772866654892,-0.2913631545812676,0.49941562151243657,-0.2214362715892173,0.8692659765370301,-0.31488058794060114,0.9664496677560173,0.03371115538783642,-0.6640013148238555,0.7875575255026717,0.45133184157059136,-0.09164682195311413,0.8139454283270966,-0.5778714225131985,0.8261252456968375,-0.06052227998844417,0.7822703010732082,0.8221117018937396,0.8690670944003458,-0.5114705938892168,0.03553351841901198,-0.46380606191863216,-0.5122548869384838,0.8379963982712693
-0.5168630956203462,0.9321098758120521,0.25405959225998465,-0.8254332126851687,-0.09452480364873095,-0.8663453643539953,-0.6225201075314837,0.043287050811121386,0.1774212011971683,-0.8422493642629272,0.9816961136632625,-0.4731829175412068,-0.5214448439396311,0.6201213001584802,0.07779822379781831,-0.6474194132302751,0.41500385166283604,-0.34716700320578875,-0.7549736141459122,0.6029437774221982,0.7342066539092869,0.05923458031551099,-0.2325189347982224,-0.4846964033500878,0.1829231490003127,-0.6121624065741844,0.6447123829913954,0.5508552354914231,0.7347187288390422,-0.2628416043878077,0.689956953713994,0.4730151841748693,0.3117168168465281,-0.772854075786197,-0.01711790127532531,0.31603348480125204,0.42242521289442614,-0.8773927626560725,-0.4203909031376978,-0.5512723117043845,0.8008383156211205,0.21074995049687484,-0.762124748326428,-0.4136259210159672,-0.4967037910009038,0.8971436590968953,0.3107173021605991,-0.9720509470180756,-0.9877025564206354,-0.6958190287206796,-0.827871447336286,0.7015628819321522,0.1933033355305651,-0.6564525915636934,0.12871601697510493,-0.5597629553422658,0.2428804726107885,-0.22079081286838442,-0.12264159276925812,0.5529317602361357,-0.019161311557891025,-0.267196942884641,-0.5861716786166034,0.19758125467326093
0.5574928615214354,0.5576558911519713,0.36162663746681245,0.537783197974226,0.4950535644105918,-0.25752879142534146,0.6104420903299022,0.6973251374858906,-0.6206327703177819,-0.8729829909855717,-0.8957307612149787,0.49230788879933085,0.12904154487244623,0.4244708373414774,0.8426401795295235,-0.2798340592716899,-0.09733213767617155,0.4746913781301405,0.24399751166388262,0.05961825553800204,0.8889579361383957,-0.12749931651483482,0.30456688035360435,0.38363405023961783,-0.7370515277583436,0.49899430082332885,-0.9288412129850594,0.334266214336447,0.43299369668715615,-0.2355966391753972,-0.24282021504552254,-0.3846020036619948,-0.867935603055368,-0.0934045128829446,-0.24414321496715918,-0.7926360018413092,0.9652000126190274,0.43591585292818236,-0.5039176641544751,-0.24401960723171756,-0.3715992147777305,0.5735351882538597,0.7991469076517383,0.1476720605737707,-0.5562457220083725,-0.4424514873674754,-0.6029945250018054,0.5946037274742026,0.9878011937095197,-0.09234747059022386,0.6431490831253048,-0.23644734104357812,-0.40354742483913175,0.7646193346763552,-0.735171874828392,-0.9230793647101678,-0.5705127075781873,0.6052308284670331,0.23926305999411746,0.28535259025305804,0.8325643005709631,0.15073704657342546,-0.029877782054304802,0.5315271223333493
-0.8874299400115366,0.4217330361531686,0.6120110467017883,-0.06080808200914767,-0.7561913863295828,-0.6773593109782476,0.38039537937412704,0.7747539942065482,-0.6003911164985645,0.9724068458670196,0.248009435312033,-0.5924370596907087,-0.5006270141502942,0.04466083824817457,-0.3940599189455758,-0.0026203285735801884,-0.49594343006998876,-0.8240763720699307,0.8029723157051931,-0.31243276905506034,-0.5782276719258241,-0.9836559857792515,0.5068453249328633,0.0630303341624967,0.5095691756619529,-0.7911245901962931,-0.7274717645697371,0.9352915153998571,0.03348142664630971,-0.801072184936999,0.8890624680195347,-0.8696645680475235,0.8103986312574867,0.4977624043242703,0.7176930741221339,0.3071162750164065,-0.18748812327466946,0.20565749475203066,0.5320985398037235,-0.28849413576570626,-0.6805195018394508,-0.12362072418109071,0.8918096328038772,0.7964849457109331,0.13310185155749488,0.23367706800180388,-0.5019633761553013,0.39352780576218027,0.5844305967295025,-0.12487158293989475,0.607568626447778,0.06169217520216219,0.1428493760383207,0.4670795110078758,0.02727612956733405,0.3032792801486901,-0.8729267922365835,0.6298046421602372,0.922175034028994,0.15296630446953463,-0.9530711564321332,-0.07745032888999437,0.551927158650545,-0.9989633806821661
-0.7177424162556478,-0.951842823895285,-0.33739961314031874,0.7684021021717724,0.08416619902234102,0.8541390560370508,-0.8376447153085413,0.9553512403561777,-0.49528369571478414,-0.727479215148563,-0.9272067270637476,-0.4500848273090401,-0.4189081605602307,-0.8156943258260163,0.7202190054404869,0.7090945644091671,0.4078004470445693,-0.7233790795695838,0.7276005028175418,-0.21905991257457624,-0.9919019830431481,0.40520119926746956,0.505686442346083,-0.7127149703794544,0.3979077524321535,-0.5147247556748944,0.8650486428271293,-0.4190874646976155,-0.4574923186297626,-0.47179295859486525,-0.8575858184141976,-0.48320343002174604,0.07181888083289745,-0.31157756862393127,0.30248822861489066,-0.8738350762179481,0.021792088414935185,-0.5068089740143698,0.6235973880787113,0.022701098904719608,-0.7880384904548625,-0.12493775845996735,-0.08346902225175867,0.23104231878676984,-0.4612144707739443,0.5055356562577893,0.9652000783732282,-0.547542175701712,0.2645590169820008,0.300944504275497,-0.933529868771434,0.021275127231790147,-0.5769444589338677,0.7891459777336662,-0.08300186592109848,-0.25847516371171686,0.9332823547885722,-0.8089800834454219,-0.9717652297240806,0.3137507348392985,-0.562680262221273,-0.060732502447118364,0.9604282114130032,-0.7173796347510561
-0.9438254961844474,0.44664993407720344,0.46299150160508273,0.2844411750006093,0.9420757837539806,-0.20960815535515764,-0.12125971030248528,0.6357892923044366,-0.6766244249176625,-0.21891832508458609,-0.10287742276370482,-0.34847428954479875,-0.12173400565073256,-0.41291493905420484,0.6473859329002565,0.7815540963598993,0.25552071404829446,-0.8359443932486197,-0.0158190622122949,-0.42530228124279,0.9806016218742577,-0.7455602208222398,0.20988250200201097,-0.5880922041305243,-0.7501684500661248,0.8004544937390468,-0.8071649666808502,0.05889890189559388,-0.86035479195844,0.2929694792408015,0.48083805157555437,0.21880371174441038,-0.8443384278839567,0.1463356896207939,0.06928575569628492,0.9346635247507189,-0.31800125959560277,-0.8555155323028472,0.6257409351286127,-0.7196508414719667,-0.6523090045909441,0.1323203238914592,-0.9356194804720674,0.402741323486711,0.9585883748678108,-0.06815646744339299,-0.09027315303036154,-0.8241944334903302,-0.4625182508510477,0.3565829444217652,-0.35018989132124867,0.9462511314026316,0.7000502767795911,0.25838834765578467,-0.8618139613281222,0.6466839077768762,-0.3417268691194789,-0.46102571150212523,0.5071110837364439,0.030590135948449726,0.06854986653358441,0.021450686925638784,0.017785977550823784,0.45822548793817997
-0.44489395464174053,-0.9414033987819797,-0.09788014267413447,-0.03633371442999267,-0.8796401525023847,0.5567432511891968,-0.5187888457423135,0.982112106076104,0.4762267227205419,-0.502279015142274,0.19511941686068401,0.5724728903422818,0.2690960533068205,0.6863382176112585,0.05304525384095271,0.2871086126449893,-0.682342826722816,0.46291865305503976,-0.6152911745450338,-0.12956185902524808,-0.08912002970956201,0.22464252001927298,0.35963058251579416,-0.985683083109467,-0.863151094073048,0.32939539464874645,-0.410557040454131,-0.7453318368171413,-0.8157012676509208,0.8040565960714372,0.15955472807720583,-0.9755100469635876,-0.4693834299375754,0.28632968611417153,-0.7842644485106165,0.870663531944621,-0.3609207423562639,0.9316283920883544,-0.2544075594343438,-0.45158155376814224,0.6458476445449326,0.8799494666554477,0.2571229033196838,0.8571446967574967,0.046019007398196754,0.38564531353499265,-0.8400778672853513,0.40590792441354884,0.08261993717645355,0.9980057302301968,0.5421743424266596,0.6687992151952542,-0.03714520410226485,-0.14666210627174814,-0.12530014854120597,-0.3277439777718574,0.23839557969341296,-0.05281929765905469,0.09823869266153418,-0.4271136143997225,-0.21706858459334666,-0.39903791279489065,-0.07104220675514727,0.5000190449646698
-0.2696250442925492,0.6215483564261028,0.8734624381279004,-0.3557843330712902,0.9401749456486215,0.31771248209059033,-0.7320661350777236,0.2432403527731588,-0.3401539419246469,-0.5819827375937439,-0.4927515619591383,-0.18934635194494653,0.39874676391397745,-0.46200340564260367,-0.4236324493208694,-0.6290196435322395,0.13876700187244073,-0.9319577193023696,-0.34081411152057517,-0.34088494005136405,0.6096267106424738,-0.19172632805358236,-0.9692892443987733,-0.8674369729444265,0.18110403912927442,0.1574786821668448,-0.25307495497754395,0.09500651034464802,0.691327412992855,-0.30915161876903885,0.853920166577133,0.028581128484781226,-0.05689726972390696,-0.691785335475448,0.9597161722507574,0.8302181538818869,0.5875785980092265,-0.13665688963960454,0.6474749337424182,0.3264707878744668,-0.029682986310795023,-0.35679871608966596,-0.6973226382484845,-0.355437042328709,0.40211957168021306,-0.6400002590793961,-0.016729373900506328,-0.9547610549849568,-0.9813038926662736,-0.33504371192423954,-0.4651066149897414,0.7261408740116913,0.22477113055172282,0.4459518728096703,-0.31560249829639164,0.8378394557864217,-0.17910843179499758,-0.7924227308744662,0.2226675418361539,0.6080708455855144,0.9726659515014529,-0.20059193331522818,-0.7046646771354954,-0.9638727480507163
-0.9220098385276281,0.5898531818851802,0.8764547909301728,0.7482526175443232,-0.8208313192199854,0.45434650555492495,0.289106156293343,-0.6033041427108008,-0.02389090617424805,-0.9329518251751583,-0.7289322247493495,-0.15914203905865532,0.824497930785917,0.5755487631897798,0.5199019138283583,-0.6761904461447903,0.38237787024714653,-0.23564519948373963,-0.9127804919399494,-0.11216531633633897,-0.16655433486181503,0.7734039649010516,0.8472589447315377,-0.7464923803332855,-0.9617413257057756,0.018100903448594385,0.8903304449077627,-0.26475359129515974,0.05998015712264215,-0.7374801874066981,-0.9380264507838609,-0.07459619316390764,0.5656311212495839,0.023444975698503567,0.3298573911245457,0.23073194920430873,-0.7983978696883289,0.08925165190461892,0.013965263201649591,0.550388553751405,0.9058977628804195,-0.4153853018758302,-0.799513987031284,-0.9285642145119826,0.618122967662311,-0.7493242880971793,0.5642879546006969,0.5115185872196233,0.7628859123295411,0.8165296869460765,0.4518971906781333,0.26778595266012584,0.8541981118570163,0.026672694954368747,-0.6901160170497143,-0.023234710336050624,0.37915457958259613,-0.2857567311959788,-0.4990715673471249,0.5038859901216661,-0.7672668194773122,-0.4241141102263304,0.5364327141439584,-0.8495551366265746
-0.1599995621393444,-0.23180760960286007,-0.8110797358600401,-0.624293874247815,0.9372831726321287,0.8253808485570404,0.2961870326074332,-0.3285337996270232,0.10562175147472797,-0.35118025477625814,-0.780535406588234,-0.8132469487857144,0.8319724186456141,0.2417912142243348,0.4564143831486105,0.7325773357817351,-0.046234017180042386,0.6518017962904505,0.8435887932474857,0.000570370830906608,0.22786109564323231,-0.9203792741004095,0.9957042929173239,-0.7451450372775947,0.30693785794954165,0.7340757783518808,0.4747105138868286,0.6868310013320233,0.9981633189652368,-0.9662458406709964,0.7350748428047333,-0.8369709302721637,-0.27804026358156597,-0.7502698487087283,0.027734041241741725,0.4322452969835151,-0.44996196979121694,0.20519546061162108,-0.4726006967015328,-0.3112587746451858,0.8663940098356311,0.31396232289046155,-0.4706031388907792,-0.4138497948709079,-0.2135980880089623,-0.31087901926137285,-0.30336861027799245,-0.12455873679557317,-0.8213253933382858,0.686121587545208,0.4607586592263573,0.6453419785909662,-0.16437305052626017,0.34277152993462745,-0.799609065143766,-0.5703419018743487,0.7034241944621189,0.23202486949966117,0.11458357426818977,-0.5335600692706626,-0.3231035087354315,0.9397442856090195,0.8215191759528186,-0.8070815325932299
0.16885511979984336,0.06476515159275875,0.2049128311503965,-0.5578086598639189,-0.4116500578162563,-0.46123144140408145,-0.12313300066554711,-0.011430465474113083,0.9453720197580495,0.9325238755374987,-0.0415301267433934,0.7008073119531837,-0.48364481864671727,0.9578676835358004,0.8423192892663625,0.47363872832268594,-0.46919580200112354,0.7722303131386621,-0.9279933225662269,-0.7153012868731845,0.7528342367192644,0.17261678872004005,-0.9522948252272307,-0.5712464856448154,-0.4587276732560548,-0.1863850564550138,0.20671049913265227,-0.8612727324475442,0.6218966144582414,0.5186479400763246,-0.2675975224084459,0.2470003009166586,-0.3731790432070736,-0.08762910559469583,0.8405769094074951,-0.036064473868542946,0.9267138800441377,0.47107624551040006,0.7852110651002284,-0.6914472462391852,0.9888339547488789,0.4647637766523409,-0.6688302957342178,0.7886035094046646,-0.3347378278135047,0.19458706328629893,0.821519925372165,-0.3596607775217129,-0.38461801255562933,-0.6430768646449507,0.6932798671636695,-0.5362657583121666,-0.2894615553825981,0.7469202981467593,0.5669059271322698,0.0986659427690153,-0.9260552464001122,-0.5758417700815324,-0.14162980591493723,0.6402034319002301,0.13233382195263022,-0.1072944802182978,0.09270936113615358,0.6805714033459318
-0.41750332076261465,0.7194059340116561,-0.18561242886569862,0.6462008641885839,0.14828986474734296,-0.025828376819277965,-0.2686493121980509,-0.1557614517349457,0.28493632156157234,-0.1100186139709074,0.7534180515522548,-0.12162473354088288,-0.10120401305380611,0.6926341728160648,0.3562171950129638,-0.44652388146191724,0.16798443919934058,-0.8143254802914239,0.6110711991680366,-0.6474895968498089,-0.6833035246694152,-0.7129113094233632,-0.9987559549867693,0.5485834154570932,0.5828743900325084,0.02294476462397177,-0.005706794166801865,-0.37624011619658404,0.5296179418265137,0.6348707558751112,0.9139879957307755,-0.11559088852927579,-0.6612999748424224,-0.38663932473238494,0.8267535154807835,0.5307695195306379,-0.650613976567322,0.47174974369064815,0.5149582945834024,-0.33589105533591956,-0.03985001016716705,0.668642995037199,-0.18611346061938372,-0.22113419779238153,0.9621302679220798,0.4211364102128572,0.3980423352877114,0.7294506821456885,-0.47475516001026863,-0.8056580168455305,-0.5748241315680318,0.7909893141440856,-0.10044407545941159,0.9230763168093064,-0.669437880984858,-0.7575784404604897,0.8144881205494683,0.270880108991959,-0.9912301372704111,0.5542930907254824,0.5380682244594257,-0.8073667801072906,-0.3586519808621704,-0.00867347817132047
-0.6644696292775185,-0.4584908204431166,0.27657776199890427,0.8050023986596209,0.9110015318235243,0.2542958138159448,-0.1234129572794409,-0.5088920028108139,0.863821801047731,-0.13245596859567654,-0.5530025204626896,-0.3803473937345221,0.5222065327440459,0.017009751435002718,0.10060714416468897,0.9173759062967626,0.26121317508509856,0.7531468649274848,-0.763476649297997,0.7968614189070939,-0.5875501412672188,0.11556138581523889,0.01645343888299755,0.0293548930720946,0.0934523925425228,0.666610649880359,0.5959312346364909,-0.23571307430092658,-0.7641612146174901,-0.16774558650082816,-0.5247278792277275,-0.4179222693403304,0.44094081130722595,-0.23223700263569547,-0.4619681809141818,0.5725902671569483,-0.691912264588818,-0.9028038908431097,0.895306147305932,0.08848418754999066,-0.2900098737731289,-0.7854423913879218,0.5366736178416389,-0.5712186088562137,0.28892146090074644,0.8718608123168818,-0.6720989420824832,0.2052169369930006,-0.3177985577527147,0.6744315212526315,-0.7783128288597401,0.42805163656875544,-0.43941211126396573,-0.7790020341927315,-0.6547158151332797,0.9481152300644387,-0.8124414915805003,-0.09505211332396701,-0.3744623806613403,-0.5536450504180637,0.9817361052288816,-0.30916844315170566,-0.16618383746556908,-0.20524119842754351
-0.4656659250541433,-0.6275034328124314,-0.238353542409536,-0.9722278312523065,0.4471323578209079,0.6969097176879084,-0.2906301745283384,-0.23698064622378912,0.2383198194873748,0.5687848680471472,-0.4831144090269419,0.9848459409849442,0.6630755099520609,0.24344785563085813,-0.950225253412124,0.5617924465383302,0.8919248313164381,-0.5014777061767661,0.8082794035563381,-0.581020884527784,0.22473598892090907,0.572939883273164,0.4407115567724704,0.9397189733768392,0.6411248311532358,-0.8582574175695126,-0.7234693876813987,-0.8785652756617357,-0.046722736412859955,-0.043881435868925456,-0.5649338694623975,0.7304030070066914,0.7476943137620877,0.47835658226876343,0.91559985455875,-0.6967311727538525,-0.2144912360743132,-0.9987391067365541,-0.16382502419919276,-0.22380092655820283,0.4387841792342495,0.5822253713754566,0.6098598183769899,0.3121690307264866,0.20353937206507688,-0.2480123743850744,0.8265340356358604,-0.43166270585513056,-0.9607692070152438,0.5166655016357355,0.379669612541921,-0.4991429502031084,0.5607251472920647,-0.10530621792273065,-0.2875452430547658,0.5473995382263628,0.9891790323570993,-0.052537580017322894,-0.8695978842031704,-0.5948099940630966,0.6397229567957461,0.5412614836345666,0.24663225814501466,0.7982616297948657
0.5387002222167396,0.34269596511894096,-0.7918802152146007,0.9668915073185125,-0.5106821029289568,-0.30871853017348383,0.7940520897033339,-0.986034610463155,0.83586573921016,-0.3015964072304016,-0.866333901979988,0.0052180930752292465,-0.1557588144100448,0.04775361478259077,-0.7515257713778354,-0.8982100043479042,0.15329437699115833,-0.514719022170051,0.8825915803176043,-0.8765401379349484,-0.16130059514167172,-0.06828151630166479,-0.14767889898932718,-0.6404479744858209,0.7751550625115771,0.12449360449266433,0.6727732643076303,0.37476544971780634,-0.1539321328117007,-0.8255010202320467,0.37976594923850504,-0.38214692629715596,0.2688134720248214,-0.9595885460164062,0.3936986255495045,0.06631332720748695,-0.25550242231128895,-0.41948437573963293,0.5930453397818349,0.12362743962463574,-0.454895902340793,0.10432833029940292,-0.6603113867565533,0.6838214745506792,-0.7546512075191494,-0.30619543234299385,-0.17064641379341094,0.48729760922610477,-0.1024425697754987,0.44285730015100455,0.9238779361692628,-0.35936054355784064,-0.11274227051223629,-0.1600858681341013,0.1301753489015025,-0.4832432567695475,-0.3141464573553021,-0.5161678134916483,-0.4512088879592031,-0.8235544816852116,-0.21440877086139887,-0.4395123373522729,-0.3541159134756444,-0.6413729922781009
-0.5994261166148784,-0.1604677781410755,0.5045779621217128,-0.04754416892231794,0.6828527023161044,0.02931439292079352,-0.5489530734995378,-0.25198451336429173,0.7408776466777274,0.538384144865903,0.8753464677861351,-0.4457070224642279,0.694011606074213,0.7099319842782164,-0.6559775360281979,-0.1940244635321644,0.251536804003073,-0.852500925999746,-0.3891897734215173,0.9234007645863818,0.525375783008893,-0.1281904854045297,-0.1427653339166859,-0.524358613697917,-0.41453309486702383,-0.9274525139569445,-0.49785699105954717,0.5700829424778724,-0.061600532854938495,0.8651401114545143,0.9127013618361244,-0.9995927492774006,0.2311158006160523,-0.7004035949208629,0.9078326951733893,0.5221556659484066,-0.673061395140037,0.5170428420494204,-0.6586203369559376,0.8233671745884708,-0.09567042111854906,0.20174411875532616,0.9023234745418554,0.5399932608540403,0.10190223311892899,-0.8956033483725598,-0.4857489713226444,0.6958253321572783,-0.9262528491745752,-0.23702510771345153,-0.7198936197388692,0.3741898635765657,-0.36560266449155954,-0.6340059704787688,0.9530165934452559,0.586225445139523,-0.3820636360888692,0.5779818234531056,0.4011186870730219,-0.4229842516782929,-0.264579363663223,-0.7678838733721365,-0.7162769848806112,0.18975149456700158
-0.34527872189454967,0.3312483790698473,0.12091910877885326,-0.2250323299237409,0.8938809515638431,0.163379372500835,0.445777207358401,0.6693061590842699,0.3167099728524083,-0.1325403278142563,-0.3604970650614634,-0.3195041292757397,0.5358199217684383,0.016422946124245108,0.7919516460322187,0.43492571310598716,-0.563455479167293,-0.8936590092488483,0.6768162581248713,0.3778769263806909,0.08380672809654488,-0.9707917791942002,-0.16481620046510526,0.3289361945447018,-0.7533347445994201,0.3225008506705902,0.1982460702292841,0.6637257955010496,-0.7237012151694016,0.4549405903963044,-0.52373692273689,0.9841682406904013,0.2960784852761622,0.9436625464524804,-0.38403597062258643,-0.7681834301328407,-0.18656452587699413,-0.1948429463362349,0.1369545087773354,0.1809554960205737,0.45491553456847167,-0.6454579061576515,-0.9315725055354314,0.27457911366876075,-0.9730075551685509,-0.3854830684647952,-0.8412538402793452,0.05670497225962934,0.9225299541402123,-0.8800284363165978,0.22681040037725375,-0.6242417974333725,0.5662895308942162,-0.4897947409197494,-0.10517064767898132,-0.5318756219133132,-0.19053317908660472,0.4245738461161508,0.05472802789951259,-0.38432859438864453,-0.8651597756661666,-0.411930170655062,0.2755624137113424,0.7717686159027961
0.8648200836940017,0.9581410666710548,0.2890832353294892,0.893720456843689,-0.8744648925286471,-0.511625070614834,0.19460596995565393,-0.8375596754149992,-0.7292310189792415,0.5259909226068773,0.08331403562773598,-0.14234291915186925,0.45917206346621264,0.8613245673899825,-0.06858064416467857,0.8361459433750862,0.009442957880539504,0.6066860448393645,0.16266135748930277,-0.21188679289754608,-0.05369746976282297,0.26170495904581936,-0.79548004726257,0.9886320654530392,0.08103932400099945,-0.546625076740463,0.6499463422378715,0.15894443082878018,-0.40353404105615964,0.8529913914188607,0.4870489360534507,-0.8999869514370089,0.823048618944805,0.797302370932994,-0.5531163726709734,-0.1974323918787857,0.8007375103948435,0.7538308097953386,-0.7748893034587778,0.4073084528342432,0.7222737493744456,-0.9454831614548027,-0.9193572080542947,0.9863370182427875,0.7085810250446511,0.3713402155886627,-0.651673144498685,-0.6829471123273425,0.7326586029825202,-0.40863299844632306,0.4092216049268804,-0.853651595749658,0.2588958949119087,0.15530008097845593,-0.2729213260831922,0.5726062504028318,0.6703932833965949,-0.4125192775818436,0.550385215273441,-0.003833792669353242,-0.001712957187370634,0.0027569438456498396,-0.8707678852668705,0.5768840945504468
-0.04016444878559411,-0.20829670284938895,0.5474562745842231,0.895428923426248,0.42645772484099864,0.17237348544909858,0.7564730820520351,0.18346232578945343,-0.3092868130902955,-0.953062487523453,-0.613838118634928,0.10034965880111812,0.8343341671047235,0.9754300879857392,-0.2839748714123258,0.7793141435215489,-0.8307602621244323,0.5050622449495559,-0.3288248443603079,0.7793967114564748,-0.20911854688422649,0.8660679443224883,-0.85828963696741,0.7786794607093017,-0.688760630645225,0.005001745429769722,-0.440179723384585,0.7941526775196177,0.18381118284912512,0.6646596226017982,0.9376643698796907,0.596883141017952,-0.507824948280146,-0.4360866854761407,0.9647610079200029,0.9426303500515958,-0.45188017376638334,-0.8658478980458404,0.609131746935891,-0.4672614609582877,0.9564001677793839,-0.44724498672178803,0.3576366039299994,-0.9059428789317256,-0.011000646145060466,-0.10958532715972713,-0.19051106908100834,0.09529337722503217,-0.6432299476220227,-0.7967983268842962,-0.2980876219997759,0.9447866152555184,-0.41885287811281335,-0.22919449498396105,-0.12211149537073096,-0.6646380094907283,-0.15663802026472018,0.7054782909015844,0.1060802587716072,0.6307096051726029,-0.2543731307811252,-0.24512975926752922,-0.6507676743849491,0.8822704320969654
