-0.35759040519551544,-0.3117180971597846,0.08696954441365645,0.9333519590521233,-0.4287762834414939,0.12319457828737712,-0.49895316568281967,-0.5969312098801076,-0.025917393929864918,0.5253172617310196,0.8727858273928135,0.02499085952365321,0.3015326033200836,0.1074576805198908,0.14088137361600261,-0.5140779192511795,0.7485982937082376,-0.12486899680870511,-0.00509441666952104,-0.7524012780392606,0.8859083392223202,0.20976896268903178,-0.19726456001477488,0.03283090416488732,-0.7295461692231282,0.19531531230787236,-0.7520136878085524,0.9301388461776958,0.521645393518974,0.9887885144579831,-0.23297188001112157,-0.09018098810164421,-0.02434286361983884,-0.8337406277936767,-0.1313650899611971,0.13607079063115224,0.8288829913344209,0.7714535685060129,0.20082159374235276,0.24220172718796573,0.27532239160667693,-0.751584529456448,-0.81174637041598,-0.21051351757425407,-0.13422290664437586,0.896352540711769,-0.7186755308276502,0.048971497595287516,0.39439292602385123,0.9328163709917394,-0.12498122162923853,-0.6242892512633926,-0.34536506162093183,-0.09791567180102634,0.7400151195578202,0.515218784736063,0.8989275553309608,-0.21407418643006948,0.6258428946828383,-0.4557843638361725,-0.5032444364399868,-0.7963413689886085,-0.26757191428289095,-0.19979041476018233
-0.4877900066213392,0.9216971323544829,0.4120953604964559,0.442325176330858,-0.6553938122339078,0.08408108084903376,-0.5598452972013983,-0.740539969751316,0.2819527206444892,0.8964202278131845,0.9160089338500921,-0.7522588850025698,0.18463134558017202,-0.20708446278526949,-0.4878541225126023,-0.4092214098838227,0.33492748891440627,-0.4150506877171325,-0.8767505308230295,0.8376354761997566,0.008869231490105323,-0.1832780187488081,-0.8587829068045896,0.7803302576762454,0.7658949428349748,0.4187301774781613,0.3058024922876068,0.1812918579056031,-0.9582900082447212,0.5299870296673181,-0.5950747801457388,-0.4078352914814676,-0.920694210202138,-0.24226210602082077,-0.28472073045133084,-0.44797401383075464,-0.1703427100945536,0.01559116640874647,-0.5014215768496004,0.37231190976348527,-0.8573975568071697,-0.09254055521461901,0.6440085859429536,-0.06782036135318736,-0.6038769396199466,-0.7725189506252907,0.880966096136641,0.6592158864784801,-0.37574303196688796,0.4001110170566984,0.7392185337426178,0.42834368879263685,-0.11285552663210652,0.788234798594283,0.06832999912850668,-0.8893399464382117,-0.573060489282962,-0.5726245995412613,-0.5059106401579581,0.5174774728558222,0.16312866427306139,-0.7955506769689002,0.5454389122968535,-0.37552372568438974
-0.9151304333747874,0.9872603637958535,-0.05727821187856863,0.3215947873613425,-0.6255378230888189,-0.5543101645749446,0.2818611592095468,0.4708514880006278,0.6653301162706455,-0.67848406605336,-0.39651735694736234,0.9231083078186364,-0.6030159317592374,-0.6935911331419955,0.41046971378461183,-0.9087054620402399,-0.5702561181832786,0.6741173766744801,-0.12849100977537486,0.6166916899008905,0.1716040532468064,0.7199970814133174,-0.331477106296171,-0.3168463244253714,0.2517289783167751,0.8214306321609754,0.8531033674758861,0.016591360569901514,-0.14295087842320964,0.4766731528301653,-0.2400921411554473,0.7652394885722371,0.5038922969819009,-0.26016511384292773,-0.7252965616405287,-0.5032416646517204,-0.03744866036423122,-0.975743782557321,0.06741895785649321,0.6735494118133585,-0.8016343791390039,0.6956886408161052,0.7423458006622177,-0.25885341692029784,0.5132982074483952,-0.9921564111982266,0.059123681499439806,0.7766087174660379,0.578965390057095,0.05967744543582332,-0.5659702687373742,0.781403932341455,0.8245433296579134,0.07612131543334022,-0.4885010819795683,0.6265920379938652,0.4460276342952878,-0.4450043973271851,0.990791580514438,0.728834540488807,0.2434323722416769,-0.885677048767241,-0.8925030070412516,0.6013500772712044
-0.8116651633984193,-0.48024762863680515,0.15610466106156995,-0.9974281505178484,-0.30857461762309435,0.3480785354094784,-0.2975887571878668,-0.4960997603865791,0.8951086356620104,0.37813344107147295,0.29376597235604596,0.36786257854895976,0.8377544548869587,0.9282174076196197,0.40623050569172103,0.5537749680089932,0.20465670673703618,-0.03340071377800036,-0.5438713603044951,0.6785099155059484,0.8846280193811054,-0.2092686197081315,-0.789482996101293,0.408667987825982,0.6812210701995425,-0.5079572401920094,0.7022680725947978,0.3350950438012399,-0.6744950667982257,-0.8176741190336541,-0.9516580960906851,-0.2556168939275203,0.7936850592344622,-0.8071446228543475,0.5271122606836727,0.08301731723495731,0.8052675252987587,-0.7689334418487483,-0.4669520797113975,0.5463718916115117,-0.010331745003958837,0.5094676177745101,0.19349137548200024,0.4970609839349118,0.012803126328788883,-0.9415926910723311,-0.06105429382220895,-0.48724572628198515,0.8084743923991711,0.06052599078368215,0.4721638974948885,0.3058107420889635,0.2549280953732489,0.5742331289816682,-0.061150191127269604,0.650929908094934,-0.5502308432264318,-0.77915461176843,0.5537657693622804,0.17561172534593283,-0.850684690812914,-0.6752732445542355,-0.42124081394615986,0.7909792828796827
0.9007994035511007,-0.8678781988040318,-0.8254674869667598,-0.7337424106865233,0.8371703581985235,0.40954461124023767,-0.5335994339755703,-0.3622975084189326,0.4057416361550321,-0.1145722123236308,0.4254460125210202,-0.32915300769639577,0.4078177120587081,0.6636042630035335,0.019379675304876054,-0.47274905506980236,-0.8855173399538179,-0.9303200673512424,-0.1549158493443874,-0.7571250234155409,0.7230600386877082,-0.5682104150435239,0.7872729488347252,0.569609900334024,-0.8527483496201127,-0.08304325086384057,0.8764686355667517,-0.23530856967000324,-0.8260963112051027,0.9461517520706553,-0.06466730005795548,0.7959618990002026,-0.9450538732259972,-0.710365396090779,-0.23508690846887204,-0.7216120792129654,-0.013436189657397346,0.30531122130108157,0.31587064855185076,0.5631861701773,-0.7450750815775864,-0.2009081757609983,0.237884767572361,0.6630603820674437,0.1771417591264528,0.2946425385542215,0.6015295182550549,-0.08247093141196249,0.3201608115692727,-0.639318842518755,-0.6276950108983654,0.18033139933933695,-0.3451610124379725,0.746792125042129,-0.1842899091549104,-0.6948728827211199,0.09085421863914234,0.8386810964802849,-0.017261921516058543,0.5838005955269876,-0.9154057821314264,0.5340274154369258,-0.4951214377287072,0.5086332829939169
0.08051678149804764,-0.9310673805201768,-0.5459192073223242,0.3184344854065535,-0.5738394344829616,-0.5302975269060572,-0.3388917618800349,0.3847563069355444,0.9771099143837509,0.0862945996559934,0.5180353171705601,-0.9224285562895886,-0.9807913622208766,0.5651620119600698,-0.46669556214907315,0.9052032436964403,0.7708280685799722,-0.4491045251502648,0.5591340893355241,0.052507569801052645,-0.020353267699020794,0.38215427519614864,0.8269118964214219,0.7731366887419451,-0.3304421895300116,0.5529590383447807,0.802395560573967,0.3486379185790147,0.8584501765846686,0.3537128159078249,-0.1736552451969775,0.8893904531126382,0.30696498255561333,0.6075322585960683,0.684045752499129,-0.5354549850993664,0.5787578694599236,-0.8970502082179097,0.9284722980012585,0.7701496968982122,-0.7966654602307106,-0.16739391566322248,0.2579864356608499,0.07311545248111528,0.308384684789784,-0.3239574527615994,-0.39979544104592835,-0.29969091493437805,-0.14566150034979497,-0.38809812409847955,0.6337782542888089,0.43559349152675053,0.07851138874339036,-0.7291953491493961,-0.04696758739212825,0.607713450810307,-0.49665764478040186,-0.9608575928777583,-0.17252754672115644,0.7110852140086361,0.7305533886143518,0.44048551709248773,0.3284560211895615,-0.5576293737781484
-0.6581492852095521,0.02135249043946197,-0.8964335524527767,0.8163040392292606,0.047821600254593255,-0.7140024670479461,0.8557345210124871,-0.21874133837018084,-0.5090067635095297,-0.3261220746350355,-0.01640336577821211,-0.1074850886902925,-0.30993739708191437,0.7088048220265646,0.30995309650546643,-0.1978675568360848,0.6627170618096827,-0.28568565303403504,-0.904481689506847,-0.46521817730198833,0.2924278899976389,-0.9890538414172365,-0.49553338802379976,0.4100257024495677,0.7292541071411267,0.7810662757675564,-0.8676048722408394,-0.3544250862284162,-0.9831231260735147,0.8960896920641042,0.22985860277858006,-0.5746264982857001,-0.7871089677875782,-0.5060115709739392,0.3616871207371568,0.7288276533912463,-0.9568782784718859,0.8115097271195733,0.2349044644623799,0.7460130169237487,0.6711355478692427,-0.012144418240535026,-0.7065818593727808,-0.21235101637586573,0.768770239823851,-0.34370967539159203,0.6772505315988735,0.8550744542910937,0.21468575088747754,-0.09618918398543141,0.22611822212697685,-0.30046713022726945,-0.5093424143429146,-0.5188882408108693,0.6960419264200641,0.3175789771697919,0.33745936981085345,0.23502482210346498,-0.4846111599233196,-0.2902456423958244,0.07007187833796213,-0.21063400719588365,0.758917532458212,-0.5380046629552808
-0.058831478984545216,0.5279534562343982,-0.3629597237552662,0.9660620062470546,0.11262401716316917,0.7361197061609777,0.16463510286981542,-0.44001896660970385,-0.14009195413518216,-0.6485970726125923,-0.38122812605165035,0.10402103486461267,-0.15152725840449843,0.299812307537904,-0.3540275238358723,0.8189937209949312,0.3059026492021053,-0.1201544437823101,-0.42334060702087006,-0.024669516958587323,-0.004912140495044959,-0.24715123812024875,-0.05775193052878391,-0.2104590323396931,-0.0027176435581197644,0.23263565881152037,-0.4405689576454419,0.6983577762575246,0.28138434538707324,-0.17601462473380614,-0.3297462137214402,0.6970723566627628,0.7260046768781754,-0.37502364954489087,0.8417531156031566,0.47363207925533546,-0.09874896392382615,-0.7610328608567267,0.5108825358682525,-0.42643913837788894,0.4547414530540894,-0.04275504455547163,-0.9959919174635692,0.3718847900892368,-0.46957145950425216,-0.132511422004004,-0.3388107141314072,0.7742741016105268,0.8888368287386159,0.8551105681658708,-0.3327192114676685,-0.14513889965154791,-0.11331025651284077,0.37986628081071605,0.30298874840358514,0.6868190461668355,-0.7429477944772807,-0.12814417826489533,-0.7951363905203546,0.23066085771135958,-0.6527589153174111,-0.8347176346881426,-0.5304543005957678,-0.19637694403671047
-0.0696938165520653,0.43273618287978644,0.041600157165673224,0.5712007791453837,0.7524057791766878,-0.8352179530521207,0.8997929729181433,-0.5884639799866289,0.5976100955423169,-0.17213420569455273,0.9171257231815075,-0.6647964283773471,-0.834720616767689,-0.6205139080946338,-0.3732313091482986,0.7029358983887928,0.572848533910971,-0.009078710211921415,0.9442995183329925,-0.018753476213156484,0.4583162403349079,0.8204659369863616,-0.4167584030836722,-0.943793890209025,0.2500385839679875,-0.9983861222979529,-0.8081523583155836,-0.16019278410675275,0.5534151306593291,0.9304389953454588,-0.882283892026976,-0.21711843405911302,-0.10586767622950544,0.602023146235444,-0.162675301561795,0.23625722470349708,0.40931959473315427,0.15400465806065666,0.3019744923856589,0.7832992907629364,0.08921783226001478,0.20382807974463768,-0.9689917889839916,-0.27475166397906303,0.3613291768400626,0.10945472839483994,-0.6556354844597927,-0.905639917534836,0.938603714939948,0.6726863036670823,-0.9725152992336612,0.833913710655289,0.7818570731564753,0.6633414398238022,0.8053500341043747,0.5758611779769041,0.39587808673871727,-0.7585781689823079,0.08634861787418635,-0.44343846464957326,-0.5305231723925854,0.5860037992615192,-0.18360691208652535,-0.3947592351782605
-0.9776525181282654,-0.2696201925102246,0.6549630135396884,0.13851209944809884,0.014691738476634075,0.8721546632240704,-0.7267579074485735,0.8854818249030061,0.11441200525410644,-0.8740025613913565,0.7973382668696045,-0.7014047429506232,0.13634678634781272,-0.5285485577313012,0.33494047190073584,0.04650910739488534,0.9281528140493518,0.1462267754637867,0.3872520254624514,-0.6943120412158847,0.20427879812170868,0.6632851380571867,0.4222647402307771,0.10586827562343659,-0.642201705860882,-0.284986291121915,-0.2563963119562218,-0.4057501807611781,0.8213194600251243,-0.6922477054507012,0.8301178606546931,0.46779226127659945,-0.6363547769784386,0.2635368043143478,-0.5587520185363679,-0.11259465469803431,0.7919881893213552,-0.7728813241292176,0.7389237392649414,-0.8152800962631621,0.1289270821969759,0.9674933603906077,0.4423401954229964,0.97987845150616,-0.22290848447810818,-0.24780844326122176,-0.27066402189672645,-0.0785712579861948,0.21851759071049703,-0.2715938511232112,0.19881189423178003,-0.3521235284539752,-0.0674552957376382,0.8116325813587366,-0.8230811370444568,-0.27989391169214795,0.04799180393640157,-0.13619783110552586,0.6977416076188601,-0.6307358699310217,-0.5998469207747035,0.13340650794243492,0.8664919238411455,0.895927430083352
-0.48250584940580765,0.8243361749780396,0.9466046425519163,0.6572939080853846,0.877240643377126,0.14933657579245807,0.313855904401505,-0.5014819683135665,0.813470807324504,-0.22943964611155687,-0.2775133949821895,-0.6582302192194027,-0.5942882241054188,-0.5428079473851728,-0.6718275417108945,-0.7336654332648951,-0.7434872530356129,0.9721397914279801,-0.5488495673651093,-0.21018846781307854,-0.9834222295030774,-0.8397272056188616,0.7661335741871578,0.48006693283259794,0.10636759550906616,0.5588999919477489,0.7860155052009572,-0.24010748910906154,0.7960614918376284,0.8411722298298872,-0.12729104323959084,-0.8659850539520044,-0.3379155853669018,0.8233133149561109,-0.10740761324684067,0.4465873217436107,0.8680299401146048,-0.7415628469016784,-0.3941085785719183,0.4909637033559493,-0.49186858805345235,0.2900459426875075,0.9703072366639047,-0.498554100676871,0.27535444207309934,-0.8449368339435375,0.2455295863590008,-0.8989381138454848,0.5806960791567419,-0.01722962420239882,-0.6366988049354823,0.5838902850403753,0.7447819019497257,0.6176670194452643,-0.316095853260713,0.38210068558518206,0.9279259645285918,0.6353233706402368,-0.43551239741959336,-0.8686312770597715,0.9414436036989977,0.6472499881304974,0.9859322589709087,-0.7549934996805578
0.7281234319981218,-0.9624461956073773,-0.8752248609709377,-0.4402901575921867,-0.8530945723404271,0.09614479984285951,0.9587233261452688,-0.16957410625556246,-0.6111031605213482,0.17585202076859696,-0.7110734275322699,0.6067045438458933,0.004185219722231848,-0.4066901887512311,0.07872440962017224,0.5950539490639113,0.929227168213423,-0.07216493307909388,-0.424564047014093,0.6812063530538788,0.2103865987550424,-0.9643696556410231,0.5407120905362683,-0.5306443869047821,-0.9233809501462948,0.38873142126101023,0.9495388571500831,-0.9725003955242473,-0.035855503256140064,0.6469906318433685,-0.16421202548965597,0.13484772807991874,0.5248646955634864,0.8765911314088632,-0.06329124115070894,-0.6708317107728832,-0.7352551593392749,0.6534907697605272,0.33557349106352596,-0.27369630564567804,-0.8042577711066599,-0.10126152435841562,0.5634380712239602,0.9784058731856196,0.09430920084634042,-0.9590489743083357,-0.39060119066905186,0.3722445578735285,-0.6032537278762593,-0.5190667357450978,-0.12553563918256994,0.6318730344747412,0.10635215540843568,0.1475659100130775,-0.717099572896952,0.1659351338738717,0.06632284028246249,-0.21457107543068954,-0.9961093461878445,-0.3629706634563581,-0.5829630848558878,-0.6665484474751935,-0.5194704666229322,-0.5463609647254808
-0.4642258224445963,0.856470502982644,-0.8677321931523616,0.10868479548915255,-0.5552251114152513,0.21829607487118508,-0.193437649427167,-0.01576983819706279,-0.4436388404504208,-0.5133937250341383,0.848630361590649,0.49949238880631497,-0.7662635575911694,0.32689320552923373,-0.5867484738353512,-0.835161345557373,-0.4686132092218913,-0.5766780022921256,-0.8677047185844959,0.6651797643774406,0.6450741672853006,0.37674804513822857,0.1237709835077565,0.4486860962672605,-0.9110334940233134,-0.30629783869725546,-0.5971084910379207,0.8870764408233842,-0.1177797421379514,-0.6336649711713263,-0.6785662459068822,-0.35921417560180013,0.23089601740626042,-0.6027912430200899,0.728975167010939,-0.16108208571525195,-0.7471854617435758,-0.2104902814068108,0.7402845421264872,0.009063078913623013,-0.9161748926244131,-0.13684841679043802,0.7963844839592256,0.3857084846074834,-0.1808809536945395,-0.13083764700896783,0.01987965033250516,0.2871636564567046,0.5050076407194344,0.6274888980483366,0.2922817206857844,-0.005036256587836352,-0.9740845551453725,0.9057540134940882,0.9704594984564141,-0.15284215310316007,0.9367828577452104,-0.49658472960501787,-0.4494554517017162,-0.9013916794709607,0.7430279227746379,-0.9492521042782163,0.812221954349424,0.37150102688739706
-0.11087249159048329,0.9567407176814176,0.4473238002708422,0.32838053017538527,-0.919813062495739,0.06765007178526727,-0.5741579379011592,-0.7187722236021994,0.9367650317801912,0.1990886941447194,-0.47405841765296874,-0.7689115178251598,0.5714027052225372,0.17005365808970963,0.435092520581533,0.3323746619448724,-0.8046749518916414,-0.5781783558660336,0.14578262579839163,0.2921032615538177,-0.33506910935552536,0.8528389993319259,-0.25031616709489524,-0.19201140210810008,-0.04596275682487527,-0.9648404785724962,0.514883100770005,-0.0070734091892223905,0.3695651857175024,-0.5677845326136153,-0.6460431440737748,-0.36762573371624896,0.4062485198318804,0.33527059880247,0.466404033531129,0.09500502228010066,-0.4774760198264856,-0.9437794842994116,0.5471912633122684,0.4094373294780047,0.7519909464554879,-0.8086331831584579,-0.22624377159978448,0.5058577206575747,-0.06471305144084649,-0.7318335607167146,-0.844786827550819,0.5267897553626284,-0.12355024556293825,0.0016247174334445003,-0.534127117649462,-0.6990548045064688,-0.5246158933421325,-0.4966173699232066,-0.9536909080261402,0.10610931262884016,0.18146638706607732,-0.915195764821015,0.6277820279130961,0.5484601344539577,0.7486529225277425,-0.15868426315659434,0.7363014106914092,0.38063681347775113
0.7809356153266589,0.8046979729314854,0.19845640006474463,0.8632694700513897,0.9906977711469664,-0.31625127150786136,0.8978341015940181,-0.9923551948827223,0.7000243370764996,-0.29256450736331474,0.5562279686435587,0.07704873667384549,-0.38762358168776156,0.5157796880810088,0.6747623163595824,-0.3240024648431359,0.2526900974499491,0.9264082704887677,0.7747670292630278,-0.9402617298685145,0.5484497018020607,-0.9217663304478814,0.8983010147946398,-0.14028424487937952,0.502397035982687,0.6211457884193949,0.11988464459346937,-0.10070249292669597,-0.7388793613802862,-0.11204586454174437,0.7630550998331673,0.1495694496195119,-0.05030017050090585,-0.7002268334158417,-0.972829768126839,-0.250450683396396,0.9231799860882708,0.239323846191406,-0.03998819142312038,0.9683392560121757,-0.18915932396421709,0.04456014571570699,-0.5833543721266685,0.19903156847997105,0.6039481714271948,-0.631020820990499,-0.7677379178410235,0.6970975337895549,0.4426171410086408,-0.4647119964866717,0.9101109160930652,-0.6926027851477328,-0.6003734960330094,-0.09776440710983847,0.5181693696098495,-0.35423024979610385,0.9410516176371155,0.09587890036619928,-0.5517144201902533,0.1760158796181115,0.4419690680358208,0.11321379789400843,0.8568045537217579,0.834234449874738
0.06756405097195484,-0.34455273864849123,0.8120265550792638,0.17607719058024007,-0.7588865768796882,0.4685941913089915,0.4175016484221936,-0.9684973615647117,0.07051604330075256,-0.5949993523421551,0.9393006879022661,0.2551755765066097,-0.44825877042050877,-0.27674284258842863,-0.2614959203850664,0.42656705369838477,0.4330920199580395,0.1522664641794773,0.11443682683761969,-0.02445911728889394,0.2772085387926069,-0.9998267432268675,-0.04617274233566371,0.7603998276390809,-0.26760633220410224,-0.811223065168895,0.09949555425727663,0.4648290344020778,-0.591895987834701,0.1545128157695037,0.18747165373767039,0.22702761775129532,-0.01458428574600279,0.9240378051624814,0.40618051643696784,-0.8715910793311239,-0.8016583379841389,-0.34144057087307966,-0.20818752992406986,0.5765269844379435,-0.8166956433302561,0.8742628704858018,0.7346019553604202,0.9165420491433127,0.041092320984652764,0.36587082065016263,0.2700237384210509,0.9687028285551011,-0.7916460934931295,-0.3044214701273078,0.8849925123783307,0.6806241447353238,0.9786411733159412,-0.15567338472909564,0.1857457832943179,-0.9535064607633246,-0.5152660131195816,0.8663911589159561,0.565820199534125,0.3352922090383721,0.870436151235745,-0.8818010527256921,-0.41191601259392363,0.7253377105137193
-0.02391291200850354,-0.6534410417128562,-0.3384792871576905,0.5538822729595827,-0.0578239804593319,-0.2704992155774728,0.6575321351673824,-0.6073617221756371,0.31586696322332686,-0.4521588489487063,-0.568869636487866,-0.9950562177639686,0.8669952728983739,-0.03747081093302129,-0.6016210500747912,0.7606550818420512,0.12623864248381156,0.2542253419455213,-0.5400481816336569,0.34958255998425924,0.37525750988505147,-0.34848715282535236,0.7636638090465149,0.5726536857491351,-0.04816067976767746,-0.43717627356518673,-0.33073500564304537,0.5413235423656544,-0.39343743701807443,0.2632355209318311,-0.5497521288095284,-0.8948484256221436,-0.3440783841965498,0.22588056209661822,-0.24611372594307213,-0.46968871354024855,0.2678613770263045,-0.7772521497785054,-0.7805404717338318,0.05218117334583017,-0.5285618020228522,0.0409600789607254,-0.23203461187386787,0.7261395109239979,-0.08721074450459398,0.04321850124608706,0.07816702040887202,-0.08344358959549791,-0.7827093293919332,0.0038330104320773994,-0.039588260466330905,-0.9609661915371512,-0.08359235027009859,-0.6661124294286758,0.18107271605113984,-0.7179419995834246,-0.8458768920249784,-0.5812766755821903,-0.8379352967098497,0.7755487200758584,-0.6239307841661159,-0.8623008631626916,-0.885283531161041,0.8255596980269002
0.07653107320597963,-0.5504580677054951,-0.6693379055411239,-0.9542698437565067,-0.8079759475799824,-0.3294033445151854,-0.37939127410679063,0.003645598453282828,-0.07505239531245311,-0.06634615798102184,-0.41360890756922863,0.04571179014727633,0.042765044747466785,-0.1684274963073662,0.27370968696600295,0.8614483635368868,0.09414522238970657,0.1055693732807097,-0.6570994527339058,-0.9223151194025783,0.557459330899416,-0.49218746790079426,0.4978638620876559,-0.29470456827786107,-0.8540206328615216,0.7523116878324174,0.9950854499801061,-0.09688816564413782,-0.5415825060990556,0.824994729110327,0.6823686715516517,0.12040512920071422,0.44038377172887544,-0.9993698192966818,0.8446825600515022,-0.011461978290373764,-0.2545725097588196,-0.19573464029440357,-0.9892463282880724,0.9682828599832769,-0.4653707790659769,0.6408412379510862,0.34906677685172305,-0.3929617778958374,-0.7313093190842652,0.930317215885927,-0.10903432619240983,-0.3476196982532189,0.5108632379906572,-0.48073281156082803,-0.5809858835792048,0.9873459714355679,0.9085790811885508,0.8135049014103473,0.5152922115202063,0.9097385333760775,0.17457523550324217,-0.5836137237445542,-0.8239034330807289,0.5593540453397099,-0.22228812798571784,-0.474283890136487,-0.15867548592889902,-0.047867194848672856
0.3717128506585161,-0.9689739015818699,-0.476388694852687,0.5133090847459061,0.7782602079403083,0.9998013650317137,0.5815973532164362,-0.7983798186683904,0.29454822187896745,-0.8940249183316701,-0.3706420627625797,0.6627843114679832,0.3588129386768515,0.8137247073225766,-0.4928040218965193,-0.15518078992291806,0.8274009038969707,0.4354181486577233,-0.7741447417397758,-0.6371694620636195,0.05565415327663925,-0.27528138154742554,0.8142756839159573,-0.33804797290110056,0.1286216598126777,0.13171786864746848,-0.6754423893995023,0.8229347296513769,0.3053568444522945,-0.635544965261351,0.2863725726103916,0.8715304821948473,0.45197568254871,0.7295028395506824,-0.3283182551033883,-0.16184904345026974,0.38556547441857747,0.9840248680276806,-0.26654050489503045,-0.7253638735306711,-0.7589099252113443,-0.22477688731086376,0.7938057779800629,-0.1758443116722206,0.754715505017542,0.19651336466551217,0.10782234516026379,-0.010097373750989735,0.7810319001801675,0.504151257151431,-0.3922860651187947,0.25143222317629754,-0.7261744539466877,-0.2335797801957722,0.5538823894787568,0.19437601692040496,0.8654212381846136,0.7858777775596117,0.07053091904984643,-0.4438007504168675,-0.8768450406150143,0.4800812266283734,0.7860448686482294,0.6629436650153819
-0.39576067163366235,-0.7665560584065194,-0.38278024770790253,0.43471991327178205,0.7697858542532416,0.6872949900969012,-0.2358691523517511,0.45712408360020507,0.8792012439552255,0.7312932026222014,0.7124125255906302,-0.516290367222703,0.5583597996192524,-0.6967829532772967,0.9423047143210708,0.10176499878285994,0.13758451463916477,0.24378776929436086,0.34152501756600406,0.251750054877375,0.6546152346082628,0.8686928074976283,-0.1551190484347087,-0.6046151824307562,-0.048415804666376294,-0.6228644022161465,-0.9698430523391162,0.1946959146331273,0.1162529815784541,-0.6836596475153474,0.03746834288421641,0.7073836295358595,0.9502621690885951,0.46029632148427524,0.3121223971612124,0.13774145735165022,-0.21835741426833621,-0.6421949764268309,-0.3682902943223616,-0.25654540381966284,-0.8523845650221522,-0.516306885685351,-0.5471175588236639,0.7031209120797264,0.24602463338413227,0.22870202168503861,0.9953832011527342,0.6990499975990567,-0.9244812580452981,0.5945826802454546,-0.7934943385794242,0.8273326184228069,0.5260157012251612,-0.13535139978635757,0.08411932542140899,0.21846221514268604,0.8501900650669652,-0.271471952583205,0.3940193953843094,-0.9914388904641671,-0.9093643223980943,-0.9930923024007607,-0.9763644537505616,0.09612303545355427
0.4768224732962798,0.006600858802299436,-0.5331326281482291,-0.21733075613695174,-0.08881735172017424,-0.4819804696710319,0.1391625173236699,0.03912954781678013,-0.6392039402458329,-0.8263922197997602,0.5507629872944972,0.5296507231099215,0.7219733154427941,0.24789327017297746,0.5334155621849272,-0.5163803219089655,0.8670491438177188,-0.6972453392701057,-0.4367042300872781,-0.5563511422433383,0.36848100303669606,0.895678689449906,-0.8254909933712493,-0.49018396241607487,0.8548447566069659,0.8899541634316841,-0.09827520288407188,0.6274455948269799,0.8759702375516225,-0.514123180641022,-0.7981272109580384,-0.6585377082158261,-0.30157959961021685,0.8449436605093306,-0.3867741757123757,0.865353400227725,0.015493012094747627,0.9860338332356529,0.4163081118671146,0.4049112695081414,-0.9697304453847062,-0.2551361647911521,0.09669125804660328,-0.9048662694261838,-0.5199640887460653,0.4452908570358365,0.05795629953536219,-0.6124888985573624,-0.3316788208457542,0.875128918240665,0.16165150820581609,0.9457399041804282,0.58984113692786,0.7917385078927133,-0.8261134903386833,-0.38344585486938243,-0.08259926656975103,-0.2809803989335551,0.1436619133170789,-0.9635529749596976,-0.07490398573057444,-0.023317661280009228,0.44108164826257257,-0.23758766860451197
-0.9826350058106381,-0.7399157363116811,-0.39053646583533497,-0.3021569059074063,0.3649841673740877,-0.011120470802749027,0.7112502964424274,-0.5817957232000557,0.9043799118778326,0.07238104087977204,-0.8416282899377152,-0.031074688098024383,-0.2320517242788287,0.7015225233044871,-0.47638596171545977,-0.890478617435364,-0.9039030584002086,-0.16174586293382331,0.09183363036787395,0.5230360919477397,-0.5481662819724993,-0.45237893298131127,-0.6298134569506664,0.3861509272084296,0.5627925550772281,-0.17081390057236434,0.6201526240179291,-0.19609342249664685,-0.7104695988778329,-0.35985048217901583,-0.40725136695481257,0.19169806497226038,0.8668380740330528,-0.9227914009290632,0.7339999693944819,0.1418919837806032,-0.7093598251126974,-0.5487364818884193,-0.4558348203285365,-0.8433680828958079,0.46837462657184004,-0.4668845230302716,-0.46715307401290884,-0.23192976066094761,0.4811197383948205,-0.5721639428321503,0.1048662896242687,0.7777319108970047,0.7499052569172491,-0.5260464579899149,-0.5372143298284693,0.6312637046496576,-0.8730162805740551,0.42385464677678697,-0.9839036941067028,-0.7981897330641143,-0.12120452490266276,-0.5519578366186131,0.5168454971678418,0.5376439124224575,-0.5270229119329635,0.43768748848762606,0.2847430383209968,-0.5982432831026321
-0.25158298958446323,-0.22280970906233177,-0.9046783005294361,-0.4351788225688009,-0.44773421487658727,-0.9302703762767015,0.9658285371983553,-0.12283209402072637,0.5242187125182605,0.525523462426311,-0.9776258647677645,0.866116079668128,0.7383762466181405,-0.4995797089098488,0.9594524612895776,-0.3469182310144676,-0.4729459818942696,-0.12119525983886503,0.8280109705568952,-0.10209111074421062,-0.5036273649545799,0.7936284816536736,-0.32607519773325366,0.007698118828944001,-0.6848197346759115,-0.2718470002571345,-0.6953159050611248,-0.0827944250047632,-0.25561621754797703,-0.9174420687809219,0.5576526387583247,-0.29158264377231324,0.26928932789423143,-0.06294705664580835,-0.9838462874113882,0.7816056829254812,-0.5904418317197484,-0.6864521801689061,-0.017098390530153385,0.4111329222193467,0.3801849053851434,0.4980166875117784,-0.09331684255395634,-0.38156815912766207,0.03037610806880564,-0.9177900847329705,0.32694459216906746,0.6545637422642716,0.33822758474998804,-0.913054642361397,0.8907105545752871,-0.08706867832805365,0.0361210998369359,0.10019199200490969,0.9579397445026039,-0.3085846976412654,0.44888659333574177,0.7026496920844314,-0.3434923572819941,-0.6795033540754538,-0.7045734896249292,-0.9259416347049803,-0.29119904584006195,-0.4840187602706034
0.49139375984604894,-0.6769505799297268,-0.5330004814866809,-0.7637284701608171,-0.5156216290957698,0.7330831290506628,-0.17518937562052428,-0.8303709045655563,0.45378482625315186,0.8741740311661612,-0.9754359925786884,-0.7115412978517326,-0.26302543951920576,-0.3963334531036784,-0.010244157736340798,0.4988248933340129,-0.07808646969001631,-0.9573947215928866,-0.889153106654611,0.8462440763341057,-0.8289787492764085,0.8164470894672431,0.8599423404901105,0.0651500213229157,-0.9056818712820041,0.08457617177067789,0.7463909849993238,-0.9084659831116613,-0.8258191763849703,-0.009352943809252778,0.048209742926411,0.26245037125597026,-0.5737968621475553,-0.1131759331809119,0.6709175356683952,-0.11015506646562656,0.8118643032992274,-0.9710234896020233,0.6349380097451598,-0.5528825118164082,0.11725373753914226,0.5308005524256763,0.8211869261730098,-0.73590747974785,-0.8100702788913654,-0.7083494996448776,-0.010113151692682676,0.6721879858608062,0.8411665102021568,-0.36922250687944125,0.271280192475682,0.8544528414586037,0.3762986230024581,-0.2797900191049054,0.5435889433465693,0.2093324186503167,0.9847382049176534,0.24677764621525577,0.05062653923621041,-0.0092124236317348,0.9860217763499186,0.013943527963999003,0.3022102168773788,0.7971045900867841
0.873924255648596,-0.5707797819525731,0.3141138608629275,0.05259264135840924,0.8355027803595076,-0.2839670534092207,0.043940553100145996,-0.9263437545235162,0.47213450882507146,-0.6115824011241104,-0.689485119794625,0.5933431902106283,-0.3105611260226697,0.18600391863256904,0.7038317678963835,0.35481969907695343,-0.7740747240199712,-0.8160161034575246,-0.8746454836925115,-0.32107052988617957,0.15755610246951046,0.7005552244683586,-0.5495264312809458,-0.7125657932777558,-0.736867802975625,-0.7761044236768948,-0.02005070584563673,0.6886179705020414,-0.8831777050392282,-0.7448147767564945,-0.5352100235162878,-0.1381989555163261,0.6719464114244726,-0.14652741937202474,-0.47941013889054607,-0.5561398386060246,-0.7827802769448899,0.347365681368375,-0.8599212635265201,-0.36557760569304154,0.46328067493236547,0.5866238942253734,-0.9126498413812576,-0.9769668513859224,0.9763494792660943,0.31796752276972606,-0.2510098251663848,0.9322143636950906,-0.19817138475914908,-0.7511756055135299,-0.43756296970554676,0.09848100454755859,-0.4099870926171705,0.9900896247466213,-0.3220180507187633,0.2071357921691237,0.06873772459639405,-0.19192408052336618,0.047261164821484236,-0.21058656777057294,0.6523303486479155,0.03951476851721192,-0.2351908373899394,-0.9102028641810274
-0.7865369276236494,-0.26254209366869974,0.9022153852381729,-0.38116951213754136,-0.5849266325268099,0.9690629413194178,0.024564707934842778,-0.08273137204410497,0.6858590074841397,0.6316769234370117,-0.4985215965486809,-0.8593574737335965,-0.06049053573425578,-0.21901695564180534,-0.4538044310020706,0.1649614687560843,0.5601767633056456,-0.6320495566669302,-0.7908738640225843,0.2403367830207932,0.6229164899637047,0.8528505158309143,0.07887620020665809,0.38549992258780974,0.2280443223398434,-0.030480002746163803,0.03496922119773327,0.72550364318831,0.9775249017967367,-0.44832144693113407,-0.2886421600092801,0.34103555557438847,-0.6256377757236431,0.8825189007014096,0.2321016275842842,0.156879268000095,-0.6000988277403096,0.6594754324602423,0.8157060063750119,-0.07151468656275495,0.9538150993176124,0.4880711433107836,-0.9239191708835917,0.5923685268067955,0.5379687780096345,-0.1626317442303471,-0.18722019594040962,0.08678687233404259,-0.5782142466451898,-0.5668004466486021,-0.3934663749324041,0.0590584736748776,-0.3022257550768206,-0.8553259228695469,0.013411695642460586,0.9481586392602701,0.06805939318811016,-0.6274590601156802,-0.3245798659435861,-0.3016188998098921,-0.08387523144072473,0.3194923352372496,-0.9875027882833527,-0.43773157879240676
-0.3388593228314909,0.8341208378856171,0.9412508144463032,-0.7363413217394679,0.008245575701803398,0.023228020852170017,0.2088831951466854,0.2808949929759239,-0.1976736439543263,-0.55510080208988,-0.08392539405192667,-0.7299513158759854,-0.43748596341025014,0.9591560946736071,-0.5838838786370548,0.6101370442647376,-0.9471410937812701,0.3112028006912506,-0.24441060794847558,0.5836981306742679,0.4517881841404139,-0.7757562727327902,0.051550848086318046,-0.2733445573906379,0.07264894540842826,-0.5509949948604453,0.6064391167203451,-0.6848467553784081,-0.3200311339001811,-0.9182648335761121,0.25218873015014354,0.12641783274039975,-0.15158371662460945,-0.5557058232967782,0.2349858073550819,-0.17622761906776874,0.6120886109404169,0.11948028883444772,0.940192711894716,-0.5126660847451776,0.01220006815134922,0.38155606632704187,0.46960453142033654,0.5292092350330457,-0.9118822562506184,0.20673175184881498,0.7309808433612723,0.6034590932567141,-0.05312833193324895,-0.4207426179273581,-0.8929745902893063,0.6367645709411265,0.8819638850485589,0.20173746859545738,0.29195039647399423,-0.1000056071149904,-0.17601952160446532,-0.6424890091518973,0.9419821030669058,0.1381074595025098,-0.26400098293469676,0.8637637312365529,-0.9437681623252576,-0.9138005824655424
0.6228431535602608,0.6850292677597809,-0.4620065258518691,0.4203568178720545,0.4818689531131315,0.8851351748006109,0.4087258933861224,-0.31892184395007517,0.9097203864925665,-0.5234434274117228,-0.8771669082224367,-0.5265998851823963,0.483025627516553,-0.1276405386962436,0.8229246090131463,0.9608313155627657,0.9270290818720781,0.677055569439821,0.286916625771531,-0.9197512368996505,0.9775167852164519,-0.2116668643626669,0.30621164230530695,0.5889694805183971,-0.9695227342838013,0.27229447949842833,0.1862997119357339,0.27493948944653046,0.461859424788023,-0.6461189742542972,0.09060465238844073,0.2532898940041255,0.786414893117211,0.33916430919718343,-0.3088152766501462,-0.7796254985878572,-0.18587336899518947,0.961295373707487,0.766509033298471,0.5447197281710179,0.864074388330651,0.37262183874615906,0.5014891651444717,-0.38219827696309205,-0.5003228412055241,0.8866492918265703,0.3779643567572335,-0.2544271194207077,-0.42592142502848307,0.38734989634325845,0.12521424919471658,0.19287499048179302,-0.2204436829290275,-0.9171942765007495,0.5626039961259388,0.20723339407653651,0.8374923725683228,-0.05709970689413568,-0.9899460022062274,-0.36601626581318336,0.33780384707132094,0.7475422017884821,-0.9976354416821447,0.4730798581515081
-0.9910147692366134,-0.8726428294054327,-0.6084487432997823,0.2631121697641765,-0.1738926140906485,0.4322077472836301,-0.8245095086542964,0.665480974120713,0.7915850863201248,-0.978599709991026,0.19403673555789913,-0.21420848961447492,0.4477107620786136,-0.48923622091348684,-0.9480459436311099,-0.20885893381097054,-0.5623693021262306,-0.7759176381175057,0.473305555537717,0.09564052706112913,0.4825439659583284,-0.1046317384958384,0.5422049490668321,0.6216327097807148,0.969437664038703,0.6268589031179164,0.3658799601669305,-0.8896610417592026,-0.8097794298446785,-0.727522181006147,-0.3162263163807566,0.647964592448345,0.06119634225240911,0.9425040832655933,0.07226566600539597,-0.018698149305727885,0.810822060789397,-0.7005577307371895,0.7726385894025194,-0.05051965725520535,-0.1680854341076765,-0.14436623279928562,-0.3487022454765163,-0.6205000734897874,-0.6237947227996496,-0.8195537955851075,-0.12918481891796008,0.7301983545126258,-0.9626719441599942,0.9658968063401656,-0.9874566715264201,-0.838373720091214,0.25910320062058,-0.30256020859228894,0.6801891293578357,-0.8704812314419705,0.6799703446435068,0.36009016760892054,0.4876316375444507,0.4272751331246516,0.055386824079840524,0.29081129258688576,-0.008935561906514566,-0.36353584630086777
-0.8304763952712972,0.44927808213473286,0.06269140069462442,0.045536741432285366,0.21762225670599045,0.049370469089026425,0.3004554807599369,-0.5807397796159568,-0.03247710526021641,0.5783918240590984,0.0754309892857794,0.5968562997302909,0.8221941537519584,-0.862788902589428,0.6932778116165217,-0.23372692389558103,0.3502137469119153,0.9603903030727239,-0.6267026231840187,0.643114985236052,0.6004358944119406,-0.7560001618281138,-0.7693539965523808,0.7608678136369653,0.5981758478732528,0.45408449660753747,-0.2147720871186667,-0.13576166594755734,-0.2559677292659479,0.27799814468289963,0.17929509696246582,0.7725883215299707,0.5527632012050845,-0.5338815571974456,0.9270750716816973,-0.4851498873190674,-0.35517204745815834,0.5406138146163255,0.07189460756690869,-0.40859657559339047,-0.6872817535588882,-0.4068133577267101,0.6557094873765028,-0.8409254560953012,-0.123143521281881,0.4044308985081171,-0.4420187326426186,0.6974129166299758,-0.389184377102749,-0.4861457881320481,-0.5085925577572834,0.3286063211501611,0.17234416281785592,0.6304226344758541,0.3297860792279266,0.4453667627543034,0.14451846893885723,-0.4338326000302033,0.7246808188835254,0.7086079289467928,0.5297176194910611,-0.7432744712170922,0.5885625847723059,0.09485958525529892
0.929099225332298,-0.11705524177346827,0.6168696655441208,0.9874999994531344,0.7111305113897315,-0.19066697065317006,-0.4873862399558224,0.9594170248004061,0.37136062420471383,-0.15653633764307529,-0.2586426051456432,0.3962087966493948,-0.9638689848928286,0.07491825814530295,-0.5601491075767373,-0.3777129388731659,0.49555198633785746,0.4799599544879254,-0.5366264703660626,-0.3033227155161553,-0.5372484430001601,-0.7773570758593438,-0.5350311792720823,-0.8437956622988916,0.31445614181106785,-0.04614880507361674,0.964501923591681,-0.5233916471297237,-0.6782033832828083,0.9033282509486893,-0.11045171225084416,-0.7266924249115714,-0.06867258684443733,0.29900006614237307,-0.12019207724437009,-0.9348537458962358,-0.07351878735589668,-0.8158842246076639,0.6436111081200071,-0.06276850661298039,-0.8752457484601182,0.6466567078024876,-0.3524428241739932,-0.9238570191491975,0.9089761752157419,-0.5787345190242719,0.6601269616929841,0.06368978940854797,-0.11067664362219753,-0.8128497542380173,-0.07662687180552186,0.4878344261994645,0.8271610317576223,0.7891681064164895,0.4806875094387255,0.18510059620520147,-0.7376745257355797,-0.8267802596789124,-0.43790522492571293,-0.08780780255858156,-0.6437927994613037,-0.5275913998876889,-0.2621339388405195,0.7330186481054444
-0.5044340454772318,0.9536055664593508,0.3481537520656883,-0.026278186248243074,0.5528709417762843,-0.39932776261779224,-0.5978939575736355,0.601932304751104,-0.09728987607215522,0.27698578601799917,-0.9871895785901819,0.6463842172547523,0.4797514831812084,0.5229240236570643,0.5839258404568686,-0.6869907540503619,0.26927535474695685,0.3564416875872993,-0.7377110356775618,0.372758894089422,0.2873293441855431,0.4251845848910203,-0.9762660602337185,-0.07051973128429423,-0.4786727992612818,-0.3573821199221743,-0.6874615776140875,-0.7024936276937039,-0.16937389412484616,0.9546395944204311,-0.5816448736341702,-0.34327551347348817,-0.8184117239430289,-0.3022677531195921,0.2850092255019965,0.9435413306383527,0.406492345728531,-0.724543358229849,-0.6444317495476792,-0.9700512688652165,-0.24638895414849915,0.5455089072123611,-0.7479466190949622,0.46068084630451334,-0.23540304439641657,0.19637391530137127,0.7410888763136024,0.01108242600060394,-0.5554841518164697,-0.864160735521214,-0.46746713762627734,0.5293907073652964,-0.20991867241680118,-0.9186787005711825,0.4452977903262403,-0.8999327356518012,-0.43674533926003534,-0.3971615530897892,0.09598222383702137,0.5348309999349614,-0.6144842613905599,0.14287077985126873,-0.20610590712181076,-0.6473404810741525
0.2552013577093395,-0.28179864995378123,-0.3147729569591433,-0.946078439248897,0.7608217053499977,-0.6785993850507546,-0.5494417196814037,0.8829649674993902,0.6500874014251372,-0.7955489740738926,-0.18886728838130606,0.4216595219597079,0.8382203109824518,0.8597732386544119,0.13683164808901238,-0.3857191889036562,-0.9028848889901024,0.8620373205638288,0.5421361236925157,0.19011557490667697,-0.5289250469196338,0.837133084038618,-0.8115697624192035,-0.5676465540028652,0.6953249863447744,0.6450823094067071,0.13210876280763628,0.3764722899613471,-0.9599990155799574,-0.9352709639271748,-0.4164983897136032,-0.21038625698177138,0.6829947178131137,0.9883172289622262,-0.0634817817036275,-0.6155064372432977,0.8622792645039155,-0.12815000694733647,0.05289333930211937,0.3592941425305465,-0.41496110625893357,-0.6088695199709662,0.8976546657337334,0.9190420651298834,-0.04515511775051717,0.1570906763238653,0.20975605036320322,-0.7112970960898499,0.7852702955603652,0.7744441006737164,0.48174930344251066,-0.5957982675559834,0.5022455982923952,0.5789812582812086,0.46756961538934805,-0.6673324656211159,0.46098777142103775,0.9167811936038812,-0.12364468612111912,-0.5853744289135463,0.12104143337884676,-0.8268720000077454,-0.7229713586960171,0.18665495999218762
0.09735543158439497,-0.43577216181747036,-0.488134965109303,0.43934720496453816,-0.5798187043393443,0.14288871566206351,-0.008088049300636113,0.27426297905968267,-0.5393100402723721,-0.4957181635150032,0.39755408966089134,0.032668038531386445,0.09422792872260577,-0.29268670766606797,0.38345008649453627,0.16407175502262805,-0.1596446974141359,0.15733371111882732,0.7597707492367385,0.3828516861902638,-0.02020460463868079,0.3779400482221156,-0.57857516552419,-0.5785682747395129,-0.6853417416955379,0.384100809253481,-0.05988625539973724,-0.265998624264673,-0.28486869945287574,-0.2073886214631493,0.4806260000548841,-0.8642539467810701,-0.0244908490278144,-0.7497989810414329,0.3686345566488134,0.5231295239947553,-0.7757522078156969,-0.9006787829386516,-0.2405510768410697,0.3208510648535803,-0.19892456804715253,-0.4804452346906676,0.32727389479692337,0.40620266624881296,-0.04358917163235865,-0.5610925451364688,-0.5980890196335142,0.6791655411764004,-0.4559310009587838,-0.5228804425619027,0.9014302332462383,-0.7191530778129285,-0.00877269365668032,-0.4376535893239708,-0.06813878108983151,0.3747073234609042,-0.023970882838848295,0.12799262006599177,0.31935303500244006,-0.9979131224519648,-0.42415279456076593,0.4354481260368328,-0.766220332434197,0.6710781954285139
0.5972109874048408,-0.4754134774356056,-0.397269881169122,-0.29568701901445515,0.7361248233384352,-0.04766292264770877,0.14314796213919667,0.8877684233480627,0.47886605437087826,-0.5182188407087338,-0.011678083653285931,-0.17336285572799603,-0.5389563145902523,-0.881243237382358,0.9603852183866546,0.8482768481544585,-0.05924480004076549,-0.6002875023194092,-0.7104158575300128,0.16492156281771897,-0.6206597204765496,-0.6363657375730212,0.493056134295653,-0.8882914600331138,-0.2694095179576932,0.7235766109716404,-0.18292647830379227,0.24195438554544113,-0.5703063588748101,0.6036988852408458,-0.7251152169299313,0.7717994637110139,-0.2523518531313249,-0.009035266015654297,0.46441038575250704,-0.9399688436283689,-0.0327435727969394,-0.7123593403971336,-0.847635856685055,-0.21870976656457208,0.7301331882526911,-0.39114883301915815,0.6370029438900577,0.18390355692460147,-0.7855324051450017,0.7174451801431634,0.9275052953440828,-0.45060592043962155,0.05056098993686087,-0.30550142692246474,-0.5538914136553643,-0.3033829403304513,-0.17298008438283485,-0.4491246164761671,-0.5342502638545135,0.48791058582890345,-0.7492078853175679,-0.5048556785333529,0.7151360881120827,-0.7201157734439321,-0.38264224397135793,0.7105480020678072,-0.5689793072825655,0.18654941564772254
-0.11492405118001536,-0.5361751879452865,0.23608639388351405,0.2585657231463341,0.4960108868259039,-0.7616083342737683,-0.9157721896017332,0.08481061848007387,0.7602850033400383,0.0805120657685614,0.03030799394549155,-0.794207644118464,0.3820128112606449,-0.5785497357697884,-0.8737676565741297,-0.4177159979402021,-0.9537776196164691,-0.1639900047978251,-0.7071356103320652,-0.7936197603798643,0.7510691965113885,-0.18514597139595468,-0.4862883620511085,-0.18222402127035564,0.8817731113296117,0.231404222747579,0.1099383733362318,-0.6259911848133952,0.5719593673716099,-0.7855451127091289,0.9687458116007559,-0.8194006223697294,-0.06604741603957587,0.5473582885829735,0.11689076953700894,0.3105469977730897,-0.8799112235322892,0.9545037498457436,-0.3522325515858151,0.15324081626180397,-0.5019234340393868,-0.510073266480114,-0.05814619696015533,0.5208664803989478,0.29565483078282706,-0.6990473629143779,0.33373348747282483,0.6669415628046635,-0.06413924166417218,0.5815577292432417,-0.5713676543674764,-0.25536462108973446,-0.604993070140631,-0.5419551137761878,0.8330876344899318,0.5530061225202496,0.3029906525027184,0.49515562439558836,-0.8861621789274154,0.5670942755044492,-0.3268821997546403,0.252905841400749,-0.41781405236369573,-0.7718663767630447
-0.14954322984516355,-0.6239954370057639,0.7351257757339702,0.5440974806527807,0.729202116163354,-0.9304729174899333,0.7589489125593274,0.3212888156054108,0.3421737678962842,-0.4676966938764009,-0.8027760520952785,-0.4436098892023792,0.10994956030694092,0.5580057544847683,-0.6175943323902744,0.23781742115837923,0.6579453882473583,-0.9068188944814541,-0.9739510845676325,-0.32073100757095463,0.2721598818589439,-0.6051463043151621,0.35145073949738004,-0.5191922104574644,-0.4040792369567878,-0.3833794866033333,0.39267919718560496,-0.03665200794013024,-0.2588333930779039,-0.634306749761286,0.18044530597634556,-0.6615890270786462,0.22141004453816904,0.28364282544292463,0.06725318833881211,-0.871346684156119,0.4018887058412668,-0.276248456488013,0.1741749364498988,-0.7389147286906623,0.34218538694364553,-0.6793979534712071,0.8101636145177893,-0.9761148096493781,-0.8043219659935155,-0.46277647628840546,-0.46014952596990777,0.5288465296419285,0.506013771255444,0.8429470462730408,0.604348174456161,-0.3771256149378752,0.6732639864030703,0.7158687757234854,0.11988930136727372,-0.03539351622893139,0.03716325895731054,0.308166032654674,-0.47627056715656857,0.4508141042826177,-0.6997831248938722,0.9934323307653199,-0.058147169796754605,0.8912114820389876
0.6222175365214999,0.5108246464257797,0.6282318236625484,-0.7654460236511054,-0.9188920186972087,-0.728013172206593,0.3014137416837672,-0.032604196302172817,-0.5727762607886251,0.4569553943120006,0.49327077866299707,-0.578062012644047,-0.4261774144078885,-0.3421686219591529,-0.4918035407893029,-0.9051766083773416,0.8388786445839878,-0.9794109536128834,-0.1575694612453753,0.7525993926079839,-0.1185025551562986,-0.36394844425525785,-0.7137187380205914,-0.14663329410297576,0.3036406103906779,0.5573290720728941,0.9123446004088218,0.24275995169304143,0.12025984514006427,0.6501331580559735,-0.29960864980325974,-0.6155769707781302,-0.36564205638497294,-0.5628237633466617,-0.01302720278578029,-0.17927362586839335,0.5843863455101401,-0.30521593704060157,0.1571144975816623,-0.786418466898015,0.25731678696156757,-0.6970397787083815,-0.9478509654559328,-0.4902121963539383,0.2127003808007628,0.5262976021805525,-0.5707908227094185,0.12270464841496631,0.8721132523715487,0.39295794564721676,-0.6524272241098876,-0.43145402898291607,0.6623148207675611,-0.9744735093028798,0.6977648082121559,-0.2894149766013434,-0.9585756512003989,0.14980208259035144,0.22461056813036007,-0.7314446747481376,-0.8236269122372033,-0.6432438564953025,-0.6608302116544544,-0.32854609430253934
-0.8778004179020809,0.6107084584759075,-0.49303208589252967,-0.17369237811864457,-0.48228703019776575,0.6554489102615082,-0.512296474711021,0.14915712871799092,0.49653343694066776,-0.5046396611430579,0.0501210562521317,0.24729431867518126,-0.5715616012051268,-0.8260591617610642,-0.03829524965538966,0.349838606212477,-0.21879852764351737,-0.04960738302186374,0.5427441028098385,-0.8221784163819992,0.17488282139844813,-0.997648896259459,-0.6881006374516601,-0.013338720733153897,-0.6042635884653766,0.09701441430344393,0.3110666508179176,0.48725001957725134,0.904389426472904,0.96299097486175,-0.7858418519281469,0.5985549650493465,0.8528134181562896,-0.9662443709841972,-0.7438267794703479,0.7387621646815522,0.1241127067769019,0.9227637101023802,0.5048729632185047,-0.9641493572903463,-0.5387078021046299,0.17691355253890295,0.09664039963070836,0.5033869197953771,0.21758603598184312,0.5713216244590085,-0.2164209298029316,-0.9775616560344116,-0.7446861361471611,0.019939230690828813,0.7245648152358088,0.20955771863351025,-0.8824625830033965,-0.7430469814513878,0.5441687595280136,0.9951378550767467,-0.5899157093688463,0.9814585052850053,0.8860742608371377,0.33119189387526715,-0.3550985540315701,0.5650708489541258,0.021170829314717032,0.9028799225091604
0.1613695794018455,0.6244960776476476,0.05471839730519723,-0.008658983898569561,0.975074798482295,-0.9465767209709581,0.2734876387971248,-0.315574779226657,0.7264901686715677,0.5897211273382634,0.4757662843111705,0.4563492678660266,0.693010222195529,0.2315614802944712,-0.15913177247294996,-0.6130310182271661,-0.6496016208572639,-0.1357896781640351,0.5016869418197749,-0.07164261187330978,-0.27160059985694973,0.28157202881148735,-0.7646076531507413,0.46805611694908045,-0.67453995347237,-0.7404700235406303,-0.7536008416061089,-0.077511067426564,0.9620295734221795,0.0985069350934511,-0.09654397181980401,-0.9788697698624684,-0.9788011210505032,0.17359297618304348,0.8760727525377769,0.4437522059956842,-0.5986292910487501,-0.2580668613433832,0.5031376916115462,-0.18374604952210039,0.8353864826118993,-0.07128706075951308,0.58263724399261,0.6873898727626686,0.019272056713375507,0.21366642573011285,0.034518754052428324,-0.6052143251431208,-0.06860511798114755,-0.8708848038453543,-0.012299459293942938,0.8592269013161382,0.16038433022903664,0.9626126107075192,0.38656737207823677,-0.37563390899256976,-0.9547598068396532,-0.24487293130218446,-0.8199991183039488,-0.16516560964520188,-0.5190094504491445,-0.5648660533279459,0.05685261090625038,0.49094625866043806
0.6751021225603122,-0.21505977643286922,-0.925441838865529,-0.14434611235866712,-0.9667427068895198,0.596201803640179,0.1826055973692695,-0.19459172850641626,-0.5556986118334464,-0.994089847949511,0.9137210495519663,0.4440914663457576,-0.7218319497296579,-0.3782335858010779,-0.49924477305578163,-0.6058694974126055,-0.649810310830528,0.13396786368761204,-0.7805986761597361,0.0740042205880449,0.6181787165371659,0.7124076082767599,0.13934472604678505,-0.11691251388587087,-0.9195190137267479,0.5550164710852814,0.9777557826555705,0.45022449468151926,0.6367172175484284,-0.6747179706102384,0.863572434178093,-0.6683741790541713,-0.7709265086971753,0.027900964469328216,0.21864430857347616,-0.8067591796273552,0.044879883904135554,0.12373947655911444,-0.8493746345909816,0.6372907910238212,-0.3196528451986156,-0.45706061390605646,-0.9998522910238028,-0.19634480259627063,0.3388986534257139,-0.4839154162673338,-0.9713623861723799,0.027572449584837067,-0.9850255071175253,-0.9558074797696225,-0.549150441818596,-0.30417274865384836,-0.4111201874714241,-0.6992276337301244,0.844349800808039,-0.2893415466252902,-0.3967329645527625,-0.04622546544187811,-0.30893872500669994,0.2469679652446113,0.27886392036908525,-0.9278644319560969,0.21574252387272375,-0.3137208465422032
-0.47625719475080874,-0.24954518731851127,0.45505367655775086,0.9167821951094559,-0.42486740689419444,0.8027684829447654,-0.2540119553048952,-0.3292751741091611,-0.888010460210346,-0.08517698111110761,-0.52786036670988,-0.2968143922367925,-0.7222778499332299,0.8293020508683409,0.15212222967967004,-0.8138687143605263,-0.7894380330339612,-0.511656694297673,0.7935478426430509,-0.08455808049352909,-0.284988517209404,0.8378539934926152,-0.30401385383624024,0.7209876010156568,-0.011182732264331863,0.8142328889012305,-0.47741154370591676,-0.7231897471078716,-0.21507783238492273,-0.0578244341045302,0.41295789493958224,0.5575985553138365,-0.5335549754891775,0.9138087304723506,-0.2467667803968452,-0.4750839062619483,-0.5365089437911956,-0.18078738622482993,0.5600405268796693,-0.7232428451311634,0.09886715270128454,0.03732269900332863,0.9797130981473374,-0.7926216928321652,-0.12954415124155272,0.35163162557726957,-0.8872110688408452,0.4729943341921763,-0.9694614755136397,0.6073379561802033,-0.058937917392154704,-0.808183903377621,-0.4883690342850817,-0.5134985122497238,-0.7261958811085529,0.999194163909793,-0.8524158680502425,-0.6890051777582957,0.9756578069406039,-0.3157289695659202,-0.26604060087879144,0.418241473520252,-0.8172059289193325,0.056756885627561315
0.8009908131796075,0.8309011019352299,0.6960683877178224,-0.442743568408436,-0.9403149414764262,0.757879389936895,0.7816167074796574,0.17171126121762903,-0.5892867854424062,0.6109441529913802,-0.19834439718495211,-0.3954275407405239,0.9998881672973257,0.2516902505266887,0.5560757763911177,-0.4226082640080193,-0.24770775063691897,-0.09777854036027644,0.27331597459131873,0.9125643651667308,0.9361730507621708,0.784292747075678,-0.6259026339838649,-0.2012956764276992,-0.22197255966525264,-0.8609456688869734,0.850356522779492,0.02918521809594754,0.7365000873535572,-0.9233544097986062,0.674926515819579,0.4136826308367505,0.9073313392880296,-0.5813876419753996,0.4295951110782421,0.8064039274591459,-0.8318989160925261,0.6466430034014483,0.5224624527959876,-0.869051190705596,0.6392048726937407,-0.4025521463196895,-0.9498286530020708,-0.8815677646988274,0.6529763225052887,-0.4424595002031082,-0.09336594134391785,-0.4243395414164448,-0.9831971272093889,0.5217072013153896,0.6131907387167213,-0.11730976771398582,-0.7446608081647852,0.7349317093301015,0.6490245595597319,0.41718753627620386,-0.09927095103520855,0.39090490255971555,-0.6338380737911464,-0.7852593079372052,-0.11404561919966216,0.3085567899009489,0.6413927615925437,-0.6171380357894154
0.94903401456868,0.7336791832955931,0.08733646977916543,-0.10494612579037188,-0.08343949002309925,-0.3347858202370857,0.47197909001807914,-0.779865263811909,-0.7838748158068198,-0.8795644983087263,-0.9184020456281834,-0.6657918935785261,0.3476330609815115,-0.9489757834284753,-0.7610681108381334,0.4834547249335024,-0.6700664597793373,-0.7524125581167238,-0.33742943419368876,-0.25365785047559,-0.712705495845277,0.8562104204820606,0.6868169716189001,0.0803523397840411,-0.3782112916863489,0.15861584476175516,-0.14855749049574407,0.48659089298453306,0.20178253895846598,-0.0593485892513288,-0.502629512078044,-0.11086891236354757,0.2975851301998438,0.5272817293358973,0.241828927418978,-0.4441196883999663,0.22701724211450616,-0.8623032847374903,0.1091483160882376,0.7518547609196093,0.0956124744857576,0.22167047989290456,0.36405510956487186,-0.8499824630523127,0.19850917612260077,0.0018977476799917348,-0.4686801532571039,0.15752576986134703,0.00683960286558194,-0.7636047652836886,-0.47760951047317923,-0.7718035577622082,-0.3877273976723763,-0.2745865065637101,-0.22062626227824134,-0.29707693983344696,0.5578920490691508,-0.6451753611425703,0.47201432783060127,-0.7635441816793227,0.46330445519886077,-0.44538582513019587,-0.9713029745936776,-0.7274100571244373
-0.8641928720536161,-0.6766419968902464,-0.5291494409388406,0.11429684327311085,-0.8817096673888087,0.8208401260700229,-0.8182287043852023,-0.6074464699126756,0.6076456972726227,-0.5637819211657629,0.15636878786375408,0.6948730291963325,0.5861952694325092,0.15384860671891132,0.6498559562220019,-0.19844456239048092,-0.287523980870394,0.11900856679581784,-0.018484164939828407,0.6445058926946525,-0.4382195926471256,-0.3970570615705824,-0.6533052873906251,0.4815124111133584,-0.22682730770573056,-0.897638018566866,-0.34864188359093773,0.05667645936864374,-0.7135824681719118,-0.9553575038667357,-0.06402441752677035,0.4283344974420722,-0.21127491915422558,-0.39003355294079656,-0.8184761034086245,0.10645844549446348,-0.023308495150326403,-0.41055092460433906,-0.08528921566571324,0.10639371903563011,-0.10681892683360195,-0.8555583423903081,0.30331636031818654,-0.6837211757525821,0.2318137737275099,-0.527101006549773,0.9128493942364622,-0.7873019943101083,0.8468096667175256,0.7782279230257354,-0.2148252200372811,0.21743498716739063,-0.34514907475877576,-0.35937280493767787,-0.3523147825867101,-0.9069620729600933,0.8452253452060621,0.5482343238249316,-0.2611099779805277,-0.8691695538174946,0.19586895739064514,0.18612549529143174,0.3489712420921671,-0.057714703502377285
0.7117628252544528,0.28417497976578354,0.6664144147328388,0.6521469795525485,0.3826259489601338,-0.5041832578164396,0.796760205884804,0.9583893581260539,0.11578073483311124,-0.13590780622390253,0.11606162630076988,0.9011392468526775,-0.9479719151770734,0.08498593400644228,-0.16464914064614744,0.9485653016254993,0.9422597627828977,-0.8617572778134599,0.15921475090221904,-0.831219251427828,-0.4506801941886782,0.37160244712173673,0.9056567489196348,0.3337721436863714,-0.20717839060913001,0.05114731864366573,-0.40743504591024227,-0.49965192029027006,-0.7140291050005998,0.24368976668648634,0.19130089508847736,-0.8715323902414074,0.23869328880223373,-0.7365826081916045,0.8258436684717521,-0.28297594313638674,0.3052026180279319,-0.22713779804570455,0.11463412430610487,-0.09682115355560916,-0.8371785908135789,-0.4577742906980915,-0.29641740562980057,0.46597101116697104,-0.28623658470871605,0.2894694148480317,-0.23119778446273398,0.3592063568611137,0.40476213037579734,-0.826728232757723,-0.5172680651636423,0.2673345762900774,0.1515203174558981,0.9434792789243525,0.02768428092973907,-0.33891716324692944,-0.7942947062383128,0.3556372064766038,0.3720278870382656,-0.40413556749920976,0.2850680819803144,-0.3811420842640285,-0.06604969739991362,0.5843427266432837
-0.37527626572469663,0.16544952075721908,0.8279717529504227,-0.36092200244451056,-0.2114193461727223,0.1234456308310039,-0.5129734158935035,0.36847706589114204,0.5783694950487568,-0.6660476287570425,0.382690509935673,-0.6016990800697559,-0.8623768967914776,-0.9359360629574478,0.7033217667811564,-0.7867757234180823,-0.40112887626517946,-0.17524659999140746,0.34313129738511505,0.13610446012928468,-0.05405023083423366,0.532194551648814,-0.034579143048350414,0.09602877257896636,0.6341774065023766,0.9583441595879014,0.5398108323726682,-0.06030760067614738,0.16708728679005058,0.48755285754867095,-0.39500218768088824,-0.11852419193975883,0.2943199349925476,-0.18179107208054823,-0.6548362270327244,0.4496988704889451,0.11818194415099681,0.6837433907466692,-0.9615478565279933,-0.9104772715888665,0.9225799289194598,-0.9249496390026988,0.5945001277431963,0.733592377046334,0.4722955757131224,-0.15061345135703164,0.9208483211373713,-0.6023655131232921,-0.6805943439304072,-0.966775793873305,-0.299311715320671,0.5533365342044634,-0.6743564939945841,-0.8475243235665813,-0.4103826419677481,0.45427208973662303,0.5237213917558587,0.23948475200271924,0.503989330723652,0.9969795181299985,-0.16723680026341747,0.03259225459323667,-0.7813062418514669,0.29302671885900233
0.19054728409651833,-0.23455785821272057,-0.5249205273481146,-0.26426630201065016,-0.27787000110812965,-0.22774309960205197,0.6662291062001247,-0.4988695985080611,0.8740766455162492,0.25880343134190076,-0.9631508656673993,0.4360670599545078,-0.5204095794497552,0.9826559833164754,-0.010379224954411237,-0.12121223511319035,0.08149914361076682,0.16158918692251345,0.8735623553301586,-0.5297421382253695,-0.30741217471074034,0.5436774902625605,0.15440662363476787,-0.44505520927715003,0.2260278988111386,0.09740166095834413,-0.4492758159113377,-0.45731634311234637,-0.557760003875309,0.12991032716730455,0.21364649126591573,0.08716621287622739,-0.3155743234126738,-0.7033670815652493,0.5019007765174102,0.5948417297404882,-0.7131779222183088,-0.6032263322088194,-0.7881850820802119,-0.3114139407005214,0.9986017089708576,-0.4016854456386063,0.7939101818512866,-0.37678593814278805,-0.8314597822923071,0.8652351012278359,-0.07402752425013093,0.37689076391274323,0.3160637077408015,-0.048766399095955704,0.25913956190487264,0.9337096806063263,-0.8629587164735357,-0.9993342996327028,0.5816959901344987,-0.4721764011272913,-0.4489871324389152,0.7552305670032908,0.9426326451757809,-0.9831200719551894,-0.5118758655321203,-0.2779304815065142,-0.7331584212142914,-0.827964417228725
0.5982363543403635,-0.3179978388458251,-0.9943930650194714,0.9788054303564322,0.4921539497407945,0.04094644454484442,0.8960826171583807,-0.35839601339283655,-0.30985396482572725,0.11545258022553972,0.7269085193758869,-0.1893648144572404,0.883708544086109,0.4709936195939488,-0.842930318895341,-0.4723246646834587,0.07084089325059506,-0.12060164985685184,-0.7105434961600425,-0.3048662264812745,0.05598023033954269,0.8684216583777096,0.15910018934614167,0.3280577950008623,-0.07246437310768106,-0.3506087443596304,0.6262262756903714,0.6706094219147223,0.03587434781761556,0.5992151474123746,0.02575738379584802,0.5421355016438723,0.5367734166730669,0.6767642837930694,-0.6699638553223555,-0.09581453973832099,0.2831286962900146,0.7463163553932446,-0.2017391022618844,-0.486867348064554,-0.7730539856450949,-0.600698062011793,-0.8324544685944772,0.6832644504993948,-0.4149007013358097,0.5752899003912482,-0.6130243006403884,-0.9192421581778678,-0.40481324992993195,0.3252560153424058,0.6390269652417455,-0.0015743888815245022,0.8775318907711804,0.19453600808479687,-0.8808990068793248,-0.9643443502972762,-0.47807224709359897,0.30105457255742496,-0.8676341352590224,-0.8559287869838401,-0.6917595015438955,0.31270285166841605,0.02972341151746516,-0.0296066372818089
0.9648036113414893,-0.7317417043771195,-0.7387673513155608,0.811254222967621,0.999157524705649,-0.6174508303561261,0.7803921713721562,-0.8996004788256284,0.2569639956548311,-0.7324662168271183,-0.30561125767757313,0.012982193066061853,0.3511497536412742,-0.7687982895572039,0.3625915395579655,0.26540255968304693,0.7276110491084509,0.009728038671351635,-0.9093530456876988,0.023252837652181446,0.6274036560089875,-0.7664519283150999,0.941901968900704,0.9151138830700036,0.4557313038275721,0.18301879812834376,0.26267119770461433,0.5557469194844564,0.1350633814445381,-0.9040148716590939,-0.41777296628445426,0.6824950632298623,-0.7986833592488622,-0.325594949652505,0.6772012907593454,0.5867496639201195,0.18077996887861647,0.8564419436646502,0.0032953082961513225,0.6910116355576166,0.08493347004647545,-0.5847800994064016,0.9821745930085137,-0.04828104599347727,-0.07456273645140499,0.7233332787689533,-0.6779810236696846,-0.7210464722006196,-0.18633671254912354,0.7294245578362877,0.12020187677069072,0.4621486950578859,-0.5220831823517069,0.48990712799923486,-0.5003007958319969,0.6893525226794321,0.7065209535168295,0.6509027074672398,-0.6117834978180698,0.24439716645610754,0.6165607502173123,-0.18101245692480106,-0.09273358313251734,-0.8830859554027344
0.7334434473683489,0.17878404535469916,-0.7081349972020488,-0.5577206952406675,-0.20900592410100294,-0.9311361463644445,-0.17760393875551417,-0.5404047602739563,0.49821462771282166,-0.5464783777306383,-0.11397186373541435,0.48001926660055716,-0.3036871788472004,0.5173023672525847,0.7707883506617299,0.8716638051675494,0.33341199451634473,0.500286544514825,0.7424722891199869,0.867412341270468,0.46122077085941515,0.6862193906969434,0.5510474588069187,-0.9098381958420749,0.19289166733842045,-0.49274946319555535,0.015208755667398322,0.4134102657460894,-0.21628036389285255,0.8561743055285054,0.6634379255000367,0.14484615308021787,-0.9966231527466733,-0.16694874038708507,0.4316071755818016,-0.8089594621130618,-0.39697800526645777,0.5553414261091545,0.7502413762929152,-0.686100826872142,-0.8365398234976802,-0.4702993801159987,0.2976053581338447,-0.7900526172104458,-0.0243759455388608,0.16671894855242875,-0.8640341249085368,0.7018603782809842,0.8144638385015162,0.021802152515593143,0.6260425398478506,0.9058207244510448,0.8760142410687155,0.7090204002493818,0.23768965745214032,-0.49653624693762777,-0.9844192346314944,-0.515788856277853,-0.41994525733709676,0.307279961971904,-0.8156782586398317,0.24391555433442202,0.23176113003130738,-0.4163888790816497
-0.6338729386267219,-0.4988627988149472,-0.02309819899728649,-0.22129294771609143,-0.2722268725098054,-0.9567006250396304,0.9107387642177516,0.6068912583134869,0.1393689413530983,0.9864281504939463,-0.08117555204499394,-0.8016764315232792,-0.9822198150893162,0.06042579670641435,-0.5679852660665514,-0.32972883656807084,0.42836103251987256,-0.6628710221176193,0.6902300752133605,0.8364157656024764,0.35486476308202364,-0.9966706407633135,0.7044309561355833,-0.042778686326693016,-0.4331545142158981,-0.29664970329371787,-0.8649966146167989,-0.023980866583674043,0.014058969644962227,0.37804034306482515,-0.7129042319157282,-0.3709218818962066,0.03199457044686671,-0.20816833467351015,0.25386791494922845,-0.7769690521115453,-0.0884298362122411,-0.6658197902432228,0.966444250063881,0.7294349154003985,0.10221984720673882,0.7107352118393813,-0.5638534438246012,0.26957807877089923,-0.905651491927433,0.8809482303261227,-0.06055535343795593,-0.48806632820852713,0.848435269918365,0.3634897035330569,-0.147567428124475,-0.8078619474984536,-0.13483274438594806,-0.2368509075865104,-0.2891438531200601,0.6958226375397876,0.005116541109870365,-0.48433818443219434,0.38747428171567755,-0.33616651669138564,-0.8449633833562811,-0.43476619522777216,-0.11702676979425886,0.15923471220751928
0.4072001872540778,0.177095927011917,-0.45745083952678933,0.61552703270436,0.669889864991571,-0.4449125498240798,0.7668512664267431,-0.6767306074972457,-0.9747236124432577,-0.3663195639526142,-0.8981611019866309,-0.08090206307369963,-0.5780639653268651,0.8126152594827984,-0.578420697876203,0.5672638749394086,-0.3015059908559612,-0.004622166638661662,-0.08272180153601738,0.924520124675976,0.5741882284722413,0.046796425401134156,0.789654655523522,-0.6561470807980494,0.4127363718229735,-0.5858992735431006,-0.7643411539791738,-0.11993948392790887,-0.09777681428216378,0.35540835103858504,0.2928746734702439,-0.09688706816017834,0.8875433721852501,-0.06507818705092716,-0.3799023548035769,-0.24933331196190167,-0.14612305490027122,0.35839493672289136,-0.9344730714477758,-0.3754291999985535,-0.6404879237571903,-0.09016753148346601,0.5985921219221209,-0.1414291561260297,-0.7032886324591949,-0.02563744645638555,-0.37307566557290994,0.273059642315411,-0.8061731151213891,0.6147293463082648,0.77644106990516,-0.08169274479506394,0.4058787238772745,0.2103981076970236,-0.8468378553353102,0.3254414335089104,-0.9690184015209189,0.31487265809649845,0.9085391498934241,0.40272701641538067,-0.9284583264603554,-0.9598477641931085,-0.9768814767231098,0.08591533262431605
0.3387312191445151,-0.8669802471870331,0.6749594438370408,0.9745012259997232,0.5435908910215659,-0.9153518856818899,0.2228818090831879,-0.2896891222212361,-0.39317061495115424,0.5134162351957019,0.605815641195238,0.08337101994920237,-0.06611596400086572,0.17355028028254593,0.531384555714546,-0.8422743075459467,-0.44424616632635394,-0.42813617714145424,-0.9697100100861826,0.2797140718267104,0.39181458657004664,0.8385958480442015,0.5043134954662303,-0.29530161881023465,0.2039677149096016,-0.3168685592049838,0.3043965287714192,0.9982497022586478,0.5913706197942477,0.029739421774293007,0.6714519221755091,0.25756900418389916,0.3708983102670793,0.9639415784400558,-0.15269678060991643,-0.167049298148789,0.8477095663827734,-0.21337011030658481,0.3409392280328163,0.14952961183976088,-0.45412586583481773,0.9607784396858807,-0.40400660091047613,0.4908476304334086,0.5772998620328189,-0.4894266844993931,-0.6125279325299509,-0.29276334210109045,0.8352587285978705,0.7865264887040626,0.2396791533114797,0.7184474292456262,0.5118737325432159,-0.5951703466757021,-0.5287626838413724,-0.49324541239148334,0.30991587976098933,0.3160528771865849,-0.9065755640545672,-0.7599455068393814,0.23175832891333759,-0.4925810304488363,0.7285465777207811,-0.8593548923782068
-0.7971363430387051,0.27548024555629946,0.1668482359741854,-0.5436934086300989,-0.010831441873675463,-0.7204794097553715,0.6998401800357761,0.7757241636826924,0.8233828824183966,0.5389164791065508,-0.28964068107520324,0.552214937724874,0.43925372759951764,0.9711423318415566,-0.5702579909762868,-0.32465844428279134,-0.9442591850427395,-0.5740809536865001,-0.29104065506849963,-0.7178323427816966,-0.9079495681625362,0.17948874812744764,0.15012417456538074,-0.5685055010704605,-0.028803897263044442,0.9783252766357626,-0.219227324695362,-0.12345018822245946,-0.8662715043211133,0.6742769681642895,0.28048731466027377,-0.29967161272123843,0.4886617691065942,-0.08128722118958476,-0.13375594556227832,0.8787764710504433,-0.6802851862838828,-0.9625750462671918,-0.15787114109908362,0.19978010985772277,0.707401023519969,-0.3226794378031388,0.3597876223761267,-0.8574699234707364,0.598025683231376,0.8452269354761,0.7822077763570725,0.5024204141150952,0.8901570220190742,0.7349758761855392,-0.5465555360887286,0.13746499509298804,0.9300277388632787,-0.6329367837150404,0.33546588324368765,0.884962528719855,0.7269903281779402,-0.771250518926466,-0.9082256836089124,-0.7116778727399606,-0.9447716744355685,0.9552717780928268,-0.3080853225818354,0.7024786906923801
-0.9130324356850184,0.060558038728338204,0.0503099806658025,-0.02641751121343172,0.6854181070523813,-0.3181730038961774,0.8599457883258643,0.19608019068887828,-0.9717177240910113,-0.6671533207833495,-0.4776332951689777,-0.9064162662331989,-0.017757425473210464,0.6029358355713832,0.67335473683011,-0.9293506429564091,0.6385371123505927,-0.3807990938031218,0.6179567587015167,0.7498871017328836,0.2924976282064702,0.7307933608541402,0.10576547405870973,0.4116665697569599,0.5902040043440637,-0.8815610129474376,-0.18278325640923576,-0.20925678992363395,0.38213645479752034,0.23764300226578916,0.9389325412599989,0.8327122114077772,0.11963794166714359,0.977475157709291,-0.4619269113956983,-0.07326654974530511,-0.2966001462177208,-0.172064669438468,-0.7095316413004873,0.48193805192690986,0.4590765811579258,-0.4932548984897047,-0.9051906533835261,0.5879889344116056,-0.5465555628653811,-0.5517279491649212,0.6254790744541128,-0.1572374786427087,0.11315785675267453,0.8232442045072237,-0.09119067422722593,0.884725446629621,0.28584119108187767,0.46292668432268935,-0.7738057934534999,-0.19060996861946355,0.8625116726427438,0.5016569569704112,0.8735163062295417,0.5694811717923252,0.4821146986167466,-0.8032194824431069,-0.06320310563404763,-0.05697513180131919
0.2606643423708608,-0.7217587177565115,-0.314894377003077,-0.40453343931662916,0.34569850883019515,-0.8134868136602391,-0.06251968437599076,0.30769596826704726,0.46729155458168914,-0.8790942775726267,0.4308905286872231,0.9182874007527884,-0.24024507314367805,-0.3511054157319127,0.43164074265523533,-0.5135328585821088,-0.19790816464669847,0.5595034203501015,-0.3380459855039135,-0.36567627537103053,0.3729214220474477,0.8666953929738028,-0.7773897355604433,-0.8245279287793728,-0.014737574987417235,0.5862195742316962,-0.8142021430423021,0.9013269640207744,-0.6389369667899409,-0.22549128001500218,0.47872664607608684,0.15225100908436806,-0.5816177385768775,0.6301099502520948,0.8560277036451382,-0.6569274045244462,0.09667360671539726,-0.062331708695306576,-0.6954365779588612,0.5256732400074262,-0.274738829783886,0.8453826759882566,-0.1264355602530871,0.09970408438788714,-0.2821513056612035,0.6278573089688104,0.2324890900128549,0.3801909484275088,-0.48171286631087806,0.6923075665247058,-0.8872108756628334,0.12027860991833994,0.7755566353451926,-0.12220955818699086,-0.23342039684177496,0.6980715922290643,-0.22932998662020143,0.05223619427429549,0.7858349728890166,-0.9041904494088127,0.721281802896304,0.9226097021897062,0.22181946016946763,-0.15383961777110589
-0.13624377611433092,0.71492769358058,0.5588535690903014,-0.23187170107422395,-0.47840207095572507,-0.878217348262949,0.8044206734600197,0.8681798070635929,0.756239200815485,-0.1111221872855892,0.9515408085136208,-0.812729768708556,-0.7208160163862141,0.6783020941331646,-0.09098502595432567,-0.3629379144683722,-0.9415924630618222,-0.8539915081634188,-0.13920027364023335,-0.10912900853203644,0.7311919020398203,0.4717825782528988,-0.905273312316643,-0.5864711030086858,0.9529605837074666,0.38790792011230724,0.03563056076432214,0.6591660605529357,0.6682074936666182,0.5359181904954029,-0.03018131111058109,-0.7584286846207564,0.19228065402393502,-0.02466657210995371,0.9452405036974469,0.054993815312974315,-0.8901267587433848,0.47729993931706605,-0.5138326458925129,0.4776380268594609,-0.6063310943573201,-0.7158984650660936,0.7096527147078553,-0.3258721387395176,0.894980714203476,0.7031902886894332,-0.02812931931860585,0.9422378882191447,-0.5267627302170137,-0.23262278350723675,0.8048158103116989,-0.022808033460774757,0.8945973807039564,0.7875673118800941,-0.7335653145174352,-0.6282495163282584,-0.1287658603878603,-0.018145590248085375,-0.003072725153545619,-0.8717327050577193,0.40023627056794897,0.12447144726388792,-0.12256765481044307,0.9896214761232032
-0.901711905381958,0.8544937917538471,0.790814597549149,0.23065879435406056,-0.23757490141375603,-0.3601900476846005,0.016315564497636048,-0.7116503762456241,0.5736331895995443,-0.49300660784632133,0.8093485788356951,-0.1293733196633815,-0.8983924754565611,0.8969826093140629,0.469463381012416,0.3967812944016844,0.1877547781648179,-0.640902835364972,0.8913555393542423,0.6548548960387615,-0.20570564788986534,0.5052291362012513,0.8543003760733423,-0.027828348598099906,0.3100607932683799,0.20398073473027156,-0.9146637539013645,-0.8329217329256258,-0.00678631740014457,0.7043370105849074,0.5377138347764441,-0.010822745276287904,0.5101042259792652,-0.3186961044079346,0.22890234059706893,0.7997470492541385,-0.732927642775826,-0.8116549380735907,-0.9466081007050753,0.1990615237568909,0.6450412404217085,-0.9326654906538603,-0.411629787453792,0.7202826295314033,-0.7596972039148426,0.3446001190024055,0.2228465992081221,-0.8966778655964849,-0.6614057403573961,-0.6545698317619206,0.18546252468619828,-0.21481745313406608,0.68694027072505,-0.05834708505699493,0.4180537134112261,-0.6980122072332031,0.26271799602252366,0.9804954928330158,0.2897083654290047,0.32247693117628184,-0.9423304618457651,-0.4515922690020626,0.4200164399522677,0.10105244477115027
0.486927128037002,-0.6454162159676637,0.16983243325219055,-0.8534364062540023,0.5002785387482513,-0.41569482271416525,-0.6907744643931233,0.28118659602711493,-0.9460193046524055,-0.9605445457866912,0.9993998775047623,0.022685627244470208,-0.717554236753638,0.16604499049923183,-0.1997162904601224,-0.06778108758838197,-0.04946355981580752,0.715712691755269,-0.9212862892561553,-0.7294440715423172,-0.5800414095889475,0.5726312969785501,-0.835277309397866,-0.767840720979678,0.7353626201660262,-0.5831939711846856,-0.20825017369921017,0.4851634757932537,-0.8152762053658813,-0.94471152746075,-0.280471274522077,-0.8063412842762299,0.9385255617556878,-0.8884572807613225,-0.15557162983243367,0.4110290123643683,-0.08462547216522576,0.11515046606857648,0.6968777438243978,0.08863252738236937,0.7173762350130783,0.3608981539143852,-0.45077913804765224,0.07146284085850252,0.30820112953520384,-0.579941976684772,0.5209912679034696,-0.5473513001130559,0.9788457869981024,0.5318478909853575,-0.07088456603542004,-0.6942288407547645,0.8127632479342379,0.047034494847771224,-0.1056757677225888,0.14888386610542215,0.21391524348814772,0.9079909687939753,0.5220492948224364,-0.49495336860236483,-0.4707400802944919,0.46851563744261715,0.0014604521458949637,0.15444882282711436
-0.8412208938025885,-0.9899743665829679,0.4816083049354669,-0.9315110928552082,-0.7931780787226526,0.1773968538634465,-0.5647448076423192,0.5203518691056914,-0.4242836066747031,-0.1035431877915729,-0.6652616562813394,0.5897066747088344,0.8084603925479468,-0.063467991035705,-0.6451146123127702,-0.9311827627983587,0.1747060094345898,-0.2810629449269719,0.5330171292089534,-0.8094952617150419,0.7717126556786604,-0.06559796413234897,0.8411712659706825,0.2566863631396208,0.18314704095674883,-0.04799887036276518,-0.15201387162802038,0.1963815372135198,0.9490910254842313,0.6665579666046715,0.6384969762837129,-0.1662167965824728,0.36744048892827563,-0.5157637949399723,-0.6391176299906587,-0.18462775767095918,-0.008518280628455832,0.056517753872120435,0.0024634093276763025,0.008492604025386319,-0.6834555006124343,-0.8832397341358655,0.3880533277651841,-0.7918946011163166,0.30120546983624547,0.41888399223647177,0.07214562403645752,0.43250840172219385,-0.8916462891578616,-0.09022026070969602,-0.5587152623129958,-0.324802257516416,-0.4955116391100862,0.8333337383115014,-0.16981809611787968,0.334711981771477,0.5692918061659917,0.548719212264035,-0.6847404171170468,-0.8224138361567361,0.0921266115444066,-0.267873121927533,0.8592734909213118,0.4182759533433138
0.6426035261849439,-0.3979875697826494,0.5985422443603963,0.8851152727386062,-0.4257279505466445,-0.660706013348626,0.6671122600139494,-0.35833137926459213,-0.5028109259769034,-0.46292665626010754,0.7247332592676328,0.18649754706092314,0.23208850332983477,-0.1695901619849598,0.9584791733186235,-0.25857625341727464,-0.9878899736538935,0.0795823028546534,-0.1789132244077032,0.4656073936537486,-0.12063584737434208,0.3379330313521147,-0.5173013677295253,-0.16639535217977985,0.5668665996836166,0.94258889001381,-0.4961533433162899,-0.45156003853758087,0.04064275419163099,-0.6879307637041101,-0.07516143132589681,0.3391785693737699,0.9582289929476282,-0.7133231241831408,0.5095317417960734,0.892530623305726,-0.3235139672697547,-0.2872691612219376,-0.2945980181570169,0.7904137165304779,-0.15046112044829307,-0.05443983085884074,0.28835665581360326,0.2272552756397972,-0.240229975714916,-0.10402165036124522,0.2496101444762857,0.08268810460904885,0.5621607155548556,0.0007511848739631954,0.9695953480363733,0.9455863520462331,0.5474866435666914,0.22630497633709812,-0.9306406470415651,-0.7466534854528171,0.397767519165094,-0.11391948087131176,-0.06175349321407375,0.36027963995438417,-0.6979701942806908,-0.39148187661109346,0.10241422672146538,-0.26275199617668976
-0.5492882032908122,0.04792226606114225,0.8711351746548439,0.852243462717222,0.2687197714674501,-0.18986455429546,0.052442075865693605,-0.526464270723676,0.3555160938783064,-0.22361921661721595,-0.4027741757083283,0.870051494354249,0.3006997938499745,0.5207621884349445,-0.03591049359229581,0.6832253904764769,0.0721679381864857,-0.8489848722334965,0.5848565659316585,-0.9244979658699455,-0.3631487213626299,-0.01163616775173315,0.013959223181132518,0.07569502925424354,0.1500316984418426,0.6682135682421806,-0.47264288807826405,-0.05345307828477486,0.22296504373425785,-0.5763224850615767,0.251311827129981,-0.04410804424773862,0.4466836333133726,0.7972128100909568,0.5456812992006004,0.34696147948382894,0.5122266093843026,-0.10021556354920813,0.9950686465204048,0.26446710704836884,-0.9569492881584141,-0.1443374926251768,-0.4940630698156616,-0.33365302773527583,0.13883103906250538,0.23361613669147951,-0.9609989501894223,0.3149178169759774,-0.32386068263191214,-0.14591355036281706,-0.18013669139682986,0.3136299047971467,-0.5490723265126674,0.12926405593112578,0.7189489570241012,0.9206984493531305,-0.6788892075609234,0.9412962063933337,-0.7752013255261105,-0.6408398946293814,0.5788872804879297,0.4604888625430572,0.5980992008368198,0.3133338015806446
-0.9248543597817702,-0.9823886278122582,0.8489244670771856,-0.628000293699817,0.9445293350528656,-0.973338964544447,0.020387226176104445,0.5118244728680499,0.615935237982149,-0.8405692580125117,-0.6832516192796894,0.3934270338240926,-0.26267736851384704,0.4103345437329964,-0.6780590705523688,0.8227121882963351,-0.3580307673065539,0.8288033163013335,-0.2479961112726501,0.4012598453904628,-0.5969772857803326,0.6855396007607877,0.3286475054597413,-0.8111734327510574,0.7635973810314045,-0.2941747184068131,0.023985405276266913,-0.3640731886330941,-0.16966100510846704,0.44301235472569656,-0.8187140440492011,-0.621335358921846,-0.5376462495430006,-0.33521145375037564,0.6029974906980144,0.05867043415751261,-0.8665668270430149,-0.9297870414581006,0.7141477589027783,-0.8301773267760071,-0.7498258374320999,-0.6946473181003692,0.9904198309441861,-0.267006938233604,0.010049192494939074,-0.5005459804551393,-0.10382120322966348,0.09516954761394802,-0.0791804307433468,-0.9152664576483696,-0.02829098523057416,0.06696410105640549,0.9566251804789678,0.9832733963990257,0.9298668674542074,0.6003347151647411,-0.11107965926643337,0.09474408640805354,-0.17667174679111364,-0.9838864511962875,-0.09866590548094734,0.7789665279212357,-0.9661366178312243,-0.6150277939244149
