0.8754131258619289,0.5676525939032493,-0.6109651579537239,0.014974104911662733,0.2291058917846691,-0.6299913467235689,0.9059071438211714,-0.2678054332469999,0.9405982625337543,-0.5876373367066174,-0.19842512098406528,0.6047734158151767,-0.7016307873184837,-0.6684274192962905,-0.5101193200529897,0.676160642663439,0.8455485986699725,0.2656658293921965,-0.5992917890397877,-0.545103439303938,0.4252008734865158,0.43097175821613676,-0.833681704672437,0.13791912543403972,0.44663750734466157,0.4436890312692199,-0.5596982467277007,-0.36911699905179685,0.4090945736943348,0.6674942741019811,-0.14477103785763723,-0.7045850906403959,0.24281644574213956,0.07100418225940253,-0.14635919447184786,0.9230806847499187,0.5413169299426781,0.40545992388044483,0.06251863738980368,0.5906575909789304,0.752220348085118,-0.5855273184045342,0.8328521354617173,0.36490437982390245,-0.06450189289631791,-0.6053415597116036,-0.8521375243811322,0.34162322290336355,-0.6263000861988803,-0.06151658645527891,0.08811489055922261,0.8816227228137024,-0.7289836269809429,0.6324088955579499,-0.503975205518403,-0.42985777022174276,-0.5196539225367138,0.5706779372997466,0.37666705833084313,0.3416708457928852,-0.6957550107458619,-0.12240718006391194,-0.933885287547632,0.32922420231555716
0.9725354605459329,0.7151808253657863,0.8678345211298912,-0.45889937244814516,0.7936709993104245,-0.08756147785833068,-0.6154114690996295,0.9466402798352298,-0.8613966809448248,-0.326782874216347,0.5951542236509908,0.7083295195097177,0.40353031763918623,0.19228599575266592,-0.8907623443085875,-0.6752373619950838,0.26113513762085283,-0.12261176477431235,-0.16121159232212645,0.5487135053444638,0.5056287810616109,-0.9893419748518266,0.692531592451542,-0.5915489599486594,-0.1342841975874478,0.5924658357946946,-0.33537411066435774,-0.3990780789190651,0.5691507947155283,-0.8927087350609475,-0.585536721776327,-0.4660146119887594,-0.27721348970497317,-0.44091837806330236,0.8527362584089218,0.9264545053791644,0.34854236937580274,-0.7485537894663872,0.6630207756192465,-0.3902556038315175,-0.16589760418634336,0.6780927444634164,0.22323230523825943,-0.9980982010471358,-0.6187450461730817,-0.6228175367950464,-0.1355305419706785,-0.9141145951031986,0.4140638792938336,0.614604379006378,0.3196112503116808,0.9470062976920288,-0.3251474352084953,-0.2708740731119903,0.40846538468731053,-0.3023715456542089,0.5742182393657294,-0.2989372389739344,0.16688277990768374,0.6235504283250888,0.23543133530849514,0.024506200664076827,0.5323809798768344,-0.46709802595847694
-0.29477231004589544,-0.6217851575412836,-0.4240909578345373,0.9871689223897158,-0.03835158594469479,-0.5885028288308252,0.7154291733134406,-0.8906386391718757,-0.07909948233898989,0.5063787887381506,-0.550039805256404,0.6363842823921633,-0.7830921905070944,0.250753310449332,-0.3510120827595966,0.8070004392420917,-0.0028543453619018777,-0.3240146935301589,-0.2622895161119565,0.7483618261086498,-0.1526211624702536,-0.5650806538386388,-0.1024024249640818,-0.37786203215632685,-0.5487902053916307,-0.4498010817479745,0.4488576226957188,-0.7880766208870107,-0.0702375748465045,0.3330253104019143,0.034306216742443274,-0.3314850613070284,0.633245291539031,0.0012119509793415695,-0.06830198825832445,-0.8911752162580349,-0.44976886483443246,-0.12603468283073171,0.4160591597438468,0.2512999616080549,-0.31540970750157693,0.5652568200020074,-0.842003351273559,0.6218615631602535,0.9698699128313086,0.3013663092864949,-0.40582174583090525,-0.06414482141263989,-0.6910296465366665,0.04673378646473747,-0.7155639506228295,0.16900628107996862,0.37233458029584443,-0.8098583394110508,-0.52964201372391,-0.506672027955086,0.17996372673540617,0.3625126208723517,0.4975841263823384,0.24009931253252303,0.893456428494849,0.1494642004181097,0.6267309617687278,-0.10740006627725984
-0.6466447278630694,0.442986690350333,0.7028741580297069,0.1447394027633333,0.6551618173438802,-0.9952250040779689,-0.7459022387624976,-0.563867758309508,-0.8332913303194689,0.03733915331240034,-0.2626666778575051,-0.38513103220829037,-0.049390101115540874,0.968423626704414,0.10121894217831873,-0.4177316513856797,-0.46763354650933087,0.3655377495235623,0.4935310687014176,-0.288250034033275,0.8609724029681911,0.8032078353314553,-0.3285054362799491,-0.7285065877043071,0.9978632403893832,0.49452581139298246,0.844669527505018,-0.2343940992876774,-0.17424952853387765,-0.09699637654604132,-0.07466687698701335,-0.5270909672602118,-0.9785618150272724,-0.9234657043944048,-0.6033467417144989,-0.6223426362443705,-0.11682393966915328,-0.5812319223086995,0.45916021197173085,0.5658424681368632,0.3750318620862967,-0.5897984719007632,-0.30683860894973036,-0.43888452907511466,-0.21026094325756994,-0.781162746807786,-0.004335736314848404,-0.7367771928623141,0.10729725734448636,0.6287544226490176,-0.9402010272632944,-0.6820442174217756,-0.47014910527319276,-0.9326794525692277,0.6190205652189968,-0.3759322653822339,0.6308653556139587,-0.27166436249762627,0.39559315471420264,-0.7814167580140081,0.9229856328620569,-0.07736949913326252,-0.49124370188657385,-0.02182995198427551
-0.3710262077941182,0.08073305296484379,0.3115472814297089,0.15310099088447693,-0.6922309066211096,-0.3169792603251689,-0.4245639246496422,0.24474672347808868,0.40642853624042674,-0.8849965495244483,0.08414421322228027,-0.7751768587779102,-0.17204527367911004,-0.5146152064284029,-0.7874615309301161,-0.48971916881428434,0.5937676366357585,-0.5169631305214897,-0.9816752075870787,-0.8881760747050211,-0.4214739959723901,0.9776369902091286,-0.3411543340031531,-0.48739636960874355,-0.3866296315759641,-0.6782000728301469,0.47700931115168554,0.8463951348832672,0.29130301387884905,-0.7603659228655153,0.14703881765424054,0.774157226704028,0.28039902125560623,0.7453894547717834,0.02920926111535982,-0.788372285907021,0.9476964749077592,0.6897433903941341,-0.5451880041108166,0.22700906002428956,0.9108705404434894,0.7629699609424394,-0.7586317015320312,-0.06753985612916247,0.44126247487045545,0.12571245131047726,-0.8791538030135193,0.7978946340502602,0.8998438182531074,-0.7283862563563757,-0.7233120560788999,0.800993465533596,0.6377536311570986,-0.2659477718580454,0.903619099633669,-0.5899395100120783,0.5747456882535571,-0.5161917350824463,-0.044589016926734226,-0.44763047832134384,0.6446585901225665,-0.9918439435098034,0.6659583954516153,0.9611157901944722
0.5686462804184578,0.1146024218217836,-0.8721018758859949,-0.1779673290463999,0.023413183219692657,0.9618300462748819,0.2923664230211598,0.22764068648058156,-0.9639735605590483,-0.8675914891327046,0.8824937891213378,0.49239419157937414,-0.4278247316387047,0.022283019719777197,0.890235125572123,0.9292980676440776,-0.2239687738626588,-0.8691661495459746,-0.6680128719888361,0.32086029522562254,-0.7626534217216197,0.4360828190299819,0.8656162776309633,0.13366494646823712,0.07679546226693379,0.1590062891721742,0.591479219013394,-0.386930193987292,-0.7582032575166933,-0.9982587238363898,0.6496792849214323,0.49507344691129096,-0.7781273717736548,-0.019300259126856734,-0.308366625585657,0.9546812486542,-0.24986670782639098,0.056327898255700504,-0.47895149959197236,-0.7395332795407559,-0.2354194163912624,-0.7307758704441587,0.09171342301008045,-0.6158541895736926,-0.2014519684397731,0.52688118636815,-0.3776727792149863,-0.33869117660598436,0.7730716510542988,-0.6923080321781223,0.2538150651393678,-0.851042619427191,-0.9880451261611327,0.38042460330268324,0.7080737303247946,0.2511848342354128,-0.05572525853255139,0.9673668790883583,-0.4880187286845865,-0.5766351826583858,-0.4839213099605657,0.7941751965517667,-0.6869902514902382,-0.06927171173347757
0.5336917103933394,-0.2817907268845945,-0.005042569860194135,0.2461431272316268,-0.31255454737151633,0.07021224622588385,-0.8010605681315273,-0.17546898526356292,0.4508697952289078,0.13648535595381417,-0.7994061945112882,-0.8717732139979519,-0.6554333400382071,-0.7399972396131198,0.11841648055965392,0.7680781540979769,0.1878977233800201,0.8358137007645352,0.7810926369919653,-0.6787487331299471,-0.5237645858960094,-0.8742626920323457,-0.018010308417176324,0.9239013405147951,-0.7279555336606223,0.8378594722101116,-0.14498164079061393,-0.8917516024845662,0.016992054565649006,-0.5616177809843437,0.1411425788649343,0.8050764558473582,-0.17096161711616698,0.7153444094631332,-0.7136634141419038,0.7959757968865524,-0.59637824759793,0.010267829313651555,0.4406522038139207,0.6709859505971405,-0.6372069836700323,0.19251579782275052,0.503265692554328,0.41283187127367826,-0.5896862739247757,-0.4662228849737706,0.05584203394373155,-0.3206366977625561,0.46005881468546295,-0.10071802414482711,0.9759189274331768,-0.016315290572019636,-0.8240673807941583,-0.5650412548370038,-0.5201620996812466,0.36260997906516446,-0.03249954060182936,0.6065907050623895,0.6715839806816222,0.9436137036057719,-0.875110575253708,0.21416559274709646,-0.9236532373499571,0.2952089107236695
0.898024524127963,0.14094535748259962,0.6903227435996655,-0.5269868775138673,-0.9153974818768562,-0.7290388005237847,-0.585245858747869,0.9522207409977121,0.2329207802355444,-0.7917287706373353,0.11536374156169393,0.6704882812483786,-0.7283411793112722,-0.7571266664210805,0.13952107939463754,0.7741432258492515,-0.06502811805230779,-0.5497172147933427,-0.8867569601457541,-0.4362342747772012,-0.3162388178692246,0.15045123340810296,0.015099448246950864,0.7014884799233363,0.7816488589228014,-0.4985147090653399,0.4706875226137961,0.6033034519861267,0.8838955787177851,-0.11652328541389001,0.590128572815861,-0.17878344596486362,0.7137139724755588,-0.06704032637074708,-0.35655461634774266,0.5071964081568858,-0.20049821351690333,-0.6215294873438075,0.6832897302088194,0.11983871171638838,0.17784120411873494,0.17777697950918614,-0.8500635379845278,0.2623034922964951,0.11553754314554321,-0.21882469539663196,-0.6339487390906111,-0.5065078666714178,0.1378337951613844,-0.5723125032461169,-0.01089597883715654,0.48757796084113725,-0.32930243903295797,-0.5139473040346594,0.9086673042336384,0.5281416839243,-0.7274197873706241,0.02956624307037181,-0.2484435845073496,-0.2620003105426112,0.9649656334239152,-0.8135252276439344,-0.4357367194864452,0.25448394931167506
-0.2874593722871579,0.7443761571912897,0.3061974444967033,-0.9779428307700595,0.24220293053358133,-0.17692071629253192,0.36426858137837925,-0.143398574156959,-0.8404282114010939,0.21200202145542968,0.5432348783086001,-0.006242467960034803,0.11847638457178622,-0.6475616170593339,0.4855528887993743,-0.2639000364350794,0.789197863009615,0.05492153214860851,0.8671186130638007,-0.7356628546777586,-0.38577867037856484,-0.961062360405164,0.16896835359612883,-0.4245497621908343,-0.1039435285554342,-0.2186448118396318,0.3156261025634506,-0.9201765566670259,0.33378326343476483,0.47326020383086553,-0.4401436564962464,-0.7584013054654899,0.3380713104331776,-0.9265926257887596,-0.35552247299428497,0.33563029825859614,0.16773023462768233,0.7246832967364876,0.9958892135301494,0.3905744564225977,-0.7465207965680123,-0.3847771137159126,0.8235913982169432,0.4095961909669137,0.9811711607113511,-0.09453971071696166,0.2552848707826021,-0.8497970320042245,0.6018452515598314,-0.21462628833733932,0.6295438895224446,0.5998532033611677,-0.6564207904130495,0.22041417587245737,-0.17263995778083885,0.633311908545102,-0.26962079113637394,0.163568152364578,0.6983897200273257,-0.5936880099631108,0.02710528606627083,0.7716848928737712,0.9296919427284882,-0.25428356638883787
0.39776546390538114,0.3141667717431289,-0.32324993465783547,0.2503480322281906,0.46856028209336165,0.6992625609720873,0.10149493876924232,-0.039805647878976114,0.1319494384229143,0.36230700982219366,0.6994888223382181,-0.16079884870301853,0.21225332099036254,-0.8414242217821979,0.05750360538407118,0.9203496845572179,-0.33714544451387707,0.012364385166786729,0.444148867570787,-0.2531705923291212,-0.6978889544855593,-0.6461595968607368,-0.4471276608700372,-0.10239472500062163,-0.13506022858076872,0.6679671347853511,0.3391577951900351,0.3917406037540099,-0.4409755628359133,-0.5238938853840585,0.3039312717652025,0.8584897186288563,-0.6754806208955326,0.0016250151438805815,0.15209558576419546,-0.1903202217919886,-0.6389740158219939,-0.5582393551424316,0.4871423184932022,0.022843700076911277,-0.3543967864687836,0.6794884250290736,-0.07635339797851404,0.010801817211623987,-0.773575382015292,-0.14946895520783898,0.3144864252464672,0.024155515588157428,0.7525339888833584,0.4345049216817525,-0.5951450157816549,0.37240098450908055,-0.516883459346257,0.7922489116477598,0.021624073075050987,0.5105836410753064,0.018869931584211797,-0.6991883743724308,-0.7246784051918884,0.7210214338349938,-0.5087982401571618,-0.6824899513830089,-0.3558889619021437,-0.713102638408377
-0.42064679125162074,0.5092762342134423,0.887525514140147,-0.6839319540227418,0.2849649798278131,0.4413274969667704,-0.27243055391847104,0.5073804975924654,-0.772939000977084,-0.9907469146305679,0.5119724337051985,-0.5604752303770739,0.12577135259242267,0.39512713263618915,-0.8417509192889072,0.4988691408381227,-0.40019845612816973,0.9158289856280692,-0.3119668279934664,-0.9903671207480322,0.017524022795503358,0.7232373007688098,0.507383176159802,0.25704757950967605,0.5411659096773682,0.12243369248351388,-0.5326603913280814,0.6185355269995174,-0.18356078906620388,0.22918455657679448,0.7267185041003827,0.30583688559063993,0.29882885345499566,0.9893560988865275,0.11544178064732868,-0.7625196120726485,0.6372674455217919,0.3589548600393011,0.19932592916845793,-0.5649145923039474,-0.7014386549679135,0.587201793037605,0.8983559376040242,0.9509844010426982,-0.010247747696844778,0.7302399231295358,0.22609313256018537,-0.23874104282663922,0.08789142418694329,-0.8121218351099566,0.2511772827198082,0.8979587100459541,-0.23732202997123308,-0.7909248597398872,-0.9715005601794839,-0.7737955337575722,0.6266326262614451,0.5502683454901616,0.45386174288832826,0.5776525025175954,0.13429471610668298,-0.770350388762602,0.14788027600035591,-0.8269943845805927
0.2707051226686856,-0.471566687618004,0.8405045708207346,-0.5051870653057426,0.4594738876650406,-0.6048953819087437,-0.5083765928026012,-0.4461487984892767,-0.5697613548240452,-0.004514616337338184,0.7318327010449637,0.4764538054137559,0.23328457453449025,-0.9268334161541767,0.5429175489369635,0.3390271776221194,0.7253624059655572,0.25943826112425916,0.5993402252812137,0.8168044547620334,0.6959359185954539,0.3468895526965696,-0.870270901978279,-0.4110088392460072,0.5770525138258165,-0.5909778955390252,-0.628645096093835,-0.7975491554797489,0.29514167701129246,0.6866736280721399,0.2356586251095234,0.5504451322698569,0.1883092468902252,0.2792168488940807,-0.2491674840429059,0.7709616950199525,-0.7702416137479284,-0.9815677334916459,-0.2634965252033421,0.6536797694969165,-0.1443890092412181,-0.16075341142723465,-0.6238018794851474,-0.17310172812629698,-0.22966921683518193,0.33299507083467006,0.11844274594001547,-0.028831275492315234,-0.4179459960021972,0.41851649281829917,0.02636522453310275,0.9361499471426815,0.5794244457540942,-0.8641794128827744,-0.9613876760740494,-0.5823968239555282,0.2451604021541236,0.7535674598044833,-0.6976333326621811,-0.3534318339255269,0.5686274998509482,-0.4764633473567337,-0.27964913467902086,0.17709057210605983
0.14761258812536404,-0.5362213806069402,-0.1746233586910091,-0.6409566726074083,0.12628440606196123,-0.4773570859491416,-0.4863507589831326,-0.8872453294809095,-0.351330677402089,-0.3537495711933838,-0.2996159236966376,0.8268940009126051,-0.7178140672498048,0.794790320482933,0.38124350174954436,0.2447757123266514,0.09921942331051747,0.7136940959971714,-0.17761178391147348,0.4341883740398298,-0.2586986190671321,0.32374812820940635,0.6646196966909139,-0.7345841089000276,-0.9662183313418928,-0.16833384399827533,0.44541442521769503,-0.5190714914956092,0.8781815927383028,-0.6927115495504106,-0.21405095023690507,0.8251055105734981,-0.2021138559477289,0.9593389163104591,0.9532692013266504,0.40878924163713415,0.7657164494837563,0.23364329275113693,0.1111951244774585,-0.46982291671513954,-0.8479431302243134,-0.8903288593529719,0.5833832042859739,-0.006632502916202654,-0.7687973014231722,0.9798311971759428,0.3702113455339957,-0.10578855061785264,0.6998079708230773,-0.9776612190119882,0.6275837692121815,-0.9962251344455206,0.9811491026293488,-0.35874233790486754,-0.3282677692506999,-0.908420548489125,-0.26838295501918474,0.560271609300224,0.11493343776053933,-0.32132386225540555,-0.2417462455746533,-0.16624735811434843,-0.7945493399532517,-0.2516013590637549
0.5891219926161118,-0.6907721591742926,-0.3616056301963102,0.33946773466441904,0.41135766266788165,0.8454509205868339,0.47066162447936066,-0.8438775938177154,0.48032329113426364,-0.5365817661494898,0.3826411042050857,0.888430147104682,0.3356639492897855,0.629927358890084,-0.36766758415770284,0.34345476785782436,0.2822621109351129,-0.5348615688344491,0.5345251360326093,0.1846021978618031,-0.9678463101601593,0.4902171158722477,0.20357463391576514,0.6800518717161734,-0.48253941361365826,0.9111643116790695,-0.23623348653132248,-0.8979070439413963,-0.2108129381599082,0.18209761854600726,0.8038838552095904,0.22001468570641336,0.6298679873893476,-0.14365415831753814,-0.5736840543894068,0.9813619704880401,-0.7927289849203563,0.6226692020574403,-0.7859354374792034,0.1415066006243173,-0.19782603134105647,-0.9459673162100415,-0.8583066653155169,0.8279386179460746,0.5057077930910214,0.35720412722822314,-0.44256395564593976,-0.8583176459799935,-0.6447182307672532,-0.3264673466119761,0.7565837019196144,0.7276725176342174,0.9566620769186029,-0.9267922592716065,-0.7345330066026201,-0.5642496033752669,-0.9806243263562733,-0.8152025214009309,-0.8362801869318359,-0.9040747953586294,-0.14836023934761933,-0.4499454984222331,0.23500838459527196,-0.08145515967479211
0.6257918360497758,-0.27129580850396606,0.054029317077119554,-0.7824187981859747,-0.45978391905986604,-0.36737979125296505,0.5670158571426789,-0.5422153948521722,0.1045008124974296,0.34659955091448924,0.41919109323355697,0.2619094310223049,0.25083868897831096,-0.5850531885603318,0.44470872286584084,0.5979116880861215,-0.3503965609920321,-0.017015532763009267,0.37631341804322194,-0.019210604217163807,0.0964726200396695,-0.6205211737418426,0.939862525136874,0.6214222694112088,-0.6293933394524771,0.9458978711462231,0.15303861616102532,-0.24523097944913297,-0.19359963988775952,0.48724331095731555,0.8431892215396046,0.449304387342069,-0.9248610715232073,-0.6826139816296255,0.10163684662964467,0.3725931441254633,-0.7646545157582163,0.5761771612796756,-0.5992772554977295,0.6605874337223094,0.688679995513356,-0.9263384475067844,0.7144588554775593,0.5989843999348763,0.10511625239745448,-0.9777760341890422,0.15319253415911072,0.321177552136195,0.43400264755768436,0.4992664443530124,-0.5177513521879669,-0.2487986001175826,0.33006661504661805,-0.3145973401493034,0.04268733318448126,-0.9047264925037404,0.3448720065695252,0.0330063354623753,0.13653261186361787,0.18257652710399586,-0.6272676647289714,-0.348159256568068,-0.6461512853047329,-0.7751432137950218
0.6319768142181208,-0.7600298160990013,-0.8762776029899628,-0.04218469595955243,-0.4627026174084521,-0.359843402555164,-0.08198267476746413,0.016629195260995377,0.9913504254924448,0.8472513359217289,-0.764923529132508,0.9225481946707041,-0.7547610269043448,0.8727190742293234,0.13251548022303017,0.49154270083947016,-0.9599395420672399,0.6928179578688738,-0.8357203002825615,0.2773337325727616,-0.7789551706951883,-0.5348141919216054,0.3839653668518228,-0.044004310167949034,0.5626428367716323,-0.42956215289330735,-0.45828641425747496,-0.6006097326562079,0.6872502657229684,-0.46406826543622515,0.24328323513915384,0.06440108885923679,-0.26254501790345897,0.6481595418490471,-0.8960353274701458,-0.9461164783187985,-0.3012643759723328,-0.1923400081069322,0.7453784925714908,0.6197210563982762,-0.9973078199755403,-0.7220057039851406,-0.21585406433209675,-0.6771835804740423,-0.9405343940830597,-0.29375509650287746,-0.35092860341185617,-0.32432714706568166,0.5874164233156234,-0.1304083296377907,0.864622843864959,-0.8133807743275387,-0.17975723776658858,-0.19855029324882745,-0.5942505768659894,0.7352451797281108,-0.6900062426529203,0.3278345848184583,0.5817873669642715,0.04196357341210333,-0.5228538671707057,0.9372991473307626,0.4757936948770707,-0.3592823840782784
0.5855848760975286,0.4299069404345195,0.9486122580563274,0.9425538520955357,0.3808019629768198,0.1718223761201103,-0.5438577284745929,-0.6904797482178906,-0.20918418759768498,-0.6037334873646034,0.24216746101312592,-0.8954648290716187,0.2105541604461807,0.3962988653150652,0.9755630482490394,-0.8885163602319432,0.18609303658766363,0.7863155604761389,0.4773600501076365,-0.3862421137032377,0.635991496436336,-0.15756084097335554,0.692547408972837,0.06625924226606994,-0.13810524568147997,-0.271354812063068,0.3185833160132936,-0.061309334261302695,0.5581692605396378,-0.32886717359699946,-0.5220030186238929,0.8773804512335945,0.8316261718446767,-0.09954933368174523,0.49180140178892984,-0.7840589313083415,-0.7784661600118135,-0.7064820848725979,0.17533500135043378,-0.5212702477174433,0.8275732850277686,-0.03633261438948532,-0.20244685213686786,0.5794276158683671,-0.8325450556002809,-0.6916900340235677,0.9246924311896771,-0.6651414499380217,-0.07854969806084933,0.6145362219154009,-0.07693428123789836,-0.7399709443233384,0.21963742422442545,-0.9041665447412914,0.05726649607833645,-0.5496505061962882,-0.759769314153387,0.8334641387951041,-0.00985417379564768,-0.45062756550105676,0.5058245335860854,0.7913966148764708,-0.1524525600441169,0.33003629734229456
0.9632799683992106,-0.09814823425173791,-0.17244718953638705,-0.21028358540850567,0.8089186653417162,0.49525805314155624,0.6980824144969868,-0.9222479008308035,-0.5483337531993964,0.32706044922180944,-0.36050506730243903,0.5260850261602452,-0.6677786735856122,-0.8219664832632696,-0.22603846685972817,0.4124033713983868,0.9872007073601337,-0.2599838460953152,-0.5969274340771411,0.9872784520836124,-0.16013314444118243,-0.5529974326804603,-0.22533186807346905,-0.842056944296794,-0.8255881621627179,-0.7510131567969147,-0.4424206932800594,0.05410702748330176,-0.9546663413333518,0.4371727617189427,-0.8837130517793037,0.27701363237374776,-0.05832341488128412,0.8650396340945314,0.29223482061098904,-0.21558519452689762,0.26822833082605246,-0.31778536390200496,0.6608880653405855,-0.8726875916170389,-0.3367389266697389,-0.3779089273443679,0.9892633076615953,0.5984562019179187,0.48482897890963783,0.5503358885048217,0.6512290236856462,0.625804650891371,-0.41421372962504033,-0.5758647359556546,0.14004013246236235,-0.2216399558105675,0.8213556282050689,0.6831909570397128,-0.967321081762484,-0.8650161344174725,0.44488059350869014,-0.28402205606987363,-0.9062136502890423,-0.64948355747464,-0.8743208709370061,-0.6194988385504561,-0.1196630002464687,-0.8222861219968474
0.4481452488912563,-0.4823354674762803,-0.8523618823867389,-0.69304412518411,-0.21630421240492415,0.1437042665243684,0.707745794692475,0.4614209613132727,0.08617022112012318,0.03687834122732525,-0.4545608462716664,0.2707987892135848,-0.2744827253637645,0.31657267011573853,0.704872620094269,0.7473495567650603,0.513657336295986,-0.5930411895522278,0.2414782440019969,0.19650149999489042,0.12964068753472602,-0.3110994055174119,0.3965112250649818,0.6585291888940839,0.5880072876694724,-0.06013848479094408,-0.7971385348149784,0.9046061964155945,-0.7040322386829017,0.9202394759648826,-0.23274729543166872,0.5781958445518038,-0.6641857729020055,0.8433886897541578,0.8423569663100128,0.6488750741588059,0.3479686610364894,-0.4901436289380454,0.18042858391927186,-0.8943345069352782,0.6502494590604542,-0.5954696605956733,-0.41913935829673643,0.2420591695605041,0.9280604520908908,0.1399906289620816,-0.7186603925264943,0.963050783280484,0.8562178443863935,0.782064952542431,-0.7079482042830836,0.12459792131186553,0.22085541587406832,0.8098934445367285,0.018005747795389437,0.8804844157091816,-0.5343364929122887,0.50720020041919,-0.8110446391326902,0.6538453451093984,-0.5711922980358146,0.3507193628298497,-0.7389007231502769,-0.7125359830511497
0.40322982649672623,0.614625717795013,0.7263848195477749,0.13183602526138816,-0.079715027728548,0.4159637810456107,0.01677211430611436,-0.2849153561500104,0.41584537647614006,0.03319102797596929,0.68541497627623,0.9318882241361817,0.6095120784407766,-0.004609536861923447,-0.5933140357947222,0.9403282542161346,0.45993627682653315,-0.006125930809980584,-0.29081221342815766,-0.6983837488839861,-0.3079857680762632,-0.3055083367303473,-0.8396637171261709,0.3019338541351515,-0.3334388527028975,-0.5474415621355639,-0.10598293933815217,-0.708409987859268,0.7493125954010513,0.5238265681597087,0.5373098117361936,0.4600490150898551,-0.8326973240180007,0.893823067076233,0.5347698810967911,0.24866849276996827,-0.5075600907905209,-0.35938432906228135,-0.07057068933394017,0.8412119623450505,0.7222527331381681,-0.7034895380400472,0.946684534180954,-0.0008184251764875583,0.4589833019460998,0.896689185451998,-0.8724427889505544,-0.7486553984122397,0.5342501123676269,0.49462896304577786,-0.5297992510849101,0.6017459609359836,-0.831198826544761,0.230278779794584,0.16103587051260293,-0.8118872273477953,-0.7466321296127911,-0.5990531065196616,0.9232241201315095,0.7085630982624209,-0.35774573102148066,0.14728965864180443,-0.4672952442854792,-0.8886145322901666
0.24984171700723756,0.40617590502370704,-0.2924047778059411,-0.5115120870771224,-0.9598710538661417,0.9587710365164481,-0.04855959843813329,-0.20091826217293907,0.10913070022507232,0.6812087637123696,0.4486072015881548,0.42494083510969327,-0.32162385156136675,-0.7744855519900415,0.7703923068469056,0.11213290264044229,0.7156584880292423,0.6248228998285654,0.24979214935894545,0.5739781425774726,0.7309793627378112,-0.8889932373797744,-0.03361585983256132,-0.04129333435135352,-0.4386317085748248,0.353828737199269,-0.372020116925353,-0.07216728867866773,0.7642819456593086,0.8944812847726336,0.10338859174708048,-0.13946466233101118,0.5409402995004138,-0.300249867267262,-0.06085280508622115,-0.7762879637714042,0.22131746283325704,0.6100594056793718,0.7350811909508503,0.9159314608034268,-0.6406678042627498,-0.7774663395309831,-0.3085288345545456,0.157666717843705,-0.29705978683841616,0.8480497331869838,-0.4881812928816447,0.6726506028940424,0.6225102746691684,0.912630143052841,0.8022472135589085,0.06563219841723522,0.8916370616744289,-0.6466743107231416,0.8543339035271937,-0.3998477933028328,0.3858268290225222,-0.11378692571151738,0.8884709365243075,0.13232919128809262,0.30038600278384564,-0.20423825420402153,0.30484330343550514,0.7687548345756792
0.1605164199755731,0.05600321426475574,-0.16861198166076696,0.5741009915380284,-0.19668678413703122,0.415666809591412,-0.16575086155445606,0.08283484673487429,0.9269436626108798,0.13883031822239156,0.467087442752675,0.6296322251911168,0.5956418567982991,0.4602533013567953,0.21008033522569325,-0.34697055138940924,-0.8374078028555691,0.7461824203074707,-0.8225752141892331,0.24053193757107416,0.4890278542573874,0.8332599481345309,0.5401945609060359,0.2195751466451794,-0.4368762925715137,0.22742347936318508,0.8337927719565283,-0.950660395340106,0.4998159955239978,-0.4164110280872382,0.04408749596638217,0.7202040992501739,0.26887119648786695,0.15809965789043012,0.2079775741705321,-1.073903799276519,0.8476833102771313,-0.7347186330011701,0.708277494173601,-0.06501586499319045,-0.9984927758808151,0.21037743507567175,0.19866168322483646,-0.7764813164272477,-0.5320317338430105,-0.282523920608289,0.3860128558639284,0.1957846846008704,-0.554435781843986,-0.7177920564083375,0.9270095629093387,-0.04505232403533066,0.6556630965161077,-0.6395820268643821,0.8928264739128324,0.22946591820139273,0.4255077633981843,-0.9445864721801229,-0.2712379674676364,0.0248020780483984,0.09490032802346327,-0.5927331185747942,0.9060021899875399,0.38997637679297603
0.03291916000188788,0.05957578083992865,0.06849733129915991,0.8364780038873947,-0.47369261847349153,0.2840981586950775,0.5416415015373224,-0.879783205842501,0.4749622801582709,-0.5038251381204732,-0.24722143266432628,-0.3217835884775859,0.08990138946481596,-0.5357318196106937,-0.4921263896821304,0.6478688981999796,-0.7995137491964026,-0.6651173303677733,0.33777060418952787,0.05927747605007139,-0.5570764326907665,-0.4293178528439985,-0.08099732919920144,-0.2655136424498328,0.09730191185336134,0.7271636822674155,0.9317255528329009,-0.08967766790712228,-0.8368950254342913,0.5662608807097329,-0.3954884356877293,-0.15816522914558778,-0.43943594979041234,0.179066731967243,0.4791750738493339,-0.48488342370495285,0.4548857318776347,-0.4748844205946625,0.4856981699098848,0.41039718252080104,-0.836858030727871,-0.7632537120195855,-0.5383888899363136,0.5672224636514593,-0.015503294658816502,-0.3381834643668178,-0.050071816614493475,-0.7038424475929868,0.6830009583668317,0.9960394640003778,0.40474146329363836,-0.6602958691074798,-0.027241639384862015,-0.37003759821771154,0.6474035334526631,0.5486260552664075,0.017395341544862886,0.23342827507018082,-0.8883186912530927,0.8974937009184447,0.8907392724003496,-0.15884726458415965,-0.46839786388782767,0.8633866667012773
-0.8019351940816961,-0.42539249040064364,-0.6670021444487144,0.6267788424465055,-0.6615280618408481,-0.6781921594238594,0.55188125434274,-0.8491161443652093,-0.7291865384739991,-0.23323619118825456,0.4036212075198544,0.8884025920845031,0.443996735896252,0.1931510630050879,0.5843406094777508,0.614599392942826,0.11384623060859789,-0.3817049763745015,0.30584461245335204,0.34861025527278855,0.6221039194514646,0.7361340057147367,0.051663218933743815,-0.9325479779711676,0.6440514900361547,-0.05253816937017031,-0.2992580933039499,-0.41338157440747025,-0.49603350385721323,-0.022234461241119607,-0.6740009834932355,-0.10526143631315232,0.7437598176808053,-0.5144483451485169,0.9735059734253928,0.23578016119197853,-0.22496770812361722,0.35332885607542974,0.3506233256328646,-0.6258998001619112,-0.7838703884206566,-0.1928604615753644,0.9327899661311723,0.10909872974689239,0.925644632766575,0.8026533736859776,0.8083914951340021,-0.10773833410248357,0.3907629529021457,0.19716067927000958,0.7748540993123292,0.4297434313966111,0.5693989364684053,0.6485038110124308,-0.6325622636974968,0.804839259486626,-0.8073884143882588,0.45931634761515383,0.7000293284562935,-0.5472162331002184,-0.997715560330453,-0.5549486013464813,0.7942732033733586,0.21913610560262042
-0.8444743948553031,-0.8784947248906845,0.37718659668975185,-0.9413407699433829,0.16738327719151913,0.510395905425296,0.5705614372246386,0.2351015632443223,0.32254515321331634,-0.2884523711047755,0.4258730663217747,-0.9857961392393981,-0.6778895738101636,-0.6858860032748133,0.9162657078161311,-0.42063769029387,-0.19211822467595518,0.2640194716433628,0.938612563636892,-0.40977998497444834,-0.1527780789312012,-0.9434561520353266,-0.12075623662722745,0.7342437483860713,-0.5390345441837721,0.32218932359580776,-0.043526048209004964,0.3366143459047106,-1.0349044779475076,0.7972812300465624,0.720824265915587,0.9845397216280394,0.3745034508510354,0.8130932817504399,0.33086503549197444,-0.9537670535413554,-0.06581292374206771,-0.9592205577890887,-0.10035754988959233,-0.8834100406010854,0.8608937787925979,-0.024515559371527607,0.8125502257179358,0.26693893379217726,-0.6256625932264543,0.29444437703766746,0.4404274453545247,-0.5780442602064693,-0.18997897214482995,-0.6332153004969459,0.8122921728407686,0.07907793775817873,0.8298334738232107,0.7307756868031325,-0.351786127691212,-0.5330861969016085,-0.5456371196713634,0.29323302438808363,0.6019569273465755,0.9262786583068834,-0.655848926278386,0.6043817843524062,0.18474792365068593,0.577442493952296
0.16446572658563752,0.46515309670581306,0.32000853635694426,0.052898427625774236,-0.09264936534776158,0.2553640999900042,0.3008245540285439,-0.198612949785959,0.2150329411553955,0.5165561127189635,-0.25846075056071616,-0.05072619964072089,-0.37281911004799406,-0.008125413327412428,-0.3776122047112147,0.3635069275895042,-0.8255767319200387,0.4481210272795808,-0.19473638687747874,0.03802199081670299,0.3453164698412927,0.10901519348684152,-0.16102980227551278,0.7547558067809612,0.9126626631109809,-0.782436526016075,0.610278802943699,-0.7402462302928161,-0.5709806734246621,-0.7872774103497531,0.560539793494023,-0.15473218476014972,0.31893199255344595,0.2547659145487391,-0.027747829398309776,0.855335574031308,-0.41993387913679414,-0.13315472190746935,0.4024221519470408,-0.36990604477020694,-0.4869185355960457,-0.3783269336428343,-0.6663218907891668,0.27120124392535194,0.971429788236561,-0.8130386215488936,-0.999437093884348,-0.84410089224296,-0.5831914000768561,-0.43134331501587453,0.33162572345315966,-0.24245250644873217,0.3391109844002105,-0.6290745844603491,-0.0013651888400947332,-0.8751239170059002,-0.6192455592014035,-0.3487850577463609,0.599572484757342,0.19955324514606465,0.24307922020911832,-0.2749590500174841,0.6348641331618647,-0.6013275451366973
0.2534437996554184,-0.8480966412584876,0.5983208782887333,-0.4617854934390384,0.14058011509260226,0.556955506099192,0.2161940230591921,0.6078278588938759,-0.9931890716096239,-0.3504744155990327,0.5547150691691314,-0.4606981675296391,0.15015006844509804,-0.5650961761251523,0.04010376559116935,0.8079683091933916,0.5181164059662067,-0.7498900128384178,-0.06557817433492485,0.9590019455833394,0.8272442040828891,-0.996368399895007,-0.6649179053792966,-0.24710893448824423,-0.2027789326029812,0.05063186368906658,0.007874361221716697,-0.34487987782349316,-0.18400954849262652,-0.7776719468007631,0.8950090406209714,-0.6145574754288634,-0.7316252490992894,0.841548582924615,0.4466442577775813,0.35453321138815097,-0.42182910050241573,0.7749881881305749,0.20326788467414714,-0.9170255553701918,0.6361581880913563,-0.9607167975566668,0.06086724270112187,0.007418591805976149,-0.973380721290908,-0.7384575974301992,-0.8110660007390444,0.05010061568662705,0.9868092001936564,-0.9452101607325119,-0.8521919057660718,0.29152426782660523,0.011702855359261521,-0.04091161282939493,-0.5856943984715952,-0.89286850888399,-0.30254944619909474,0.7007865101681132,-0.5821307880877831,0.27617486467468044,0.3650569552741971,0.6501121925600526,-0.03724417253014778,0.5043176586443552
0.572020477224522,0.7601070408210961,-0.8367568670057832,-0.4819312525328854,0.33347627664027923,-0.5801188015757992,0.3309405543124404,0.5598961627290364,0.2959810086866168,-0.5794505623057256,0.549636196081386,0.21603677346139616,0.46516081371227713,-0.5591235522865332,0.9874914644105686,0.39541342234845755,-0.07527411484777091,0.8957080663497781,0.9064335864305844,-0.20366743208255667,0.8102160355131971,0.927844313280153,0.17816798867102324,0.9990077527959651,0.5087947399967809,0.560512419419753,0.40858233600465765,0.9155628467345209,-0.19271184921150564,0.4634751142977487,-0.9294343355319761,-0.9481825559597288,0.9648288653048945,0.5895098907443677,0.07048403742841192,0.7314352082751394,0.5207315961608252,-0.46943983377606546,-0.30911475499777685,-0.575740093999183,-0.3226023147796111,0.1539246314026821,0.5569753196419782,-0.8855901493169649,-0.22172977122677517,0.10210212348374981,0.638065068752524,0.28825720210875727,-0.818135188963045,0.08272329450174176,0.5725018176924654,-0.21108303611795676,0.5173733248240289,0.6156237611276534,-0.13897032541102436,-0.03383820187719472,0.7901435557267222,-0.6354958134926973,-0.28774374246738255,0.9134411913450984,-0.8624682855464432,0.48633966869562806,-0.761637725507752,-0.9627188072010064
-0.9157109373808416,-0.7813010121975217,0.14404553178758306,-0.2586519081860721,0.45731493878384,0.7928224500209577,-0.07118236489902197,-0.10418111906518845,-0.5892237425323268,-0.19660011840866987,0.5220304903548645,-0.8537941951933792,-0.496284731943353,-0.8810350800302842,0.7722938379015876,-0.5985304317995577,0.7011608886917637,0.23184497938565318,0.31970891767145404,0.6742002797202862,-0.7461009799628198,-0.8697707672453203,0.33288038436633594,-0.3657841625580498,0.41551695802702504,0.3832816131643111,-0.28543869413327916,-0.11173902429719162,-0.27311452126994196,-0.11099518610479286,-0.9835522490166053,-0.8034942394372186,0.22452996199439634,0.16138314324681735,0.33390374208856777,-0.511196826315736,-0.6437478956861205,-0.783403085559758,-0.379073035954143,-0.23142117171456134,0.6396159088838709,0.5043704098436042,0.6522498438424968,-0.741683179254472,0.07147367751458877,0.46825272877063084,0.2686924347559154,0.5110395743184419,-0.00533826028803297,-0.8265217400935321,-0.03445030200436472,0.7561864376602714,-0.8923170772048388,-0.8381207499588283,0.003952988688154857,-0.6070784421391646,0.897129789718002,-0.6976438554873647,-0.23579323475019698,0.8533762314815607,0.45246415495173764,0.4852713179770718,0.4036675252856563,-0.9163699466125215
-0.8094988929620357,-0.8510107127406847,0.9808841317751091,-0.9844068474827177,0.7694981962422438,-0.9624069262123227,-0.9875133828837761,0.6142615186067648,0.07679994308374138,-0.19327812552882384,-0.731132441983217,0.566002478034187,0.9033496609563336,-0.8315705428031317,-0.046160122397756576,0.9379786762664428,0.27880974745295073,-0.9433492586978109,-0.38083669159263933,-0.21521563737478888,-0.678958704298138,-0.9713225754600561,0.6801729701717651,0.9977452342049618,-0.3630653038689744,0.46761293249681124,-0.9463210758835052,-0.13190219469899533,0.19823890395067023,0.45717161027524345,0.46657445428596245,0.23882815833127946,0.9647009313533876,-0.3931180212961525,-0.4729322089895207,0.24648281721858334,-0.15240471440900372,0.5505058603455739,-0.9448811731968487,-0.45451063054366947,0.5251843347125074,-0.6265311558596847,0.7215428610658283,0.585773524963064,0.16413352305544215,-0.4724808524374,0.8389055060916228,0.7489660692246629,0.7711033693052884,-0.6810962231461251,0.7723887759933123,0.12263697979643884,0.3136478582594924,0.21254855890763857,-0.07985752373395072,0.5473514338138021,-0.8386771646862716,-0.6729078751472819,0.44669056659056183,-0.83833730307422,0.8060366325338417,0.7258409020823064,0.44023812110910265,0.9243627963107803
0.4193952254888651,-0.13721726463417694,-0.7660174958692361,-0.8317743635133648,0.6063096009313238,-0.5470753843346916,0.2914668548530388,-0.3104322845574991,-0.41461539498482347,0.9056687199843387,0.8209637380000554,0.008246193025518878,-0.7671085912156237,-0.481798323415475,-0.36536363297275676,-0.1987654513058954,0.49090787656972346,-0.6940501212270409,-0.5048592147241073,0.3695583392589432,-0.26676981068022143,-0.8476236459697628,0.064328184525269,-0.5036685320022058,-0.3265709115911537,-0.22119300739991754,-0.38166306289331153,0.36028050031390024,0.6218330595508463,-0.8866799049182308,-0.5406343813424415,-0.7874484961997488,-0.5581970590807988,0.6331978277543746,0.4585821100077083,-0.5606642403141211,-0.27117952489281505,-0.7393611210649669,-0.7461499829464611,-0.19427144469458568,0.7923930006249624,-0.1717508053069905,-0.6104005987280448,-0.34423152790731515,0.3356088385284768,-0.40667922915308274,-0.03084314583563552,-0.19704628568492466,-0.6069843015697598,0.7574585238440266,0.3623650463625674,-0.3220824183720101,-0.6659882255488823,-0.9802180354892003,0.9150175122395654,0.08619248890685394,0.17923200992450172,0.2602779049094619,-0.7065825785385889,0.31294312917116573,0.07482294269606449,0.09326383808964955,-0.7298090126236285,-0.8735094616028454
0.04498531955736995,0.3031933008829861,0.9307261973010632,0.8989538476395924,-0.3428913908975022,-0.2935532366124385,0.8990794288049464,-0.17120264118014905,0.022496869159771338,-0.16984353665183782,-0.37407423631696446,-0.37677143744592123,0.4274691511283315,0.6940771034658884,-0.9663397105802176,-0.19054973493734884,0.026268962002252705,0.10501775216120834,-0.11228922452594825,0.9310444583601876,-0.6955158245649422,0.4592178040452606,0.45591370252800023,0.041720652732541774,-0.03528541272144681,0.4965199185313127,-0.40434185930222166,0.5865684492745313,0.333407823959867,0.8819776947798128,-0.965181725946348,-0.9575085307576343,-0.4065545767088483,0.7717159191149778,0.48232762120315154,0.3798670361565437,0.8586525356067005,-0.09815828585232106,-0.7451067569463088,0.1990169898475751,-0.7336886085175607,-0.6406710276878214,0.4687308298269752,-0.7545804649387553,-0.11776012816537773,-0.498834012773107,-0.984506345888698,0.8902671281073375,0.4641099218164779,-0.07461404785781811,0.044216275312348285,-0.157607120073334,0.15375205747911336,0.20914998675166152,0.348465421594371,-0.08843527492941283,-0.36671566928100585,0.8580866818668089,-0.8899181401968363,0.1417918092019188,-0.14266178161970955,-0.035344918931804026,-0.42919454329830664,0.8714627918128091
0.7320488547583841,0.6942199427943385,0.7259844710995695,0.33804223898006014,0.6352078854611893,0.07468425675432666,-0.3552147280772504,-0.048948021841202394,0.6030735602189083,0.3461493857459026,-0.021292450226143567,0.36191073992726963,0.18676557595245602,-0.8179849941746031,0.5908951687679374,-0.4642079861941013,0.010181290426723333,-0.997703506711229,0.5589704962610347,-0.4795362995261787,0.9308191232463277,0.8757742590614965,-0.314987108521376,-0.9522445898650684,0.8523538798373855,-0.8498711664321377,-0.8525596534978368,0.9827545953570305,0.1592570975735983,0.5818808148777201,-0.5359163101553186,0.9971202595923137,0.05646300927896997,0.7960280701895059,0.13283264741625644,-0.09865698420196956,-0.29092336049419254,-0.5408091907140982,0.4964019169128062,0.6711127389682674,0.37371727025356316,-0.3258008946848683,0.7874880348136744,-0.775756715464643,0.3263969996527494,-0.2826114376354205,-0.9054335567321774,0.6996851896820779,-0.45453505750934453,-0.5030898194833502,0.674469932477509,-0.28135739918292135,-0.9582160253465912,-0.8032448941861638,0.09460461811943444,0.9598002031741188,-0.8764156838162711,-0.2592748561422056,-0.7058415645288392,-0.1566698560194273,0.1138027398461916,0.9590960551480365,-0.5681844810450696,0.7085513514711159
-0.7084556105507385,0.861331640565973,0.4470688607269693,-0.7887774143173278,0.8754294424796496,-0.5226477640109766,-0.5258897234599442,-0.5428375913972439,-0.3339251723387946,0.319111937145534,-0.15990026593426232,-0.6287822233785936,-0.12606944935271636,0.47425776253860863,-0.05517173167024603,0.8877563422019852,-0.7008474335255308,0.5515727170826386,0.35904780840187733,-0.9630770745325188,0.6955236534221725,-0.6053838018813591,-0.5771580525408271,0.3131708525863115,-0.9662335351211582,0.37891678222787495,-0.6686393287556811,0.00849734736189034,-0.6195280547292026,0.728707482027521,-0.020224291528488703,-0.28933599016918676,-0.4900210158934777,0.801488392963039,0.9654576959083889,0.47072636951338764,0.5551856287731023,-0.7701557202067892,0.2825819345390559,-0.23227176638967828,0.08105152569051244,-0.4351457469459781,-0.6166276471443652,-0.5819174417496564,-0.3622643801555052,-0.4469329417243513,-0.7985278541284169,0.9207913620392385,0.13080880657639193,0.17353912958226125,0.4327970251129778,-0.2964477573546451,-0.44855625344284844,0.6113957792395017,0.17902056143220024,0.2681753828483493,0.1532803751125178,-0.8218865808322062,-0.12145551676943733,-0.6354770575063415,0.1309573609275947,0.16768922331988323,-0.8073051686993011,-0.9265141569088844
0.6720555931038485,0.48485129095937385,0.9427903582729951,0.6015702353364716,-0.9882097596980011,0.46282887385162286,0.5059864625667234,-0.1561516522676909,0.4906576620066405,-0.3907444110476834,-0.46624465000934867,0.397780781198686,0.9315896391641365,0.1608657469882091,0.2555090290140598,0.7637454815653164,-0.10324950471537453,-0.5734936406879454,-0.6601431193786078,-0.22571339146980285,-0.36947444374986915,0.564929887920155,-0.11736938812802844,0.5878458693077893,-0.42281104042005735,0.7197894824531763,-0.712576396632445,0.2890710704584156,-0.24337663043441737,0.19483389153527741,-0.5019506424712006,-0.7824993653998582,-0.0741979809526141,0.008743660170106304,-0.023424910596673287,-0.6100989263724266,-0.6010348674314618,-0.726732511740324,-0.015631704069904773,0.9475854333264129,0.8220378372093973,0.7757806385889361,-0.30075225218210533,-0.8426970025104297,0.04465962533156409,0.1063729125745041,-0.17772085255293923,-0.9902322231777889,-0.914997083501994,0.5034615427883566,0.7033674123982876,-0.5071406484507717,-0.35646851132570934,0.9747417557576354,-0.04696648032114337,-0.5600102298740361,-0.9099419159208502,-0.10749881481141954,0.581349855527542,0.98143646135297,0.37301305548916175,-0.3203473476156713,-0.842968122601234,-0.9008371885473219
-0.06421298801155628,0.5789023360221617,0.7493614864705,0.966749588453728,0.7501818665379785,-0.2792231998691397,0.37789181156534113,0.07616591147943663,0.030805802173258012,-0.4552481336304257,0.33179975546826435,0.8507027915095757,0.546040343249683,-0.2191778589151434,0.5607193900619796,0.12035074363795495,0.9554880764203093,0.08997373799958752,0.5608140566472699,0.05412601877305989,-0.9563811347661582,0.6706223573290095,0.20903102655150607,-0.30979547130928653,0.40195128187597295,0.7645479381735589,-0.21853304521543393,-0.540725795067662,-0.931306953165842,0.21095818248414422,0.6648060857520464,0.5263689469606188,-0.17760293832416685,-0.860853129799446,0.3604789363847074,0.48616930751542564,-0.9602604446562444,-0.4116161554182547,-0.9182798376614296,-0.6128834960032945,-0.4531818669690193,0.4679203735602271,0.928057927725443,0.772365313210114,0.5701669764857926,0.7012944249229687,-0.4738178186348254,-0.05125488140573564,-0.9378068377891531,0.32100083036492544,-0.4587211154685029,0.5031955087669375,-0.3709546758935016,-0.2920146618595971,-0.4155496262656586,0.9581254942686246,0.5405936839436842,0.003997650461092794,0.7350258466638628,-0.24154715585800957,-0.8975316081896307,-0.17555922089788512,0.9053587285742135,0.6133181489216293
-0.32627615826721224,0.3594755197377846,0.5328249597128127,-0.28492494902207355,0.3790260851796188,0.00011123129438961321,-0.9418647277342396,0.17347412836921627,-0.12282401504533302,0.2707685708645291,-0.22287241205758482,-0.9705733089923538,-0.9430521260145379,-0.001540420893586969,0.012775942733945111,-0.8856505368266401,0.5581682530782812,-0.7676587244741364,-0.7367999762484079,-0.9848220585755154,0.9131983441317888,-0.013037022943350074,0.16971111094213698,-0.9357253520372859,-0.8535270172324665,-0.5323393756804311,-0.00325208234077623,0.5665193824820984,0.2487393969248377,0.9396347244072853,-0.416503345598884,-0.06099496717207731,0.6340843051442004,-0.01302787053265897,-0.16707335868678652,-0.5576380771145151,0.9059973808050903,0.26766948274942237,-0.5810974515620402,-0.08151085639652478,-0.5570299590585108,-0.8533689093352921,0.5074388021351517,-0.9777097393120495,0.3571571562668112,-0.7346774342558937,0.9579156373084023,-0.07167021662299056,-0.1100109070775932,-0.9300384074622678,0.7163394096746922,0.8438501155988547,0.8001859789746293,0.9471057421179856,0.7236706510047928,-0.2964915453013697,0.7963987026062138,-0.36184654704531516,0.38357614020929454,0.625258692674832,0.4142693682713803,-0.6464802022878362,-0.8217371446444168,-0.04678419005126444
0.4743944373414073,-0.18976693702865277,-0.12624244364357762,0.5473879866511799,0.8592980577464711,-0.48383909800060865,0.050351673815225206,-0.817908195913023,-0.025640516713498096,-0.5319224928494002,-0.736376676582692,-0.08758985511139339,0.8944066962204844,-0.4995353442161157,-0.6626060641778959,-0.6586355756732936,0.8717648000999212,-0.2485342496066527,0.5083126516549343,-0.1611261105855335,0.35668732873998965,-0.8614420222124899,-0.8764376010282058,0.178795537105632,0.9614107768053679,0.562375771196054,-0.4741922982675244,-0.944746937109165,0.6179462918996625,-0.3405537894192141,-0.5168391299293364,0.12172080354760051,-0.03482164513493613,0.338503254456646,-0.49500043570042584,-0.17547890733244675,0.29401113798212086,-0.02963464240190783,-0.3837822643214346,0.5514664192524623,0.922411095207168,0.3210300394692114,-0.9841117694809416,-0.9106173911729767,-0.8103396940542151,0.3224143032702178,0.12257911787245579,-0.5471619432200112,-0.89232373048446,0.9035975502598508,0.04652406969971268,-0.7530941669086207,-0.5321015657495705,-0.39372628785115094,0.9864818936170576,0.7122992444674323,0.03694875419515653,0.8584368322171869,-0.5462932151510291,0.7656495336519769,0.7786547175645102,-0.8052928210399546,-0.40186108679625954,0.0972148804805959
0.9696833369729465,-0.819372708395238,0.7302059568028727,0.8482528184336637,-0.03152321504742406,0.6950553494936917,-0.7804118451241162,-0.4306799786889586,-0.30710952477853537,0.8777284016579399,0.8839365614242292,0.31018646697479557,0.7081902619513929,0.8167472990796196,-0.9186891222778297,-0.6328116005143978,0.3963337769240449,-0.8627902208878173,0.18550233526232596,-0.7569010168848085,0.2513732433407183,0.3914820500011684,0.0031951261933995667,-0.8296706885735818,-0.9619993763355441,-0.7224364403962098,0.0346741934060486,0.3996205057654214,-0.4349291046081134,0.16042089844509855,-0.37731189976279733,-0.24037886853010093,-0.2167214994228559,0.4669536130438663,0.5162201283657164,-0.46507532438096777,0.8131417701112396,0.5599364884166076,-0.01584307857153644,-0.8155316396228827,0.2800542734698026,0.3910685040172637,0.4412903579613954,-0.6658351749427158,0.6828820473757662,0.18049642439541724,0.17527353007647584,-0.212079414780886,0.6977876427681953,-0.9084756413607173,0.9163330872787283,0.543610945221211,0.025210193079640453,-0.007442115897903223,-0.05962641007264691,-0.5526922626365736,0.11170718860084339,-0.8831761241036364,-0.7053643841783175,-0.5888184446763474,-0.8793441316539836,-0.9362615232825271,0.7642007199345862,0.04526417752301359
-0.3608343717426734,-0.9735949160252464,-0.8937377935254587,-0.4994547468158803,0.7219847543669067,0.29440947718168253,0.06727498063018178,0.31773438737838156,-0.39918685892207884,-0.6226008731357042,-0.1689916467286623,-0.15861657003768492,0.955159536524189,-0.5203434363242623,0.4914829931812015,-0.774673219073317,0.18916085878467204,-0.46685922378896416,-0.0219547480697031,-0.8616894238803063,0.5432068855621099,-0.2777829756749248,0.17880232274293406,0.38201954717106745,-0.7228115917876134,0.9606046746556056,-0.29408607594208225,0.606497923876191,0.7711303901265434,0.6283709690062969,-0.8614989778151816,-0.32314592229214734,0.6289205378883669,0.714034942305201,-0.3775693935132953,-0.9606674839226887,-0.4902588764874516,-0.4061623456441279,-0.4246882566869956,0.7875762337913088,0.3703581525912012,0.07139439884405352,-0.9705594497704999,-0.8418379728393868,-0.28228518473448694,-0.9743389320426481,0.19514900266502622,-0.15427362825540514,-0.034083953607978446,-0.9040029320318246,-0.801859522953305,-0.023478078657022117,0.3535866431052812,-0.21670649389513907,-0.6742749777028336,0.3230527706536248,-0.6469683248316869,-0.4279194385919438,0.8787516315173374,-0.1505377981742555,-0.8607554955572769,0.08020099667908553,0.8456958441372429,0.7388673618562085
0.9383938241067529,-0.8520543794063691,0.27843141500861956,0.2874850629421659,0.024485899572310066,-0.7598451259040939,-0.25427933033251593,0.20317873668728792,0.13772054426601277,-0.7307518329497735,0.13205649025995525,0.4970355727933282,-0.5012257886453755,0.9585177509246967,0.27782605415348516,0.9553321066965823,-0.19317784180285358,0.1500211661708326,-0.8552579257495343,0.5559128663698092,0.019239785871824733,0.2976826044621945,-0.32950312571878504,0.49085712577585516,0.9155884020965888,0.9798051958293343,-0.5347427354252383,-0.3514500731982595,0.8597067151250726,-0.2765057731707681,0.11720020726108937,-0.6225823790173655,-0.7164245684043777,-0.5212038780077837,0.7282566507072139,0.8255157261392128,-0.8036262232413693,0.5967604448994401,0.9663870504912533,0.5354791910618988,0.7347118767235277,0.33862761643808903,0.7706035669453735,-0.2934638381249326,0.04886492883467364,-0.0429996153657195,-0.5217493645666134,-0.8652240742535589,-0.220571189868368,0.9355379613780332,0.9562926712017121,-0.8238870025786036,0.759195158649272,0.821854922933638,-0.43751292012826304,-0.363524419540862,-0.10789347678668104,0.8008726990703996,-0.7393354212285785,-0.795911610397205,0.7815145501453968,0.6546714388376242,-0.831047065656952,-0.7973676859534702
-0.7362511162191954,-0.36984531522132436,0.6991044544756357,-0.04636294423069054,-0.14264217793986034,0.8143222780053625,0.2079510101572477,0.935303155673308,-0.18943407047845628,-0.44774937984471697,0.0602252063475992,-0.4831025497267074,-0.24098315538508497,-0.3733964232783795,0.6213262659460077,0.47322183122063466,-0.3530072155831716,-0.5217013549724085,-0.6073971032594319,-0.9889454342280775,0.5831846669585672,0.6652550187800326,0.9693539265974656,0.8131935011676252,-0.4997871915351817,-0.5013686715582988,-0.988887313190246,0.17662064332622185,-0.39424966841227227,-0.028999195944484635,0.9160682101635504,0.9270630454387279,0.703462412026084,-0.8946994181647347,-0.6885953964072637,-0.2974476926819809,-0.07505296928876515,0.5873755014512378,0.5157011671454963,-0.5399202918823318,-0.6562571553535921,0.6129109079458626,0.23643429805503935,-0.6948633016703749,-0.2596590954796656,-0.8351829036087637,0.41766009696181317,-0.20296254215931575,0.14455010928259426,0.7380888400334473,0.39254760626888285,0.420979959805879,0.9643066568121628,-0.49499230927019156,-0.1715866161915629,-0.9855048504037021,-0.63847462989439,-0.6968315287163929,0.9759075223791545,-0.10085090240187844,-0.4122724001487381,-0.3675099484716817,-0.18039551448810198,-0.05022797398506218
-0.1882892861886556,0.17067884213697182,-0.40680343767074545,-0.6081769297169168,-0.5759814595447006,0.8924021487702845,0.9970565765710451,-0.5935098664752405,-0.7721542657819602,0.7448517636179321,-0.3292156069067984,0.6453791175485855,0.44466577711398036,0.030995142445783275,0.6353534549679587,-0.5364179820782271,0.5777116067482764,-0.9542679211287382,-0.33161269820283534,-0.6872944395269256,-0.8795815137782728,-0.7107425173494233,0.7385067439682207,0.3967274849040303,-0.9796883844726199,-0.5902013672354198,-0.9607558454180669,-0.1256713435044119,-0.5712790544127297,0.3764185189440823,0.6216958151734424,-0.9788866571272079,-0.4299335800073798,-0.1582349251725499,-0.5014591166854916,-0.5308681988059671,0.9220023326961466,0.3562174113414862,0.25262026219686584,0.4532564609689649,0.5787343948580963,-0.9053759124280878,0.6020528657338253,0.33924747265770083,-0.4923458749790919,-0.9495674696637859,-0.17283022316215368,-0.22836943169094148,0.3414814925065983,-0.2332866504463207,0.44626826489853055,0.24546281276021453,0.05764291158100887,0.9798652323417043,-0.1587176629992184,0.16807965156247895,-0.7809852111704716,0.5430590944981122,0.13165774394871055,0.11302002562001645,0.2536065174089812,0.4823010253534157,-0.4792149548759712,0.6612877419281642
-0.16026522331948656,0.9968349736117172,0.4771877790327932,0.7776059778618998,0.39380820337275435,0.2419260996388206,-0.8316462793455128,-0.1336961066344302,-0.18774068104484742,-0.6386677172007118,-0.24924632417528225,-0.3073265422708711,0.6276668124710356,-0.5206465133736617,-0.6407014863506562,-0.6900514068410044,-0.6066676204923886,0.729064163444034,-0.8444237362262967,-0.9347773120634713,-0.869162499164142,0.9013339023898359,-0.032573098699851144,0.9762127316793214,-0.5090082527293278,0.9845382821447985,-0.7274350031763182,0.6687883896051161,-0.1885340495942407,-0.20910277305849467,-0.07012553663693777,-0.4641155556756065,0.5244322921999927,-0.8145568961437446,0.8024202516738255,-0.053260329788967775,-0.4990425806104004,0.13514157143318184,-0.41354406826132606,-0.8235012805468356,0.7073588315671846,-0.6458592779627221,-0.7148849574594653,0.8224984395696189,-0.6391427929943885,0.08203140838234635,0.4919724819489075,-0.4559910804895928,-0.35926425735037393,-0.6343705779647777,-0.3499227955604509,0.37585960532424956,-0.8139742986575031,0.6668645402720215,0.758717938877955,0.3205663388881437,0.8598710029851218,-0.1303043225592595,0.724639641241801,-0.4760520276181919,-0.8843840194239603,0.6813610767334974,0.5216300129127367,-0.858892873651163
-0.9806571922668683,-0.2697365239036882,-0.5047747968472118,-0.7098956375635086,-0.9398024349762399,-0.8371974137930809,-0.8436336645192517,-0.9435807681822121,-0.976955226700198,-0.5649965819505067,0.463926035663043,0.08458314797180244,0.36573128001283073,-0.4826738477637329,0.005006533599743124,0.09823771738794984,0.9909127611672433,0.7065211686350934,-0.2739576801941248,-0.4121052702041379,0.7754089782577618,0.25230901730536304,-0.7050912914678122,0.795541853151603,0.4679316264043245,0.2430380461893673,0.062161212467042315,-0.3116100282778401,0.70979550032085,0.8894038929720831,0.43980875868787894,-0.3152598501638908,-0.10062999713037857,-0.578275457086803,-0.9744404736464423,0.21254204120003384,0.3805688024564058,0.5718796346528661,0.4874237382568136,0.12785148943227265,-0.5754619469225433,0.6346726952211938,-0.5536503538786841,-0.09598788392054747,-0.6118316162841995,-0.9397584970983772,0.11939893226337617,-0.6723675091269405,-0.15662613001774783,-0.5659759491029557,-0.33432212536006833,0.7532826891906739,-0.8415287514118546,0.2677738465242445,0.9832957474549735,0.26447264487589783,-0.9818370056368737,0.8874547582274928,0.5010248626524401,-0.9668885325941041,0.9470210769002709,0.8225421989291488,0.0774776278574365,0.560536866834926
-0.27119067034761124,0.7549896549552997,-0.7360506956822885,-0.4670447093758321,0.7207008758691889,0.9087985348339933,0.17949477614473897,0.5417158812781673,0.6597901902942194,-0.08141478561805937,-0.6346415353363928,0.533304941168754,-0.6116097003199639,-0.5143712728102576,-0.9525933894193985,-0.27277476142456614,0.9869466390201485,-0.6213621078140485,-0.7495525077463507,-0.4508787560319458,0.8468419176492594,0.9687939251712738,0.5296167436612844,0.15201267440193567,0.2288722995471062,-0.30701314495710075,0.3872207787120414,-0.5011592786432923,-0.6971285795274573,-0.2524660407622108,0.6492262487706355,0.8783250762033878,-0.48371813656440454,0.8139549585732015,0.3541368854491179,0.5850546774496823,-0.2726566597456528,-0.11617509299759554,-0.3092665025300456,-0.9161315712222056,-0.8734969618881139,0.17281370297805898,-0.3281110140063641,0.9592460497251785,-0.9896769371733423,-0.1041904928559001,-0.9254126012076198,-0.5289088775930617,-0.8253868391410779,-0.18284745866703145,-0.9457777148369897,0.4628799522999856,-0.9465425445889988,-0.14598604178374597,0.8453301349396987,-0.510273701803784,0.95984512312331,-0.4854939614054832,-0.9748889314535545,0.4084236690899685,0.721204853228433,-0.3908674156881149,-0.43580103380364843,0.5425925480215419
-0.5640409910525033,0.7742467359122489,-0.7423457485444112,0.2064267898880625,-0.12760882277411034,0.8716417736789275,-0.16242239835910777,-0.810124857715472,0.16729028551943048,-0.02333536724391716,0.2651560453597557,0.09599964814245543,-0.06356587380623835,-0.09568842658223886,0.4263249053367726,0.8264393845635425,0.565137151649191,0.1371647100420832,0.26891107359528776,-0.36495990305727877,0.38730767229552665,-0.8255834529801467,-0.8423535953033048,0.45704023443264563,-0.14848378940182894,0.6454152757256442,-0.8181575865470379,0.8683195759879418,0.33206422155669046,-0.49568649485487426,-0.5023096575616981,0.4123800189386322,-0.2661626998601383,0.9117624785318772,0.833959671717065,-0.4780154496708602,-0.3249311160225443,0.93850742774957,-0.6092521140421416,0.49864586307951786,-0.4310211096244565,0.2558947664023423,0.6386683494615093,-0.9662532654669118,0.8526389217640973,0.08232772105096897,0.3320746297891417,-0.8274846553776247,-0.08784669530411904,-0.4033863881863675,0.42312704910439414,-0.8740948580808934,0.2140843928795786,-0.6142043567024575,-0.29950394067303754,0.5209154750301026,-0.39180080031948084,-0.22867908721735097,0.609019464249118,-0.015071876510617699,-0.4053494322802804,0.8646907325321886,0.17827715085549567,0.05946422219029324
-0.9800944526065831,-0.5480575585562981,0.20487145495754455,-0.7993767475442852,-0.8557121260420446,-0.3562116937244775,0.03674787862467177,-0.07030947003096633,-0.38061455919101683,0.8191561817761142,-0.4780782695380168,0.9055153256677295,0.855626436645716,0.39255608080226057,0.9550001000393797,-0.5832173522989783,-0.8898999351893302,-0.9473690145693832,0.48765653789433006,-0.20029053202008762,0.37825838678390045,0.0629669942744,0.06284980289591124,0.20764950046179442,0.18127352973261668,0.0247522289934059,0.8867142660689151,-0.9785637615170919,0.13658317589230573,-0.5785566660916059,0.20893172804061555,-0.40879332512604605,0.7675093157898234,-0.29689862160798586,-0.7912610783045495,-0.15171149344786206,0.9018551154341654,0.8601675950230587,0.015163828970990778,0.2742970999245633,0.8567321458105424,0.8111385459261247,0.614594445079411,-0.5716530793253911,-0.9093699851742874,-0.9449130295957744,0.907717982270303,-0.7344690606400723,-0.18973265540364975,0.8372934634944496,-0.24693629757209923,-0.3685449559638201,-0.05107440624233206,0.2833485617838061,0.7948897551370755,0.3475723162072841,0.9660730006153853,-0.27086070919353356,0.896555814283595,0.5857177236555458,0.9326401233277624,-0.8731843680887743,0.1577432590954999,0.9317923909813548
0.4282659896959349,-0.5534629227959098,-0.9995195007393889,0.0654157276812597,-0.2717504446634449,0.13626560623600592,-0.9590176564137356,0.06902411381021745,0.393067497872986,-0.35336027155401917,-0.8468820482086379,0.2974433382950308,0.18495148545080364,-0.12403533302584124,0.9117934574255944,0.8507452909891162,-0.5970809635277494,-0.2610453061567817,-0.09660287014045665,0.7486278171947223,0.08995193536924218,0.8721444220975154,0.24121913103915804,-0.19838723970754035,0.4609406430781462,0.7994481389750552,-0.8690512586725112,-0.9720743439038433,-0.07832984839984491,-0.5678826674822075,-0.9211757899349886,-0.5533536944981794,-0.9721143108783648,-0.2903725322124675,-0.7666892597434389,0.1746970304613129,0.573127543937952,0.8846294595426165,-0.8391600291407815,-0.9224024834354185,-0.3794825460267168,0.5380865416759772,0.33407887497903177,0.8858189069830471,-0.9696988638326001,0.21874843305556357,-0.5705949440662939,-0.22568554292353804,-0.5924559208014877,-0.8997014025399062,-0.4353124055597559,0.7428557538491783,0.2161973290633732,-0.23964907978811079,-0.18313225086848428,0.41751689699879124,-0.8787062657035907,-0.5511464002280515,-0.9712690694856116,0.15986781872644812,-0.6183907952012648,-0.8745205212170297,-0.43680755743406685,0.7298850107016168
0.7043986507751221,-0.3753091316735775,-0.07494756691776727,-0.49441632818096837,-0.4051288528653876,0.283672347652393,-0.5700374330946916,0.7348091299772905,-0.34176911920129016,-0.5816432788858017,0.5074872184760628,0.09447185343496844,0.33262145645224805,0.5034355354122431,-0.4587318465451229,0.8397805209675362,0.34969935203692537,0.9553331302974732,0.8684495706983442,0.27041060167190656,0.33764109690071376,0.6190681094382087,0.9303115236861357,0.7723470588300714,0.4087489239181943,-0.6091340957013418,0.6606178979217794,-0.5984657269134885,-0.20318763064750822,0.048047113866476865,-0.16037546220372878,0.4542530836758423,0.641086061802197,0.5239470327962081,0.7709595405464202,-0.08376253623376351,0.10953991961112819,0.43635268667372307,0.8755100520433168,-0.9799809561565558,0.597315108658091,-0.7678123859320609,-0.4190717369193717,0.16293483536232722,-0.49056122467876323,0.4251513206814026,-0.4042382232271544,0.05811539814528022,0.42561742961952165,-0.6286121589978753,-0.20430206062999634,0.01372408640830125,-0.3819138744256749,-0.1729731723418777,0.22287660329774273,-0.1352547238192392,-0.20299119749908812,-0.47672283016648276,0.49970984136941277,-0.9232373029026968,-0.474292249837593,0.3857798371722285,0.2781629818595577,0.5047834804584097
-0.3171558775672647,-0.20873535274616528,0.9290091777927361,0.6303739850988237,-0.33080850282762886,-0.025112956242734352,-0.07164666370755701,0.44206117741098594,-0.8586072377824385,0.6194529738236019,0.6087743367146454,0.5480516133553601,-0.19799720089259099,-0.007117634673268647,-0.6189760857572915,-0.30977643946697,0.6862766886423415,-0.0562037916297331,-0.073076881754359,0.79141302607267,-0.04805470016892577,-0.8619090738631789,0.5791463232482741,0.26374700157269926,-0.5472383976356228,-0.4839005821147653,-0.9727422213108232,0.3559813974027657,-0.9670144498551339,-0.698209389062461,0.7364724676234651,-0.8940200854292746,-0.8363417513122806,0.37061989440268595,-0.2859260526129035,-0.686103088687561,0.7777791826723106,-0.6229358123672719,0.18638804288048672,0.6138586897836606,0.5244084581772439,-0.17318701574800133,0.17462419510085847,0.7580442604305297,-0.35235892771164967,0.7868965809665276,0.18639853700120335,-0.2084740137887673,-0.9574367202421308,-0.9616203471050468,0.1635587411742414,-0.9199532465794882,-0.5520855326641794,-0.33006388915186946,-0.43633044964490075,-0.776910791200697,0.8904896618518778,-0.7301527191146229,-0.6308664203199787,0.6957354040627377,-0.14548755968653104,-0.7475379742816708,0.546488865748205,-0.055791872848679924
-0.21245047371308523,-0.2927542049226941,-0.3113110494672633,-0.21429812388344516,0.7845392209339042,-0.3225825288191948,-0.6646821200772062,0.5671378088239638,-0.18699881901565818,0.8855395510244533,0.6213405408652988,-0.6563305315782242,-0.523671246209527,0.8004607498782719,0.12238804364620348,-0.6139683635524733,-0.1627559476244751,0.38931473204643763,-0.9122099775109711,0.13130300859149302,-0.28424745341530944,-0.8923685935359598,-0.7704656794525604,-0.5412380962466634,-0.4806550229091473,-0.6622324802318309,-0.26683041160256593,-0.2812921534412258,0.8508643584231974,0.8932923651101017,0.8810776432026792,0.857253933152782,0.9622045006716804,0.7221784653252521,-0.7935671931640329,-0.9962220604352996,-0.8876577919326201,-0.07534422152684894,-0.021075630541633084,-0.42103379418266695,0.4488433380854253,-0.5375571813597206,-0.006359103842552782,-0.24501409515560457,-0.8292977528622958,-0.030612295004114776,-0.542669305383424,-0.2179398045664218,0.4047369258298761,0.005455709202097925,-0.5250250343686691,0.6229458458722554,0.7788534831430101,-0.20976987190772367,0.5735897594168116,0.8886623696918219,0.6985858978176682,0.44848838568043536,0.1653140956666046,-0.5897424156619111,0.848265508132727,0.9744616706224933,-0.44467959659128264,-0.2526849310075996
0.8503735371730023,0.7498374359991156,-0.7806358862031253,0.637484951893962,-0.21017996347040713,-0.9984651829921991,-0.8861246699521335,-0.2586252222708971,-0.7746045786156401,0.6098939018934955,-0.1367981538406644,-0.3692697066049686,-0.7041646301902222,-0.2767125573081377,0.7281619288931682,-0.4701123333700974,0.2525387124715639,-0.17784673758422898,-0.11964329912377725,-0.6630717698393644,-0.7015248333630448,0.7515336925712073,-0.4638045477217432,-0.542327148627928,0.2707354628192493,-0.6398619860682284,-0.6276544147897636,-0.2457523898131453,1.0716049088606072,-0.4620805732411515,-0.1821739521049246,0.742990959096012,0.6425238561421536,-0.26925840091674336,0.011283380697485024,0.8068635078560211,0.34977371284586245,-0.9588529379017505,0.12835349159061726,0.41138662146371274,-0.6889091130599196,-0.7343561203733115,-0.6997385994738405,-0.15408759871976385,-0.3901514217974915,-0.18841221511376882,-0.2047036592634508,-0.9159593612193719,-0.11277469596646461,-0.3421485616878468,-0.014717582559101272,-0.019972228099111478,-0.9183244974558087,-0.7030103643780441,0.5527959520674439,0.4409165507465278,-0.8455869611507132,-0.38823374151571644,0.4939266416284285,-0.5261278122337489,-0.5596390458848404,-0.5119717096925922,0.8514598076609927,-0.15035842017848822
0.8699113878957137,0.38618573727028305,-0.5888951630505024,0.8270499016311317,-0.714622908424305,0.32813561720081097,0.7433076822796612,0.6980110658533718,0.6043928500712965,-0.3444227098033834,0.596879527480676,-0.23865671904033392,0.40846978578709536,-0.8543540545445645,0.7101508963444936,0.8963340697109259,0.9756190407659426,-0.9759326990998101,-0.6160923866192651,-0.9902138995115937,-0.17692448806837135,-0.7237273743669814,-0.6174693674299594,0.25684220699974647,0.786238512932492,0.624795999601826,-0.9770603020075879,0.4849153263528827,0.8942819180735408,-0.701155347274838,0.909402578519598,0.24613573220179896,-0.3238312456993946,-0.15962155814277712,0.6569275895080624,0.6568969308172019,-0.6172497236636636,0.17842013246017885,-0.16521888126922923,0.19784170420734237,-0.49009196857959947,0.27661294664715563,-0.7914556638699437,-0.7873868169482663,-0.8675762279556853,0.3111979045779658,0.26893193371560353,-0.9000705583519546,0.1388678441489557,-0.847609226712005,-0.7338696628206167,0.6282991515675396,0.4815977608670199,0.21797501038481992,0.0973718836898454,-0.5261656556833072,-0.8361034330771091,0.4438766671128269,-0.4166847243642464,-0.3854225763214716,-0.5813522868075014,-0.6827430525650526,0.7528934420071318,0.4001253985873672
-0.20868589459535802,-0.8894050475987525,-0.7864772730493521,0.25899102117084793,-0.1184730384763042,-0.3995708465915393,0.17556244464638593,0.515690120223585,0.7261824428084513,-0.7939507120094791,0.30913841517190543,0.6290116842654649,-0.08652222535328513,0.9625589920417263,-0.700812087415599,0.22538283580042062,0.024772407504052074,0.17859905990642977,-0.7326139226526986,-0.2918834755757518,0.7341640671602536,0.08959239023258014,-0.20017392203360607,-0.5468891737027393,-0.9986694847417628,0.329668486277628,0.16363702474871755,0.8522326608890596,0.8168432154205181,-0.8476327288027696,-0.8440448676475858,-0.6882183957399022,0.8707806445051507,-0.924483414419726,0.9512674649638313,0.5734427409699066,0.6283609172662372,0.20166033358004043,-0.6494369600514303,-0.27691056528047975,0.16126229991159535,-0.798751958140536,-0.9105384980126383,-0.678386727658419,0.5050587054602722,0.6329194277768753,-0.033483706067858554,-0.7760352787258489,0.8691040925182114,0.04213260094028892,-0.7309382716856236,-0.44618249354139183,-0.019462102283767768,0.5908889832775324,0.5322099148494175,0.10564729700243558,-0.3957906644706397,0.04988041553070355,-0.6224673250288315,-0.0994847190502639,-0.48833891298498155,0.42954397788684173,0.2622281613049109,0.14624449281506724
0.05803327970998695,0.4186635265864227,0.8779786247524928,0.614017425951267,0.8159046926961482,-0.020681713292316273,0.2599610085366477,-0.011458138335769696,-0.28118873432022684,-0.8111326402883099,0.034059711730955344,0.7828406169878583,-0.444832979740567,0.3851947484870779,-0.014607694679675598,0.8174209351502368,-0.8445337545774148,0.5592840882884136,0.47653740626523966,0.5213799504972756,0.07251465186859529,-0.9934292573601067,0.09908129408233801,0.877841591442752,0.6627949624826042,-0.06505593648983954,0.6833680680466909,-0.459170701229318,-0.10355003749585379,0.48666529508675693,-0.30354594087529496,-0.38431623094114387,-0.19506394200741184,-0.7328382799879618,-0.13566445904827473,0.45722434631954845,0.8944900020984654,-0.11467385835249466,0.42346309933067894,-0.8285216470315531,0.2866619252180378,0.38922986291692885,0.46578030325404085,-0.5751826507981206,0.950861650620165,-0.3528627175048229,0.5644445353919076,0.6132444572231155,0.24549348296164086,0.09825366922598411,-0.8406787016245594,0.4791876579543184,0.39047733229058346,-0.8349467141702887,-0.6304837017671432,0.6908359263350199,-0.6883201177232121,-0.06460156464643241,-0.8105555845148045,-0.9764464859843178,-0.4061599175851829,-0.7667648364447406,0.44177740279842204,0.6983954349309656
0.8973547277403018,0.6419179080130502,0.42314635867684647,0.8521944095324967,-0.9078916266086927,0.4224985968062598,0.774772704741377,0.734485273786935,0.057708841130367894,0.3835040290024594,0.13414789970754804,0.5100232044740141,0.842211633246859,-0.9650083603639819,0.38337182405577286,0.05089306719471387,0.7816633586449482,-0.7540451087447286,-0.6439635134539046,-0.3938684236203711,-0.07624426788799843,-0.10747993451266935,-0.12393866486362026,-0.5453921037732028,0.24440382344544997,0.025781389328507043,-0.02486142748129394,0.15708597021641757,0.2878927848641213,0.6015247891108153,-0.12294029032910792,-0.23608792885338176,-0.6998180300657582,-0.4925577376571919,0.14380798607526213,-0.6454269243429365,0.016942573002576955,0.9604499776379036,0.7215184676672288,-0.24844571327591702,0.1845876902903869,-0.1727012316741059,0.778381997552255,0.9044586762892672,-0.08100384948965189,-0.20621036436684714,-0.8244917660446236,-0.07346615037143067,0.18525004477411788,-0.3821684073466909,-0.25033462050756294,0.39120178501714564,0.8580109441075927,-0.7147389950089513,-0.6537414818992875,-0.26649147341684776,-0.8854524696221417,0.678326239908718,0.4994712693020722,0.45549500224267936,-0.8975894073895492,-0.7000232290798774,0.18685736607848336,-0.04431681325923331
-0.8298147642385523,-0.06221533377359467,-0.6622318535696361,-0.09777800602806441,-0.22452427668469888,-0.5232825163417394,-0.6064643450419136,0.32924866295407496,-0.15872153370547415,0.2339459162046451,0.24429297562302588,0.7664838888604586,-0.21293483090874532,0.6155130175145744,0.4368885907117943,-0.5462513342867723,-0.07627107483050577,0.7511822876594119,0.7306566227122702,0.9941559016894235,-0.925132780683362,0.07754033949089223,-0.033241553304825366,-0.5028362341792254,0.28948839860515796,-0.5531186530208445,0.44339791700428455,-0.7063976527337172,-0.4157075750762551,0.2585566790530538,0.1943952201898358,0.3972228104908686,-0.10870630037064388,-0.22200191144576253,0.3502953162611593,0.7890115873895154,-0.04530724946826248,-0.4592163246934511,-0.686501364167321,0.587473858685432,0.7389274963939678,-0.13140468149458506,-0.1761673646437354,-0.8294576467765364,-0.3114496850059363,-0.2999961407931526,0.8441264685233825,0.857948098368472,-0.7002090196319417,0.1944008601675542,0.3362381963541188,0.8574616392355232,-0.36150149907676443,0.813036733627418,0.6386626625418501,-0.9964443053146372,-0.15817815155173642,0.3780444867326529,0.6534869431035994,0.19532642317446114,-0.7776166310777002,0.8200834599436861,0.23618277177612312,0.01471534187433332
0.792356395663901,0.5245778183211003,0.550224579078016,-0.7971740382969512,-0.4419294743750197,-0.604886681327834,0.8741455381573366,0.7725543866536912,0.9526675580591772,-0.7958938982018535,-0.02828327546016074,-0.7015336738814546,-0.6804852368215959,0.2864551614009667,-0.9152929787940969,-0.9473611933699317,0.13170240976005188,0.3647775639026234,-1.036610555570787,-0.8893821804987516,0.20156448894316092,-0.36244835886324767,-0.1357659749976794,-0.7249750350688993,-0.10479568500238279,0.43715841353384377,-0.8938088261474382,0.503227458879167,-0.6998984879706394,-0.9961883691540858,0.5084031766591641,0.9538349222268259,0.12043858797041618,-0.06389492758980664,0.019180303499759077,0.8383701347200976,0.08668665645640594,-0.20250060018744365,-0.35726842635283496,0.8928803100645513,0.6570604206738657,-0.7711502216225024,-0.7253953162320335,-0.2368050565753157,0.6970684881877067,-0.48022086661145313,0.633112804568033,-0.8209374465793213,-0.8481971472967584,-0.9224682029356548,-0.1220402327309702,-0.2992143843203485,0.21865761652781135,0.6723024749554021,0.8818087783309081,-0.05020005601338284,0.18282411274339916,0.2410980530136757,0.9622091590627488,-0.025020371612120007,0.7286520722540009,-0.19282059609413205,0.7974763614802733,-0.056207636869962885
-0.6710056654937224,0.6341052782988352,-0.9986471696472576,0.4532993599230246,0.19657368024606447,-0.942480786240071,-0.8477551101628356,-0.3999943339318994,-0.07436745345375417,0.2207712524302834,0.27175378055046395,-0.7600192207566261,0.9794942681402414,-0.17686402029103587,-0.3552582280046366,-0.9521614230591995,0.2983589082264879,-0.5557410755011432,0.6360344123576132,0.4128606578152181,0.7570504902941184,-0.17713038803286008,0.6787574872747251,0.6930549231723084,-0.017070282238924817,0.8773707469300489,0.05584929611469214,0.27696310774244415,-0.3037852212411529,-0.547389140756386,0.7670662090155447,0.5290578815916138,-0.22852536269838186,0.814637670855088,-0.24993504054218518,-0.07490536838385253,-0.5609712658334802,0.275225011851826,0.4403638116658082,0.7986412661780089,-0.3010407801367465,0.5739676975624934,-0.20475968368153308,0.6058035225457425,-0.7698371912227011,-0.4807434983747114,-0.04206972057201486,-0.24779718681679985,0.1250062898825246,0.48469147552521363,-0.595528750386195,-0.40683228239938596,-0.49904798939044936,0.8081268495718612,0.4952400826624548,-0.33548118090741386,-0.9387957690857027,0.2820368474080086,-0.9052501782426225,-0.8609312741778203,-0.8759494814483368,0.1277405163170262,0.89493358902844,-0.8976987219405079
0.38832102908382615,0.1784923060502721,0.36990814920338755,0.7141621173605108,0.9295886353766474,0.6582299139894716,0.19013936645235363,0.30158119138276795,0.8473297514409333,-0.6650657536727655,-0.28584900989853024,0.6768135784076643,-0.9356048936103676,-0.03671625596540773,0.7564727468105106,-0.6351957257263066,-0.5827670243204666,0.9000487913806587,-0.643421951646785,-0.3994185098618648,0.29877845453398066,0.7023899739206267,-0.08413978365227703,0.6143673055575067,0.5061259094754338,0.28510134449917324,-0.6971514032070816,-0.9789334790915185,-0.40895429704665043,-0.4434736067826617,-0.4462067496887163,0.7024605150335936,-0.837719863959967,-0.3569481038722464,-0.4894472629288882,-0.8913406685293415,-0.11898495203348625,-0.3225708618354588,-0.9114511479693179,-0.3504288451128814,0.9825140992027144,-0.8912990381994956,-0.008162973886339797,0.36708784670634187,0.23177434289663768,-0.07089230107340261,0.16490981741831123,0.2822028039717144,-0.35418351934442116,0.8549035647832357,-0.21809327810882917,0.23191556002563152,-0.09030315976884484,0.9554735068256395,0.09269437756171972,-0.3405716000956158,0.9318804898354149,0.38705150193239457,0.14522325358500532,-0.3654982438293348,0.4108869216974056,-0.5052768139272179,0.41610781559658316,-0.8115839678522752
-0.4614379001679936,-0.49936066205092966,0.14022427455901698,0.8469676932463652,-0.9984552205969668,0.33703812097144414,-0.4479439909980476,-0.831263121337908,-0.04536689193698118,0.5264128491698594,0.8023127509008121,0.8961565642811136,-0.5477684387777506,-0.5613842169158829,-0.20224104689928502,-0.7246318248316062,0.6003584869530496,0.6737188439119384,-0.44283003392202147,0.6927995488801029,-0.6390165711139892,0.7612077683227862,0.34523246661076845,-0.9551696105230423,-0.9734093649623987,-0.9444003658167897,0.5000094621052671,-0.30133111392130196,0.44433685286728264,0.6453141952069024,0.42197221673146545,-0.2473765044277212,-0.40889972395023233,0.5740886249231123,0.7329780161589681,-0.8647240126775235,-0.7753659551277985,0.2809939397206196,0.5233938626121617,0.8647952283348828,0.3719538424304045,0.2663380380022575,0.614527014545075,-0.049266798063800854,0.5582485228821403,-0.7179603437641631,0.03303508977298697,-0.6275158151964797,-0.31077690755558174,0.9889781091661989,-0.33139358334779745,-0.7711537789311216,-0.4283694260710811,-0.7072165374061932,-0.5682551317847377,0.799307409337142,0.22950340479638465,-0.8233861224213443,0.4255424704052768,0.6274126006214784,0.03353559492710345,-0.5917111042022039,0.1420200667588689,-0.9918726364897563
-0.17311313585185784,0.06406168305600257,-0.08605502865226411,0.14301613510884703,-0.8416035006206417,-0.2523084633808974,-0.9853237348311885,-0.26756276130579426,-0.12714660904596875,-0.6556697312203921,0.3165667995815675,-0.5176189316701247,0.18329443092983344,-0.5194659035268208,0.02563653600998239,-0.37983750823659634,0.5306881656279421,-0.23485248341735976,-0.7507628373977433,-0.15039951517551353,-0.5055470595991871,-0.870416635126662,0.970887232104662,0.6954425080932134,0.09158770891902224,0.5193435184332102,-0.24127480097338272,0.6039744687067343,-0.33732341268741206,0.8304402652375922,-0.6574057776214577,0.7527899519370826,0.42974097232835695,-0.3099284164999929,0.5890727757525624,0.7496979761928861,0.7359294184313063,-0.7434806828071603,0.40210009039579653,-0.6749796475519632,0.30416791845031854,-0.20857960530674635,-0.23012238110660688,-0.6269558810442857,-0.9209162567055382,0.8381193594113749,-0.7365080886184915,-0.8763020230707912,-0.3994909364784529,0.8372666200845695,0.3142040213997428,0.8225548983039801,-0.6456080288380042,-0.3056800335703307,-0.7042342837321507,0.979264747454436,0.30638060891388474,0.3247919531594907,1.0135666093964386,-0.8830136689190071,0.11477176852135496,-0.4196408264168632,0.5883391242311653,-0.1888834885339401
0.42674053150511093,0.7936197161057565,-0.9818589071011083,0.7137651283877107,-0.46052414001034414,-0.7718186815238517,0.8173254177942155,0.05552196101437623,-0.3749484136339787,0.6868280003236231,0.16395518512011598,0.2880582375188945,-0.343383271986732,-0.8721869958823767,0.5512372386496354,0.381163712095274,-0.7081873249595945,-0.5061099805432929,-0.6979914063254373,-0.21533184344492695,-0.06254955516081528,0.8083635164450953,-0.6384790864638012,-0.4247618793114334,-0.8438945413392329,-0.253995047163013,-0.6993553071197707,-0.2911841339915824,-0.7379216096300039,-0.2785337141634474,0.29243454119655055,-0.9749739787824094,0.6670529258628985,0.36486081320969244,-0.7852888332576631,0.7483026231213681,0.014843162674354149,-0.807697044032476,0.4609423139965658,-0.4303435905526707,0.31565491431096704,-0.6675852389098953,-0.2741598643000629,-0.6615669669884727,0.1606032077312738,0.7854344293163282,-0.662418303426646,-0.4417545919001813,0.07544773167189689,-0.5939772573486555,0.6833988745332837,-0.5306402661836529,-0.9423011304017621,0.4365522955180645,0.43229494361540044,-0.3909325354572395,0.20689693529705622,-0.7649052263939162,-0.29573995120630814,-0.046483767330598,0.41602043870166727,0.06721739265608284,0.8333834285770279,-0.21873928878853643
