0.3197584028457756,0.2641418298822513,-0.6050698482900094,-0.8583535459713767,0.8140069515352464,0.014434413703330762,0.40681660412729337,-0.5321808721906098,-0.6633843627301408,-0.7526048417553328,-0.7861966805659348,0.6724555821419194,0.44665208030915204,-0.10970928538535007,0.768846424612307,-0.2055777969912218,-0.9091271645576842,-0.07166261303940202,0.13380190742483866,-0.1691990846465634,-0.06618489746684708,-0.7568320814036387,0.052823070116463144,-0.2888692068083303,-0.3170676028391364,0.24378420038883397,-0.9457746776870928,-0.7580679643439612,0.9495794528242834,0.666636437170268,-0.68384546481736,0.9449266419652194,0.7027840922992175,-0.7028125065317836,0.7958580160319593,-0.3141577464538512,-0.3070198388444936,-0.09837140183762405,-0.1278800350766982,-0.09084660210339157,0.08887678520566045,0.5618152325121615,-0.6188997726947394,-0.20525156372142495,-0.698798731725434,0.17730817376485541,0.9680651085687582,0.2435214310436562,0.0663620963021514,0.4781543946614313,-0.6994500361623677,-0.21657075459171327,-0.3129098475543983,0.46282663814531877,-0.8124209855874553,0.00961970519344213,-0.4047082873127812,-0.7755469109318622,0.24196649216324895,-0.3900026018381326,0.6610436608821721,-0.4353001697715697,-0.962032356293224,-0.5647758373336607
-0.7304136065161411,0.31516267929321207,0.06188619930990069,-0.891843375509735,-0.868366589194814,-0.4504668134780807,0.6030909811985181,0.6124149235256597,0.310955985266379,-0.6344484566097406,0.07833161869531402,0.9776530876459748,0.3819398007399426,0.7280817997506075,-0.9109226405967485,-0.31487948706050295,-0.4964884390570685,-0.983385976666705,0.5254352959049733,-0.38495750356260117,-0.6105794079709534,-0.5220579834360994,-0.7117143935800412,-0.9436393974179595,0.29348206838922675,0.1810815642258954,0.17774318694296265,-0.839436724427413,0.3402423599407036,0.5901136179183866,0.8879059186002525,0.5780539066801915,-0.5972053568506073,0.7642851784056535,0.026901943582671617,-0.2679230658720171,0.4459989816357728,0.7472223473592601,0.8024633499009872,-0.886126716842194,0.7468919973200252,-0.6168530146690638,0.20375977555130076,0.20565329611752792,-0.6647240978695492,0.5530433916163411,-0.2085055013352659,0.396037715319969,-0.4169674193814683,0.3532813141484601,-0.6773438140533099,-0.5735484201256908,-0.570778072812538,-0.18538759034993801,0.4443635859692827,-0.20871301147594168,0.9378379811144641,-0.5969398541683335,-0.12335264487273934,-0.4860481492047277,0.36198917717220414,0.8036407948480728,-0.2619797616776993,-0.5456583595910263
-0.06602070311827823,-0.6780665025324764,0.518388878756094,-0.9656004593186873,-0.1530927840324683,-0.9435740775418919,0.576662052754197,-0.17278770062005777,-0.9909950161361394,-0.15479017604681866,0.45550045156352703,-0.20064773216332443,-0.46013038520395155,-0.8963408478661063,-0.10120388044037987,-0.47287755509632157,-0.45192847681364046,-0.2887256719072693,-0.4936110074293314,0.46372800088625854,0.08983068180340759,0.13821559353335355,0.2812050127554728,0.9280655041550327,-0.7992673156535244,-0.963599690419376,-0.2908971635516644,-0.8314901780596657,-0.7164876680818857,-0.022993458843739045,0.30272162008781667,-0.3128624651324299,0.22330075697366203,0.3043132978928045,0.009547670816353326,-0.7120128605643956,-0.26485698497913757,0.8169601576403684,0.5297802684565911,-0.3239434679340354,0.24304443663076558,0.924305799969565,-0.5746504207971741,0.8437970500841234,0.18337796924226724,-0.7937854879832675,-0.9987394625154657,0.36040420596962336,-0.6721276479123823,0.19211943520777086,-0.4465876524028738,0.2416735961135621,-0.8536293610348245,0.934505298852955,0.7309174073800238,0.07043965696152665,-0.42446923169392137,0.45316604175473607,-0.8324952253659985,0.2802227435848106,0.5592892523095965,-0.9507980205656401,-0.4368352509251019,-0.0679485849332897
0.4544764589445289,-0.34974215145771326,-0.857954776396431,0.32148440109699505,0.4874908204611539,-0.31668406606969257,0.6120044816547456,-0.5612287744726372,0.7976627497963309,-0.16436140067450267,-0.5564930714183611,0.15923861072106638,-0.9806483750124999,0.7198682098302736,-0.9622465748414903,0.8956204939289885,0.3648408227407367,-0.4166897404209233,-0.6475966071448305,-0.09560973899386283,0.4725141277805993,-0.28108647333293124,-0.789075165952849,0.8990807200341588,-0.9321845491061944,-0.4284887040065819,-0.2465623500747629,0.9718263983941857,-0.8047585182662924,0.7254840316605558,-0.3399152980938269,0.15042073723065963,0.37130965954919115,-0.007021141481153403,0.026757724496546897,-0.8243498489534027,-0.8029246712180524,-0.9593510571496349,-0.5491455406063868,0.4853580699129847,-0.38295017134643783,0.7917348048033279,-0.5352851289849425,0.1368086470910581,0.543967761008272,-0.9788867101846739,0.23871281803215827,0.9736359009459927,-0.13764977563828817,-0.19076123375424792,0.35750155619427343,-0.42965896020542393,0.7715254907119125,-0.0731954318160164,-0.7670745837349415,-0.06788141255088154,0.32998858859429503,0.8396744175212911,0.08760830644758988,0.057190732232929475,0.29803649292785317,-0.24077412323125058,-0.6131379182601508,-0.35883489700058346
0.3479513214671883,0.44315543509611266,0.28687778336821723,0.6387838875219192,0.14523301735950245,0.5016666244219081,0.4630312673407191,0.2977385044694858,-0.7777259405394383,-0.7872574870007283,0.5786262465768719,0.6038770628849635,-0.06447656277396474,0.5855735539935669,-0.7615452832169507,-0.7070252296089334,-0.08450167212546988,0.23731092461314374,-0.47337686575964977,0.7319868416004028,-0.6769548086242176,-0.6007764098833275,0.24551515046689154,0.20815682218208043,0.15139564297017327,0.19696568448089669,-0.3688941972391422,0.1017433032219992,0.10058985093531647,0.4576846412893891,0.3406849547999433,0.018715386294620107,0.1630039039322022,0.27461733487986284,-0.5997677485686792,0.24648512693740132,-0.23759497542058772,0.16500364541820933,0.5976876829776205,0.31959671602842166,-0.7755159085303553,0.20425518129586595,0.6731431044184646,-0.00757538236600408,-0.18996790387925278,-0.856111231513512,-0.512847999230958,-0.2608750512628555,0.6296808668086495,-0.51044872077429,-0.42784671298905796,-0.692110322371859,-0.2727735341127897,-0.9359706173514033,0.3346210641915681,0.9229567176109108,-0.7108594056824846,-0.3067484589539131,-0.21838035398573274,-0.2961359991991659,0.37021886867760534,-0.047306152960045145,0.8688422590782243,-0.5712416608089139
0.43616197829551084,0.9951844583062388,-0.2932660608483164,-0.36077911123384676,0.5119296968332994,-0.02078500357936841,-0.2148817922329862,0.17281090619992812,-0.33572143363388207,0.4796305834658472,0.8835571044199579,0.5732090315508716,0.19223091056338637,-0.03859673172461586,-0.042687154044907194,-0.13505622462177613,0.9896759096394045,-0.3664565722395188,0.336075797602964,0.949117998894486,0.976854689973141,-0.8632795528740245,-0.5169152704009423,-0.24190616405821586,-0.17348026105836012,-0.5376523268777729,0.05204989274250771,0.39464408616960034,-0.13719401914076523,-0.8695906649194916,0.5759783265590528,0.9513085388139406,-0.1719651445458068,0.3899204948533228,-0.5886278033981247,0.6125187393678047,-0.1232091772215664,0.7116415468628354,0.6404918285176471,0.1135791735522278,-0.9709591341399118,-0.2386956813124912,0.04891074709227805,0.14748042897486968,-0.6743308870475861,-0.8737367159700036,-0.3497643442912157,-0.4905929775808415,0.9940524624015166,-0.8870752352506253,0.13162130056195842,-0.32378164215925387,-0.17901897303363756,-0.4841558384730329,0.3843097336788226,-0.6923812808150587,0.9949566503470675,-0.1729870958918054,0.8231533552102963,0.15415349050603488,0.8912585157545652,-0.9612419746249061,0.07357677912926852,0.9799305428860272
-0.879434623299453,-0.9654457571139832,0.13986093074871886,0.8373962185441308,0.32832700121435554,0.22225788564792737,-0.04825540318253774,-0.6462527447133357,0.5169228721172276,0.31908196563048774,0.5531434859125046,0.37693825597593844,-0.9274056993302009,-0.26076288218445587,0.3010227488462247,0.14608448829860232,0.004451952576772333,0.44881341067337166,-0.5611173424275953,0.24614178566748568,0.5412513837536748,-0.22770662996072866,-0.2498512364310308,0.28346531502231853,-0.7977833125211409,0.9911182429758092,0.9795134045912297,0.22101474188789605,0.466483936870546,-0.7026474976235424,-0.11737664675475501,0.09802954764185245,0.932931986831685,0.4762564904933977,-0.04448316543378561,-0.0527231589974817,-0.17656672575904997,-0.7088196058573313,-0.4299323930981245,-0.5091517115704187,-0.945640494742344,0.6602297975189066,0.529936279431781,-0.4697110261224786,0.5251960388225851,-0.9402306073461018,-0.43348082348982175,-0.7102886509303112,0.6212831156879879,0.5803096347615679,-0.23722798212387097,-0.8101286126207514,-0.38871695757007596,-0.15215582913789816,-0.36081499021416974,-0.5215578621662964,0.321704175616522,-0.051995611793181906,-0.9763961108227048,0.2046711479098764,0.6195878192053821,0.09408905858260508,-0.18109318447682843,0.46936327397086997
-0.19861223910300807,0.691113297694272,0.8291623677662101,-0.7345146187755858,0.2686766740992286,0.12977998462199536,-0.027785874546867317,-0.4862853396254596,0.5434112490529637,0.12481085320743923,0.7947793936269398,0.7936928455886267,-0.5269129677465607,0.13031292214241108,0.6443980281174493,-0.8205079173276755,0.669470288690464,0.0470580931981921,0.7474251528597036,-0.2220981377285638,-0.2287086774625111,-0.07539155114811447,-0.6863858545389545,0.9822487258212309,-0.22291202282661415,0.004068361736604631,0.24308868447452814,0.052502289057574814,-0.9692212298477261,-0.09561244767126276,0.6020473276964466,-0.7802549186630006,0.3004848215685061,-0.0629543206067158,0.8144041043398922,-0.41056476697361566,0.3905627649040124,0.8058672955383648,0.20140384579807402,0.8142993099226941,0.3629451564940078,-0.21339034054598982,-0.16308070508169092,0.2694889098253268,0.3973682767705393,-0.43986754095507385,0.2208253128642228,-0.5367987639257641,0.0792931824907599,0.6300601489712847,0.11291238724282815,-0.3140582156206466,0.5487511921314068,-0.7070255254126123,0.2858636948671289,0.9364612863195951,-0.2516063801236368,0.33479168806291404,-0.3081342137359855,-0.03331002384935844,0.4990202767590217,-0.5648082720790946,-0.48584747373550585,0.574549745638363
0.392065290357277,-0.13398403244751123,-0.8093529974457101,0.41315022279537006,-0.34009301241146406,-0.07144170932034166,-0.6957488406139698,-0.10074415573856532,-0.004785296835022823,-0.6324750761630065,-0.5637277154754821,-0.15604438038280244,0.9993055913320052,0.20145910896483832,0.3144774137523405,0.6185560597660891,-0.9752032650947895,-0.6559801437985355,0.32473906232238847,0.500687502049409,0.7526911131360243,-0.27507759488569095,0.4171343504463174,0.5161090501092684,-0.010408506844987508,-0.13950600576395544,0.39020103604072576,-0.900923108314301,-0.19197994164299303,0.515434563133129,-0.7699619113465512,0.1208519257654781,0.8510240021840116,-0.8430758255533599,0.13940540843645,0.2858857788829632,0.8595881167165957,-0.2426207066389543,-0.35695433631349704,0.3595030850777683,0.7120806482217716,-0.11948531299305332,0.07262311736076321,-0.22119109247114355,-0.8599923973138197,0.5825973895624803,0.8241185656220043,0.7491492184387272,-0.8822586595375506,0.4317806054857003,0.017507562303690438,-0.4970420540528544,0.6967914554778396,-0.9324201412336006,0.4139674968731162,0.21816943953609647,0.029498991308828826,0.7944910967366741,-0.8806017606799394,-0.8991900747885357,-0.738798817453211,0.9210213407540988,0.10548094860673984,0.7821036012755458
-0.7740296957053212,-0.733653941705374,-0.7221750250560164,0.8583361216167702,0.8972422413891397,-0.6010083211083703,-0.5396573257648585,0.1180841117060305,0.32302464029584965,0.3764667590960693,0.26480680419633496,-0.48061690592480555,0.618244794458102,-0.9368624779080494,-0.8700230759334209,0.9759950997091058,0.6438822687219146,-0.574268560754515,0.12934589489708959,-0.8324497048015076,-0.8494935231796343,-0.39060350270399447,0.3196471895177584,-0.18096221272913038,0.9430108030017066,0.13241265615106546,-0.8099154246454208,-0.943880199084782,0.9006919148777108,-0.8527644181883245,0.7403247539717179,-0.10436055363131591,-0.8636984523317528,0.7047854984413346,0.8327868859730403,0.8268247505907962,-0.4075987641719083,0.5292549322250715,-0.47298767621171267,0.5802882888893308,0.4245375849060933,-0.3143348219492086,0.7031204147819918,0.8635086451006126,0.351600469468184,0.5169128505405207,0.10026494285796983,-0.48739272914073606,0.49206254532495564,0.7356229535916412,-0.6452070677368034,0.42903796165175323,-0.2816733479884448,0.8019129113843171,0.849728304753409,-0.0560084246506003,0.6425267135512107,-0.1321514629451228,-0.9133547085604612,-0.39205658777425456,-0.9550839314526123,0.2619651450547371,0.8686772552172646,-0.21937715088802245
-0.03554099093961227,-0.08584581311746686,0.13256373935364407,0.7855768126588372,0.021560233496971337,0.12561794006551152,-0.4305623890441532,0.8262005682573483,0.19393322736060448,0.15262239753169693,0.7892254540215959,0.23522282653331894,-0.7271931142899397,0.43108949766257787,-0.9325935275556532,-0.032117613656727606,-0.023304684926486186,-0.7224716010551118,0.9284934249281132,0.11366922261715717,0.989743338971161,-0.6103993841907644,0.33184310618187784,-0.9576482026155575,0.591887876805856,0.11572407256177852,0.0703428977769498,-0.5680921608715732,-0.9948370805941695,-0.5891170427325529,-0.2828293192478353,0.9146365631132276,0.40163803079183236,-0.1241540194797619,0.08236289817539211,0.7622676534941755,-0.33595433906129135,-0.744228630449244,0.04551094893009133,-0.46153477902113504,-0.14697276622793232,0.6528277567576122,0.2677259257269695,0.9222530770467718,0.8930135410394286,0.10849843247590929,-0.8386903414615126,0.05246348016861524,0.11835961543183071,0.2562038351579805,-0.8061664977414684,0.5085971333376627,0.5410896411121846,0.6074093787994452,-0.7962036796868586,0.3596825683528948,-0.1225728384853324,0.6875098556297501,0.11167806262349034,-0.47250299940007046,0.22427139986619116,0.46970914241610284,-0.07068407188767889,0.1805389968642055
0.13657405342363838,-0.9171109711579428,-0.701026320443044,0.27665595373695506,-0.18485865733455653,-0.336039536177005,-0.38675719056222424,-0.3376770214980771,-0.3680892448674311,0.7074545230338845,0.07104411502342378,0.20441298931054663,-0.02937183531739107,-0.34808596103902145,0.7798206756897386,-0.5699845891197288,-0.3230847984192542,0.5981037591270368,-0.286089641738114,0.16306797313091304,-0.2740983264694661,-0.3043416908876295,0.9888719813133613,0.4612420590771029,0.2586965029829542,0.11747842450816037,-0.9148048478439605,-0.46278873861710523,-0.7852089422111863,0.5616406580328315,0.6457436603148321,-0.8067206007156791,0.08972826947516799,0.5625376024522104,0.41160463878204556,-0.8653258916721427,-0.5225908748858445,0.9418829739798458,0.51143285520338,-0.4998599311194851,-0.2677942429783122,-0.9422200542566288,-0.602827460655482,-0.8060036845164307,-0.5254076514776516,-0.8460903625546701,0.7709868458364035,-0.18667581669845856,0.9553924064247976,0.5160205876395383,-0.9060849589979325,0.18146163733364307,-0.8594835617072558,0.3486214251803319,-0.36715143597705535,-0.8390821218640607,-0.7429510210495434,0.8022567894804358,-0.7150208188928455,0.9155671516487243,-0.5211854091632826,0.3679808756536953,0.3439896771696309,0.9672889327507306
-0.6972459415453458,0.6583144412033741,0.5948778487542081,0.1500970858532178,-0.45117759639105603,0.1072979576803359,-0.906536087902367,0.8440496536940414,0.17572191912109614,0.5304525162072211,-0.6372704681423507,-0.9250634567079252,0.23137657225147823,-0.3411324145682264,-0.7465809441530136,0.7657665277805539,0.5506817190469253,-0.4529456272707839,-0.3428303829006425,0.3880202811728508,-0.48278725735751604,-0.5045807472940778,0.9359752477088759,0.6555699744507009,-0.004142514662650809,0.17709701647251141,-0.34446884168007097,-0.8088662206636417,-0.371168347005683,-0.11365778626921186,-0.4593428183150383,-0.8263934346050896,0.07794282042969969,-0.339146950662107,-0.6560556530457493,-0.15489406910702286,-0.5279993518758115,-0.5472097409026366,-0.30088534415582346,-0.5133416801569675,-0.8791752965879598,0.8206364553221879,0.026936595433528332,-0.05293709577557215,-0.9875740959783863,0.2864261066695666,-0.3132358167895348,-0.6854837642570493,-0.7228966754917139,0.2621096945545598,-0.7581248379330934,-0.20242811777314063,0.8036300719490472,0.6163320672054029,0.7548263376338609,0.5740005115479636,-0.8899546719029237,0.9223569967732761,-0.7401700792004258,-0.8821435813990806,-0.7782539452660884,-0.04232164404456351,-0.7751506791056184,-0.28868437923478774
0.2704953774241732,-0.934094000756843,0.07124826832972553,0.7503954142411964,-0.009899398204854526,0.564999036895405,0.026114224403862796,-0.4242745617313821,-0.6268279825272671,-0.6361388408517437,-0.8839605891910114,0.6329781770029483,-0.6595149980850101,-0.17457919095825059,-0.9294307007480986,-0.7607464411573657,-0.09773608583726068,0.9781808713429463,-0.6139780041880283,0.40775163206509824,-0.09160179371417021,0.5887092063478128,0.6047961777684465,-0.7389617149663246,0.22883527008766014,-0.049012908008144285,-0.04692833731457968,-0.3529652156035128,0.3828339230045936,-0.9570255204556692,0.035520035626035895,0.10030769453475963,0.7436144049171773,-0.8575441355809306,-0.3861520927439803,0.6081896175432417,-0.5679894529964262,-0.8459323003186356,-0.06676931665980157,0.3361477055311717,0.6254545683473547,-0.5724906296251875,0.3538408267175739,0.016596400876370376,-0.341229678095627,-0.6561411789408733,-0.44605208228629967,0.590839318953793,-0.7243462172255772,-0.5633883392240457,0.01325287332714531,-0.46627278826724217,0.932712376011487,0.26477717518780475,0.02858932107648582,0.41252835248050346,-0.7916981816502422,0.4849586195151141,-0.9800127230007292,-0.3180690385564089,0.7255434709149029,-0.2732707819139226,0.1047952687032696,0.008592763388188596
-0.3552734872511869,-0.07607227430205121,-0.21706038438624065,0.6366258785586034,-0.7195856838664512,-0.021220120435047507,-0.8243966823160471,-0.4335517903312136,-0.2269969356293382,-0.7978073763046754,-0.13973830391641906,0.8343514045515399,0.6026036785476703,-0.7382426901530479,-0.5659388268005796,-0.5335348870157943,0.15168531386242212,0.8174600866490085,-0.21014808475277635,-0.6202372250020256,-0.7404019228052119,0.5866664233596446,0.7598726491444536,-0.20861072212246912,0.6575037802797967,-0.25236508766253096,0.09448062209887298,-0.04848423533867541,0.6835673230924024,-0.575740060101918,0.21639738905143968,0.9451576489941365,-0.6000916619722423,0.5366252365409541,0.052040379843985685,-0.9605020089895817,-0.2506812738903301,0.38983410727317747,-0.5163321189176755,0.15798287373511832,-0.7142575322154303,0.1366890100137994,0.7785583790968633,0.8064882440307743,-0.2630358769693826,-0.43773584771632534,0.26090429405278304,0.0020399514355926573,-0.2648250089533428,-0.4344450089514318,-0.4820759113897253,-0.5072366555520651,0.6329435285724643,-0.7457830021145004,0.6419191464430904,-0.5885227449037316,0.5652643357084168,0.04196360421674972,-0.9194417539192328,0.8147648399611582,-0.15280186262864093,-0.1741258603704996,-0.6114030515263413,0.8940975509311728
0.5606810975135035,-0.054513100584896224,-0.014587539398881244,-0.8312875012091012,0.4397044271217547,-0.2606147400895835,0.5739488008142377,0.28298292757120946,-0.9605755426155658,-0.4717183645193066,0.8448642004823392,-0.5396811721568036,0.5158532383850809,0.7189368486756011,0.2859931773224451,-0.03317417990339,-0.4338180660583508,-0.5376003249895189,-0.07846985466623346,0.2744261320938457,-0.674733053739009,0.7622110801642421,-0.5611133267287003,0.7395447120598446,0.8733510458003444,0.7368313242512796,0.31270530394398444,-0.8113704583741437,0.3583990808331641,-0.8389342802220727,-0.8595736593670864,0.47826313025480527,0.7990561292032459,-0.09508197288561138,0.9125014448024908,-0.08177169499361625,0.5164605526537909,-0.11980960344405212,-0.9772303873363797,-0.33942466743958266,0.17530411633295073,0.8135182159537309,0.9465286569817453,0.9105511358851626,0.366037373181078,0.310315582177765,-0.4877136082248261,-0.2072885714107442,-0.49949921510881534,0.40707470698394155,0.07234558103518274,-0.9754955675043107,0.6367259844586453,0.8136701317572546,0.01710433182256832,0.3633795559654578,-0.19402935064767313,0.7960384813732844,-0.5986014989524095,0.6936456769697328,-0.3730416522248088,0.9854634435613359,-0.09368258138424723,-0.5899835844998604
0.5674774081742016,0.20405314031908728,0.5896223074804905,-0.5874253559216025,0.5896938253937114,0.7252363418499619,-0.35335159694999996,-0.16278779862258896,0.37694833655303084,0.1453437129530193,0.7043069450166282,-0.5505739295513334,0.8609430990181715,-0.4559516857815846,-0.6150711698462454,-0.7599671126800784,-0.9993941747437545,-0.14631135110336113,0.1673776215100391,-0.2722279196543116,0.3476421294344145,0.2570528054252452,0.4271134512759782,-0.3578430845439695,-0.4061964392381072,0.8420514324491983,-0.45112496780838907,0.2755471451841254,0.40655294499225825,-0.947162606929824,-0.7059084518196128,0.12113383929391053,-0.7737495926812072,-0.4209219501496435,-0.06661033467688093,-0.23147340819650974,0.7719112308123453,0.18649889926164853,0.11848798520763548,-0.2131215781602347,-0.5657624171437952,-0.1874612904592441,0.17033624499330657,0.06874325363281897,-0.9392603290180712,-0.2546971936659328,-0.7091027351903534,0.49042466601018364,-0.42153218937298575,-0.31510604652177565,0.7363319493888987,-0.7884953642534183,0.41420664295052223,0.7310788181540333,-0.3937386880373721,0.4109139321873865,-0.9169968212345512,-0.9599512878492145,-0.3645981107916003,-0.07877915252679446,-0.6436867875498118,0.4569795277018165,0.8992018157457755,0.9566337099536555
0.14013550791003015,-0.1980086201273541,-0.42266481508411213,0.07840262144798649,0.6673951706846752,0.8604459636108048,-0.394469173476635,-0.7974942683895032,-0.4662660513804031,0.9404942042145141,0.5891109845882356,0.548099004381295,0.4763021103526288,0.18431883828865336,-0.36915231881117494,-0.2939818759420483,-0.2620602565257262,0.40594232980169065,0.7059356485815307,-0.4511890394271578,0.041786170063769834,-0.3963684312601039,-0.13700086865638972,0.39717041464916947,-0.32261921704138263,-0.35188603026178855,-0.523288284534339,-0.7677440881120503,-0.02095300379305276,0.36711189504237507,-0.9208698813184946,0.6904084976999354,0.6173059249405033,0.37674086343196156,0.8129715320453621,0.0014851345235431523,-0.99529618472517,0.8245175372042424,-0.5975040790623949,0.7261476551032346,0.7048494408657446,0.03081887817779405,0.7192576646504703,-0.3860815778366211,-0.8277515468560046,0.6398502895817657,0.33238625076081263,-0.19655836767359158,0.4456429771021857,-0.9193552602205064,0.881562680555152,0.5481267327075288,0.5460805127358248,0.626108795391626,0.5533011226950713,0.46428474414990584,0.8892802344256487,-0.08404250694798221,0.9352703118681622,-0.7327592026948182,-0.9201421670272103,0.2790146412093806,0.5552761943830657,-0.6233922956902267
-0.025445532847320873,-0.8771070676986894,-0.19977677669553473,0.6574597573919658,-0.22991598663394863,-0.8634097148798117,-0.9880324675808598,0.6790923895539482,0.13757784610053636,0.4297375413477671,-0.5687681619357108,0.3680210656715037,0.9177617349659395,0.20457628394788951,0.773103349316028,-0.2472073092737006,-0.28205677636626714,0.12098874120824576,-0.48625403394529365,-0.32712281599977655,0.639072542406764,-0.4202921963695281,0.344848300663126,-0.4667155774800218,0.34592952826246814,-0.4936703995289595,0.2505567929271615,0.9340053091917948,-0.35103999773192585,0.17897021226414922,0.04484398508336129,-0.14952285216663297,-0.48876937031124745,0.8857053573811877,-0.5852411939958029,-0.23502837494373718,-0.3397591085203766,-0.7516053412940957,-0.8383362180107308,0.1842897482003958,0.41827025482440217,-0.33845423883180326,-0.723656120575769,0.16584083429620367,-0.24659905190061515,0.11048237200677091,-0.3131325877006941,-0.4724766365779176,-0.917176477078945,-0.16153220670816215,0.47432625198654255,-0.6071537318204383,0.4143488847922874,-0.0007858498405317604,-0.12338067820977483,-0.9877563096598361,-0.28416070486431333,-0.8901638415178195,-0.4801437569018361,-0.9847007317308945,-0.9875133388090254,-0.6745674170527778,0.23513783644621378,-0.6172376605688705
0.19220304570540048,-0.08887326617204394,-0.3081126837164483,0.5754849952536023,0.31567450941478414,0.5474518437213609,-0.9445083944723829,-0.9439352799025116,0.019897584696786152,-0.5693132193574024,-0.9330954287392843,-0.3671309680600723,0.10496391869756216,-0.6087203711795237,-0.37351101470969006,-0.010048187131451503,-0.15698719462358302,0.8098253436836842,0.1923550285474085,-0.4628304393566407,0.27115519600923466,-0.7732427078126862,0.0749503701420029,-0.5618520221968908,-0.8166549284346962,-0.22465111659411852,0.4596014971411535,0.4109462192662763,0.8950048154530761,-0.5456345888083469,-0.1822133956545231,-0.6695308550706611,-0.10377657904684212,-0.4622923683619502,0.5488786366547553,-0.6178950190543377,-0.05422617992256784,-0.2909375156757896,-0.3379643644743997,0.4380428037023125,0.19840891018136064,0.7485633414946047,-0.5018744903320067,-0.5645059894476543,-0.8106415110316649,0.27172423336311935,0.25403373130901397,0.5363372504436392,0.4469884707824936,-0.07348002812157617,0.1668152917277319,-0.11760507477266025,-0.892380575490419,-0.3118194364258917,0.1897510579375543,0.24131538674504416,-0.8485954941562828,0.31544259236938643,-0.2516531960273707,-0.8739060129722269,-0.524566581576795,-0.5352342764847733,0.21021593265381178,-0.2876577655682293
-0.5128840353685649,-0.42146520101428564,0.6593820141922451,-0.8927262654997141,0.9156741779157886,0.6060806369519178,0.4688348506855917,0.24305054691824957,0.13139980041409682,0.9148918659014305,0.3881427994235931,-0.21015028730190455,0.8573770419454396,-0.38239731035553093,0.9115667611416722,-0.049441399654613916,-0.7767353182849472,0.5852584962175074,0.8858140252072595,0.8898131920158727,0.8539893185963183,-0.39915401525803906,0.7950433925915186,-0.4914566577750987,-0.992838600448084,0.687277376355941,0.14063593486690262,0.250655388192224,0.2718316849346978,0.08647970043418529,0.8520972353711136,-0.1022739498115437,-0.3944248161600994,0.3499418991952059,0.2148006422914952,-0.08964352169701995,-0.08088647417327754,-0.5720162735100816,0.44780005525935107,-0.23178352606738195,0.08211079687914657,-0.39049474828012465,-0.4022857964329376,-0.47782125750297966,-0.3106691321803645,-0.6689688765959105,-0.7486093103005307,-0.06756615249918596,0.6373919855399715,0.6078377822607406,0.07369915472523125,-0.8390220222944047,-0.024292996728513705,-0.9237229943187453,0.8177406133058895,0.7967190418320238,0.7929096487360505,-0.837466517633382,-0.5624813072370893,-0.9978620802808056,0.508549560895152,-0.7588629374694047,-0.1135592560359151,0.783457827823347
0.5409699673278294,0.12051224563289709,0.1300062631656549,-0.26680351825024307,-0.6383213477747176,0.3241847693190212,0.5364536754514289,0.8028018304314921,0.2730000638405803,0.7738789873745822,-0.14104312951503273,-0.6911797295820623,0.09489267150294611,-0.5933691552618934,0.890068142046283,-0.05111823805777527,-0.3159971891378799,0.24779931671932598,-0.17783091637690318,-0.13101741022905267,0.032074339201217716,-0.9407947478376832,-0.917265158775219,0.3789926916659474,-0.5798576606463812,-0.26410670356282195,-0.4818118342452027,-0.4269831447712391,0.6470758070283069,0.45401685551826465,0.631008230516382,0.12435574647862402,0.5918640079180597,-0.8895283455048668,0.47092770621308166,0.16888256755737574,-0.4595168430535901,0.12308102231151419,0.8425921547640907,-0.6004506770937297,-0.7949742946042095,0.2604463714054228,-0.5349487337119341,-0.6340291941645357,-0.04769286569257347,-0.08157576425638302,-0.9573671726407376,0.9923016126362632,-0.8540131263556578,-0.07645001181946487,0.4292648118708722,0.2507943203112075,-0.8521952077917561,0.803680558818052,-0.5702747140066966,-0.08163617987932237,0.23923622491764074,0.49478921743349824,-0.6701955899608563,0.9061992740468343,0.7991161133164375,0.39881537061634065,0.6945807978353911,-0.6143522726115531
-0.31051306646717936,-0.03191974071828185,0.411683220071138,0.6668906977235387,0.5168147517016055,0.057934757108033974,0.3591036963684151,0.5191386586030824,0.7191257385214564,-0.8138750552934813,0.739497549986238,0.7480427311153579,0.2984725085786566,0.8988758841228024,-0.6617776364133632,0.49109690306348663,0.6984163934071312,-0.0668460698932738,-0.5751858404216927,-0.75366942747554,-0.20754511354009098,0.8296620612143204,-0.07977340612148742,0.8670905215282156,-0.1367792208184131,0.2351293492416191,0.1248096159058869,0.7737484020785563,0.8632957922752837,-0.17317872915598476,-0.9122813037291759,0.3932512760551563,0.1140292356407615,-0.2728689305444736,-0.7932089923000127,0.6747739069242771,-0.5520173125405472,-0.3892298453968923,-0.1343084158614447,-0.3606177851147123,0.9084535872543791,-0.8466308642135039,0.7836522198767473,0.6148622651275277,0.8925026008973107,0.7511538891937715,-0.6411118497779038,0.9876229178027096,0.688399698184879,-0.4679367486453889,0.5447528498455474,-0.3919009654949006,0.2085631416123337,0.2796873989080886,0.26829166051318687,-0.5597601514386128,0.8335506151524872,0.3060679439431615,-0.8746443028226594,-0.17822163309173855,-0.8781221147636191,0.8030740831326693,0.4373934019480137,0.8271673750886892
-0.2968522446537829,-0.9637536672860172,0.10589135290668006,-0.6597339069136188,0.42344135327711596,0.2748186643408259,0.5497606996760045,0.34886022435944275,0.9656914814662165,0.048962002627551904,-0.6274127756378816,0.4704060453766572,-0.7070301789568132,0.0844943012613355,-0.5724127623742523,0.4596453615790208,0.8041809692926087,-0.062263265342984514,-0.6721926523628929,-0.16001527759936018,0.26161871406350556,-0.2903480765710542,0.6751274057991907,0.9798641580820338,0.3093062018535109,-0.4821066054369145,-0.6737213160504956,-0.16840896537364825,-0.13292789045423126,-0.9817249394724552,0.3202855871710619,-0.2702103850972042,-0.696332272758087,-0.05434030751465668,0.6222146709387721,0.4367758681676348,0.18777903702765064,0.24318448560031758,-0.8765232070629165,0.2965897093460661,0.4610160342341041,0.2849775996063644,0.1719351951062873,0.26519228613507395,0.25369044397059826,0.031390603255894156,0.028209618583875606,0.6426709539983835,0.2507614961755662,0.1357726030236066,0.48926216906524567,0.31268783136546063,0.4111911836322035,0.11020766441707797,-0.2993553432249425,-0.39290682341906,0.060554929562619264,0.24651238972306988,-0.9723600345886885,0.22446558855713383,-0.7487766793426656,0.7683510273695149,0.22725656455974175,-0.6283851649106087
1.0222413918963427,0.29089758315281067,0.8137334613646168,-0.6110948086026422,-0.9354436973449762,0.3025727636237634,-0.8291158953782558,0.03849584833469977,0.26311197771135575,0.6207396892450534,0.5741287820787981,-0.14409941962278228,-0.09924770684515538,-0.2572960461734277,-0.9527239707393322,0.5067780578478531,-0.41607187070212115,0.8589214786407655,0.7087562062397186,-0.23274360275350112,0.7351147011420918,0.20596534778135234,-0.15286645973676105,0.08361901684033768,0.8784504447665331,0.4350544809626953,0.954641779041355,0.49452878046676685,0.9667599571737631,0.31544332629644534,-0.005488393643511946,-0.0055218115788868705,-0.7513282948281526,0.5329901896513842,0.9373851402803757,0.339810458468504,0.8999329100599605,-0.5057251659764965,0.760264988544546,0.8412168619685663,0.1059695656648203,-0.8730214330129447,-0.18768774333768756,-0.2968986434144414,0.9130464823899724,0.35188397858720477,0.08146545081417367,-0.39376925121852824,-0.16231381454637894,0.7198008056211644,-0.13227414517067793,-0.878543662697723,0.6664272849614372,0.5025055335975532,0.15311650461672732,-0.9266451088719401,0.5417504270009597,-0.027984753228064374,-0.5338897625129035,-0.0393467795532747,-0.07280454254718882,0.24969650448509184,0.5055945979553698,0.25676019839952535
-0.19077415669934417,0.14688319646306658,-0.6134861619421763,0.144813692782904,0.43824354609292704,-0.6537497233412097,0.5229627095766904,-0.3176078738525674,0.4856826435912365,0.3758772256190568,0.751193188791123,0.9020295202307245,-0.19473848727991827,0.3990688637561395,-0.7373110724824146,0.4715056385401937,-0.8574401523623274,0.07217866085352487,-0.9840859639201212,-0.9232968062812936,-0.7135552450712386,-0.07636817343366742,0.9687568633484047,0.9420159124949801,-0.8540219779158746,-0.20526774267501757,0.8705340990690444,-0.07253397114004922,0.195446483831744,-0.3409358077597475,-0.19788630933839668,-0.9381781810933094,0.8555373624006934,0.38751183440885106,-0.17835750101138625,0.33949544655364394,-0.9292045533753437,0.07421740683850264,-0.5443254146523824,0.9553732981633141,0.5919043837354137,0.6507632637143519,0.09093496256690736,-0.3017001880421666,-0.3959120756361858,-0.15880706105752673,0.28473986769542226,0.8818380516995821,-0.5519387536478964,-0.41786960055352695,-0.18515912402698054,-0.07253741624117827,0.8766429222562684,-0.9133236193518499,-0.35854025278445945,-0.05065581330789937,0.13982198235148569,-0.1799289191545037,0.41573224197529,-0.8637437399303876,-0.8810939813016461,-0.965820789854581,-0.3544200390776644,0.719910010931198
-0.9500114344512349,0.43284057231686357,0.519789833972012,-0.6446800319485875,-0.2713178803302585,0.0380223026266322,0.5018740965813211,0.03522209536829557,0.6140367423188751,-0.6105949819790797,-0.34046081380251536,-0.5970086534516656,0.5975336551417465,-0.7886358002702538,-0.7419689040971564,-0.6036522442958183,0.8719196432803986,0.4827334614747447,0.9111286665235356,0.5564700087406127,-0.7663228746879265,-0.2642899381985384,0.04179487836494311,0.5812965099476155,0.616609734887972,0.016243714698293,-0.923898576492509,0.5100788885942185,0.3426723560956251,0.6264547702552252,0.3780643594462443,0.32598244082153593,0.44904615042194496,-0.134486300896969,-0.2603424440430102,0.6532887277954564,0.006891930406930813,0.0926217258253581,-0.40558143160496574,-0.8606230309008702,-0.25502260068050253,-0.9443965551152866,0.23629892572158484,0.24342116445583506,0.8350670078196398,-0.7967301533850659,0.7347335545266216,0.6543115565264657,-0.6385252709945439,-0.9196036038540341,-0.2282985594854101,-0.41335043540307637,0.468897427973628,-0.4451426072343294,-0.6275714413834166,-0.9711592126947739,-0.4739265732937614,-0.28152968744443774,-0.3525432875645482,0.2510608477728957,-0.049942690031623105,0.9397248590967222,-0.4920434466366359,-0.13193992077254824
0.32331035970862976,-0.5698427789061804,-0.2495650875364721,-0.7803705408829102,-0.8743255496957087,0.18829584433989743,0.9611004999688972,0.747472093981131,0.5253436225640318,0.2806484444646691,-0.10284740925424107,0.38999493071221125,-0.25421460430098186,-0.2589742483683253,0.975032023964101,0.8391441299660167,-0.042917717405702493,-0.8554459735551729,-0.8734297652580443,-0.48717196190047285,-0.8596279304762866,-0.35714296010061264,-0.5928624350765184,0.23890253630626423,-0.970432788132289,-0.7925309406606935,0.14393303999252405,0.9148001810838433,0.43724231148030235,0.053289949184680774,-0.5184160740047028,0.48460639201939637,-0.5172177502373545,0.5291411179130985,-0.7292473333085219,0.6014642642840995,0.38887613019104594,-0.3998009502912514,0.5585394692716075,-0.6322851820256459,-0.4252606811390096,0.09630662253174815,0.9246622691740367,-0.1952999068286212,-0.5654614354153085,0.558839306206343,0.14978522314807607,0.7944274325661322,0.15973106842243845,-0.6918704393399564,0.6296987685841775,-0.2152410414862047,0.604287800371291,-0.626780225045598,0.8741908187490566,-0.2933491720989556,0.22778006334205703,-0.26590787314214404,-0.4934418433420362,-0.5617381658547653,-0.07102852476949395,-0.52882864516404,0.5887239083237266,-0.8456309579900607
-0.35409708335997236,-0.9607976387279629,0.04251207160653525,0.6452387625256959,0.881740901531725,-0.643959355150785,-0.38093594979734924,0.6367525996596335,-0.756380785293457,0.43920907157205913,0.20955508525646138,-0.05675983288805053,0.1998712794929658,-0.6985650540744164,-0.43778460892564186,-0.745421182073938,0.2872993679816489,0.6157947938469674,-0.8268269763941092,0.6540236029994999,-0.41364914495580263,-0.8172697416452037,0.9196929006000472,-0.5485240994702185,-0.7465128158324417,0.7275034244936003,0.6983579641935116,0.20890245978525512,-0.16655156288421416,0.22703597683072546,0.9785976522766102,-0.8114702670750273,0.9404965693953071,-0.89815280355798,-0.13108090460845356,-0.9542164541218816,0.11177113706961017,-0.7272684114937815,0.9853790731220038,0.589902981148595,0.1893001068369351,0.6287017353815325,-0.9822414072662979,-0.5258295170431726,-0.23377530008136538,-0.11132590141134302,0.4193555538165552,0.7331107153562473,0.5020929182332292,-0.9491667475642156,0.485079799565431,-0.15359652418041958,-0.9426911326070451,-0.85223757940318,0.8936464515387439,-0.6419477426757239,-0.24597376815471628,0.6479934379634842,-0.30675869147438894,0.725526373168337,-0.5708616464447285,0.7385134798707369,0.3802379865271559,0.22252348808336664
-0.5786452804651447,-0.6746312643383616,-0.8704426997412342,-0.644145183012848,0.2802423081145562,0.2217260176315483,-0.5448106585284003,0.1039518894683309,-0.6442442334643959,-0.8885618385503895,0.4297105319391832,0.09623483079995365,0.9150026165379257,0.24811758480290536,-0.5198257357453366,0.280852444101102,-0.5717814276548572,0.9019136191276325,0.5183428393608625,0.32436984595460183,0.7066050732851901,-0.03386586708493855,-0.2431278164215358,0.31482740358520633,0.1332532445744521,0.8752306726447667,-0.8495379749191219,0.0032826337687574814,-0.008698082968614296,-0.4342527719637974,0.08505162909487307,-0.6895546494119602,-0.2656542363008232,0.42719838730658055,-0.13418891515814346,-0.5528378334942183,0.6278158432821681,0.27691475938888965,0.11421653985681557,0.31640679072151157,0.23416738025981765,0.01445076826887659,0.24499685011763672,-0.4717415782721399,-0.39752114205484257,-0.8481509430382497,0.38441807795852667,-0.7210125011623139,-0.2165868787288987,-0.9859025360713716,0.9818701634097264,-0.8490136931244472,0.9639021158967884,0.40198889275613836,0.8980891935918216,0.4523278687994421,0.26197119648874323,0.9116114577052559,0.8582173520873937,0.2562698879803649,0.6255478564469763,0.33498535372385163,0.16570244964742842,-0.7676420002980586
0.06152738722242623,-0.675321980497626,-0.7346118045506287,0.5051491528522045,0.11466750506515377,-0.656632822764208,-0.2712110300982309,-0.1031465660637545,0.3162143300483935,-0.5247742798750865,0.3059687494322749,-0.6772489398800805,0.5407749224668048,-0.8207738213597975,0.7962048829438217,-0.8740501957364615,-0.20204856255230386,0.36340521184392505,-0.4105320867059903,0.17357787530011426,-0.03341769073249523,0.521118931200679,-0.6415813077567412,-0.9750118415215532,-0.4638438201002719,0.6509065698010428,0.3071984457937733,0.5233238417387232,-0.5736081953792942,0.10797334845078033,-0.4691259666816783,-0.8030967701228922,0.4641441551318679,0.08667444795019352,0.8276385293186226,0.6994629662342025,-0.48279820040606025,-0.023406653147061363,0.9700252563176743,-0.1847302423257593,-0.8037933822810872,-0.9367355049952824,0.34971555469557725,0.029028568382791775,0.8620016658228682,-0.6848043362516978,-0.7789181943072703,0.6313440483422268,-0.9928351328182059,0.856730365650956,0.8843953924401227,-0.748604234129864,-0.5841814984463196,0.8030938107927912,-0.9218788663941375,0.8220134401106989,-0.8556860243566795,-0.537557738301327,-0.7142292358762099,-0.7134696778049987,0.3829540177107682,-0.8805343717974863,-0.49567015039066864,-0.24446269156628708
-0.24595074696542496,-0.12292667093900111,0.9384913452467081,-0.7130253771029362,0.3292446959849513,-0.9546735773272201,0.6192083275852964,-0.7121170663977132,0.3298055409867158,0.580217142961666,0.00891439918794057,-0.28633036574751447,0.473035592578837,0.3724009681927203,-0.6771449034272232,-0.9659200717177172,-0.48008379584431005,-0.971050497053632,-0.8413519021448228,0.5118000728285055,-0.23470888884762275,0.42592544066645566,0.34655869760717306,-0.5381939311379582,0.7177308325059395,-0.21161025148087287,0.13534996319675652,0.34040478056209644,0.7770690498585044,-0.773023505597715,0.40260345146867516,-0.34624691350364345,-0.8040106384580996,0.26150662760014476,-0.6754224554860464,0.7128614616859086,0.8294506946407367,0.9117621051600342,0.03820215357041845,-0.6241357003464232,-0.7250086605453687,0.09699550950453961,0.9922965912595207,-0.5935935734391715,0.7564094011787243,-0.16642486932504386,-0.5629831731347159,-0.11701636507970492,0.5317475955632482,-0.44730213868075475,-0.06866511693048505,0.6758197819663074,-0.029573482740199664,-0.6072457601640153,0.5924381066167974,0.861744915864814,0.8700219263266884,0.42173043073420646,0.4874840518274235,0.21636770816024065,0.22785523794571927,-0.8349504088505768,0.061113073830659115,0.32530805811285624
-0.031941202811409664,-0.13758670274548512,0.10834178103282865,0.9258091217748332,-0.49305385042867655,-0.13834315211309622,-0.4320204359721824,0.3290729941609849,0.10020059278321303,0.27814601001158645,0.9969328632994541,-0.5968468086601406,-0.6511438577282587,-0.28289740679596664,0.7505546041112063,0.15331108148843064,-0.768672205728127,-0.22257971961099154,0.38916181134196703,-0.2798303950330159,-0.18462022308012283,0.7472129201324262,-0.6566107872727409,-0.8268287097062066,-0.2707362385223997,0.07562755581281033,-0.17498436982636223,-0.2326125612282095,-0.9527622712060286,0.5940251680281039,0.347591003865678,0.6856748584796235,-0.4335384939087621,-0.8048306827273728,-0.0020366825491657803,0.1914995166483442,0.7696673056924859,-0.03812466682615501,-0.7884506969200342,-0.7658313689535681,0.1757903995757193,0.0649172055023235,-0.5306966944838536,0.3554887990425084,-0.11507134719531442,0.1638453975530223,-0.8255622235959528,0.9247298089350757,0.39441018401039085,0.2794144007522785,-0.9318952605082143,0.2711696939990593,0.18588690274421227,-0.24265626981244615,0.9329596573001997,-0.2112020574498812,-0.4581499098211499,0.6697810556426438,-0.5693222460137322,0.4196131917750794,-0.4290533439084032,0.10277982500652949,0.4980527613004113,0.6623326730503512
-0.38480337983221147,0.3220326361001127,-0.626615762169288,-0.5535313020357917,-0.040102064514008884,-0.08779553034941623,-0.5008081701710387,-0.09449175794564768,-0.04681242626830495,0.7848400022703936,0.08266389405904584,0.703556877069464,0.23280515624350073,0.7214494343034483,0.18234746379522004,0.42151756043833033,-0.14448414483278293,-0.3497536842849833,-0.8234984945087689,0.589818999624623,-0.9929316142927127,-0.9923319104927624,-0.8218170263066011,-0.5324640752467944,-0.6645222859929747,0.34804442794128065,-0.04233686291212413,0.333204747758044,-0.7559759391027367,-0.3293265518532249,-0.6846633719148165,0.07714436018577975,-0.5300880424526937,-0.7552101262530777,-0.36250542192659774,0.8210242606614848,0.9701650053037771,0.07938945732475222,0.803969187479479,0.859502880348934,-0.9229885404763165,-0.7308415585289514,0.1711416350034216,0.444577883618684,0.011704490885370733,-0.5482047225476614,0.4472600139994083,0.3666646350835219,-0.9762174905588479,0.5787797194642059,-0.7359500627183606,-0.38014687011287807,-0.8051490912875177,-0.03391249559239751,-0.9279739651809649,0.4795349675749869,0.9844902999241532,-0.21039046762535674,0.2705609240952882,0.34112095193150105,0.09293398761613747,-0.5408580920813362,0.42724949802978296,-0.2357992723296476
0.16532667112027832,-0.6091022598741052,0.2629351955311712,-0.0514003982940372,0.9409298045956176,-0.16868974029754225,-0.3420580245812379,-0.3629179181461555,-0.6913988299552096,-0.4950401824662609,0.01625917510102326,-0.673755099127477,0.32342950263337,0.054083262802947285,-0.3319463743347111,0.5021067375469117,0.8160704973951389,0.9530367961367596,-0.2757298085217288,-0.15204880462067027,-0.6655153355947148,0.3809921178226594,0.6756564105922407,0.7131410857289568,0.36595827928816416,0.9315664824305456,0.016651397334570106,0.25510277595831865,0.23255308764942906,-0.6774527974263729,-0.5392348695069467,0.8808056477560091,-0.4915933073106804,-0.0820739014835179,-0.4709240182166541,0.42931651144000593,-0.2917966054905028,0.0919546656565915,-0.5804467818894401,0.8015639354745199,-0.2646200530020204,0.6858222666543627,-0.5966341229126242,-0.16787124278369991,0.5795172025494735,0.4101791420788221,0.13246225952223045,0.3180630882505928,-0.02795915407805527,0.632464373514279,-0.57061069474254,0.7841688106066784,0.007043228760116316,-0.9461282829537239,-0.7673741385664055,0.5729244959614652,-0.006763223912706451,0.7122596648288424,0.37972035256645276,-0.48375354383886027,0.9293887792699167,-0.00991195494623609,-0.7297943622718364,-0.03304036198802307
0.2850320733663738,0.08967012944732344,-0.03883480488832669,0.0591298775761957,0.23323713048281403,-0.26190120221082136,0.057486123945571066,0.6008136868106453,0.08560077952842637,-0.9149986486396147,0.6103283651715434,-0.45852781491106587,-0.3925096673853372,-0.45373931165826464,-0.5826328908502314,-0.27865156211171094,0.34766522405892464,-0.8433758497276536,0.35727678742595104,0.1262680595246335,0.6822089519485262,0.4595168245511423,0.4404826388759877,-0.31506116065486833,-0.7861531124193313,-0.7775406683524742,-0.6124608717316116,-0.29030207220723825,0.5839519640640136,0.2138185307912961,-0.4975961176290953,-0.02858056347811444,-0.8898698433068144,0.10337787674512922,0.4970614989227513,0.7100285071953603,0.7709044035876265,-0.13048753241842648,-0.767218557694068,-0.6584116199125649,-0.2010615743799471,0.6306689508162953,0.42112665136258887,0.677957245792695,-0.37047358955485454,-0.22145613968152,0.5194361741786984,0.9104052418697575,-0.9498574238027568,-0.9076856538679638,0.9664134575680521,0.9970021589166667,0.9832171674246173,-0.08968003233557931,-0.08219930605287029,0.688097840928608,-0.1553343292600622,0.07872589909993777,-0.0038639309398786903,0.8118372234425129,0.26849456416880346,-0.9697310685110092,-0.05873151606503968,0.07715982658142218
-0.028863146278701457,0.7922715988067981,0.46261873443829926,0.01341937795466941,0.3967072119989934,-0.19096746538613418,-0.820782246984233,-0.9881510510222469,-0.8365665976146504,0.16230935986703776,-0.7293204728512177,0.5113193870660138,-0.09715673737594899,-0.641497780673371,-0.3130985277550742,0.6597281286894647,0.9995334264448266,0.46875191712993813,0.29518262736504686,0.23765085211148307,-0.22134761922078305,0.7253179315874323,0.6096992980692093,-0.9450601753621013,-0.19542292951855167,0.7040092546896104,-0.14131826152679694,0.43462995179082076,-0.5341740234798986,-0.4047266226324706,0.8883286544708047,-0.0016029239718866606,0.3546062623120947,0.7943852259325372,-0.2688253242000902,0.5265178105595254,-0.08719170648837071,0.8258267887292134,-0.1927587950539933,0.8831641003782478,0.7252738919155066,0.9534235478591742,-0.540015831977168,0.10015834826259118,0.3957243131378716,-0.3720346548257478,0.5689343274281231,-0.585725479351104,0.7172704253832618,0.4931618601197534,0.2141991785544941,0.6461145395084185,-0.17854080717254317,0.581296247362141,0.5896531599695694,-0.2203035976577905,-0.5019678567138848,-0.9756918274247326,0.9815929221722652,0.9154484023563647,0.48544561182355905,0.39843565359514965,-0.2352276408572349,-0.1037350254871321
0.736603345064129,-0.5981459934870188,0.38178921082840533,0.43339148550338535,0.6848106824215519,-0.4677436230500791,-0.7675949710131624,0.5093659622877618,0.5291716266713007,-0.5345284363952414,-0.7489388730105324,-0.9254946013541974,-0.6361198422895715,-0.31734226693594136,0.34230124413723617,-0.9450147008725178,0.8199886037466175,0.13334670806929028,-0.13918231873336473,-0.5483456647292599,0.45671776018083765,-0.36388643744738114,-0.6267537825347469,-0.9092689029927219,-0.45931615335695186,0.6511470837865754,-0.23512078259211022,0.6161874169651693,0.49521681136767115,-0.43636724907271507,-0.8710125829642383,0.9915093075234116,-0.91648831587548,0.009411013057346596,0.5205647875962325,-0.9729933662507719,0.5675183752989676,0.9580746731749754,-0.6212280746502845,-0.9419033741160976,-0.07038390481788892,-0.644421009780304,-0.5064908492582767,0.5693728415994221,0.15917032993993296,-0.9374171783153455,-0.3459891304175662,-0.9396207659296312,0.44553471041048587,0.10666700248596839,0.04041390484255536,-0.43243638292320163,-0.16856837559468207,0.6599665407283428,-0.1304698289218027,0.7361741939810533,-0.8815780564189277,-0.6878752901438472,0.35737567351875676,0.47627944920759013,-0.9016440250174265,-0.6859697340516531,-0.5572348632574518,-0.7953419517504197
-0.8580239261426204,-0.21635948710489172,0.9153169840348965,0.8687305233026895,0.948588168691521,-0.14108993970730555,0.6131480437340573,0.8840353904171372,-0.12853524761600776,0.5889866971779247,0.15029889390836293,-0.4350409504202617,-0.4630995004575833,-0.4537030646835154,-0.061115922001148126,-0.4228669920216195,0.027773860749115142,-0.9529945493084044,0.09937336207869785,0.30529766458987484,0.27443521670805193,-0.35823508094369894,0.31378314168313737,-0.11811062685947449,0.27076699522503134,0.6678083596822086,-0.12350118099573448,-0.40827763446945164,-0.0641104305164244,-0.47748245637126985,0.6109696606248955,-0.8498871927648026,0.5198503974308732,0.43304160975347195,0.5538025261154487,-0.16381366909123019,-0.4756859485873097,-0.8951716721363991,0.15045160242753353,-0.4545596464251269,0.32902209416998174,0.28492713011109627,-0.4100622015167785,-0.42748060170532987,-0.20415840432035615,0.1776516025418564,-0.34837727784272565,-0.2928736223475319,-0.2828432497393212,0.1390215672535564,-0.37421090741785035,-0.33172426381499465,0.8171236561125883,0.9999996108069211,-0.7829586559051422,0.5413516540811474,0.6486820542690732,-0.32790541535320905,0.38024678355067043,0.7178742931872231,-0.3290464370384516,0.5551412839330996,-0.7860324109095116,0.38370792279257104
-0.7546451323962451,0.07422208483125226,0.6625823192982487,-0.8442633620194091,0.4766369633745742,-0.7442526455920253,-0.789411411132825,-0.6467639293437921,0.5673367176187714,-0.38143088377328493,-0.2551618713283854,-0.5595415977833615,0.1854617717677898,0.3432069717486961,-0.24435191534924794,0.9535275940293995,-0.5046139738314481,0.8211291412973114,0.41390768800330546,-0.14965254486737822,-0.7123934910155083,0.21351862788058806,-0.42435807465597297,-0.9102362399747184,0.19714641961868606,0.4370130601279145,-0.08749170682557095,-0.4882555186208202,-0.20691784786977352,0.640637067726133,-0.9528481711314534,0.3881590194024773,-0.08628215316805599,-0.16867639711470162,-0.15386003048036634,0.1411217291617184,-0.8808743979158986,-0.5494013876564905,0.595423671769872,0.8460489291981304,-0.4953048437562686,0.8315560344503323,0.8272906464013072,0.36104545378971653,0.936270495805106,0.6718966538365563,-0.8721878120630575,-0.22101690019432185,-0.40306494874854404,0.811302780835558,0.03708158435687259,0.47737017918694535,-0.35433272907217006,0.5920588173473733,0.6741084808999951,-0.3924072659657041,0.451633662078754,0.10737804642721627,0.8330707787477323,-0.34588884901151595,0.8130969790141505,0.38188781942168415,0.07192183611120218,-0.059898849394970144
-0.034482987266276854,0.8616412000221427,0.775634773758592,0.950791541883734,0.33843855659744815,-0.427528067776513,0.5459370710947913,0.9128706072949835,-0.4200004506207131,0.6866100067433376,0.26178758105068733,0.4388973851959168,0.8005622911734815,0.2697554346086748,-0.3916541496115651,0.8911145676248218,0.9550415040667899,0.478973875841223,0.1951817571718346,-0.22777054272073172,-0.5273042865304429,-0.0580705896580862,0.4300484807992606,0.8468011695479662,-0.7490655623828741,0.735645006616813,-0.3471810011909604,-0.15486629825947285,0.3407281753210647,0.1522706268723033,-0.5851319814139038,-0.9768434552332488,-0.06165268235572996,-0.8389668371829075,0.7718895121327076,-0.09112080404882472,-0.8204293513415057,-0.5543518986885687,-0.10906821165565361,-0.8747583843937405,-0.6743723593657742,-0.7847478379087973,-0.9558850044240255,-0.5848703954070462,-0.5209768414674736,0.23514592568207449,0.5499524022526898,-0.3624743273407425,0.5599015793387765,0.4905738881383326,0.2944821528102741,0.8568137126665261,-0.9857189329276996,-0.9954667723088884,-0.5042727227005732,-0.6124999704504988,-0.10040881695753257,0.21615360452081367,-0.47444960434698813,-0.16725495919759847,-0.47840500335484415,0.09908222543362433,-0.15649593902371395,-0.17668151003409194
-0.4970766920742504,-0.04585096629496621,0.405322104294902,-0.9770192278692016,-0.8977541521441921,0.26641365364902514,-0.20166201875187828,-0.3635740821851574,0.18306829369477962,-0.559278605420686,0.9296341243216719,-0.7409411936100674,-0.5305254369846666,-0.9242945611905447,0.24351899236661123,0.5704336023896848,0.2299820157963548,0.042320176678291466,0.46269815953111837,0.23054822335023095,-0.8820398986174571,0.6397319182926617,0.9450534995268172,-0.3600256961159236,0.21597349139054733,0.6768516003502258,-0.6915205105616211,-0.8290105290739813,-0.304898246301192,0.21499649410088062,-0.6850186976639998,0.8650370557334934,0.20402484926318643,-0.4577889086993179,0.9233123829212873,0.004209999172585466,-0.10047228885030624,0.062097014651087745,-0.9585521364901131,0.39264381355156175,-0.29381314342080267,0.927353993879638,0.24693104719860548,0.2227043873289274,-0.5340696489084069,0.3111361154692145,0.7490868625100735,0.3344104573764126,-0.7121190103667292,0.8619845637224244,-0.8301811797913456,0.9309233344685583,0.467989353270599,-0.6673659390893174,0.5371420908010869,-0.25909307313363694,0.7287133955997713,0.9114560406502523,-0.6529931622795566,-0.2692167061175317,0.7505302708498705,0.8623016282121767,-0.10794219073992095,0.35803439014672245
-0.2645600406190538,-0.6077508948647183,0.2661668143092988,-0.06132135612704337,-0.3089460762731875,0.36435922549895317,0.09788665441884503,0.44849172081775324,-0.5605083042751762,-0.42732177784083203,-0.9479874705673905,-0.13778882056788366,0.5846306909442718,0.023242490957300355,-0.958104103828977,0.08906352208201307,0.05852089539390781,-0.07656849065378113,-0.8584972579604804,-0.05640563607980509,-0.5349204257229156,0.2201597730360756,-0.8771666044893986,-0.8230846670372278,-0.4500396381741838,-0.642599649300917,0.28870284481329334,0.7964955110874441,0.7047099359726445,-0.5589919454213796,-0.5757002026023712,-0.23731914083921657,0.8223693263764758,0.7266929943227598,-0.31502329172232524,-0.668740471065921,0.1536875146347736,-0.05529380041516463,-0.852602619041835,0.40038999475051984,0.24030066972455488,-0.5614230788664243,-0.48676483244414737,-0.5876714268396093,-0.6580892020736462,0.9534370042017506,-0.1385054821857128,0.3383613735856683,-0.9640464952711838,0.9118078720599438,0.43175778497498674,-0.2349498974727915,0.20730732728061785,0.7390821866837296,-0.8155919677101111,-0.03849467775513782,-0.952244715007073,0.3302902471067308,0.47638071949828853,-0.3946980762777599,0.5085851368229537,-0.182044862400079,-0.2654321416229466,0.01124250347722211
0.4677522967198866,-0.32812993663068535,0.1278722528575984,-0.5117009447969503,0.5513831693035378,0.4272878008250294,0.17994818300625615,0.6766306395321149,-0.7339155711920526,0.86063306773398,0.9550333015455719,-0.302687153499247,0.17332181038220118,-0.5217917563276255,-0.7426933981783137,0.8021765689136142,0.4762402747895522,0.8934174701720952,-0.6688518434140263,0.6804863911986738,0.733482579540266,-0.3116405196318275,0.8990322293509558,0.8967104291925103,-0.05216025348947162,0.15728358372472995,0.1487816351898621,-0.7682506396059852,-0.39418394624887054,0.28412637776989036,-0.9680467217022319,-0.49694925723842975,0.34564928500654846,-0.18036297331287954,0.6167923190418019,0.7182185098259752,-0.21394423618148428,-0.1229969826378523,0.8074196218394531,-0.923622946251238,-0.7872637927805828,0.027213747825735934,-0.16730663654964184,0.406359159787689,-0.5233414910840577,-0.5910496603097852,0.48886113034878376,-0.3161186404898424,0.4999026358548504,0.8641643686232832,0.3752948738679347,-0.964976127247422,0.29521546008130617,0.42786642236660133,0.40292368747064344,-0.020657695737273718,-0.4213685753845786,-0.3679096648888769,0.6869951119705395,-0.4248189880004447,0.4091745597699783,0.5866120890693813,-0.7239040290195335,0.5656974039810576
-0.32104501020869525,-0.4376208386283398,-0.23266049229944286,0.8518647903952192,-0.5225019377770519,0.561025365817019,0.07641879722999434,-0.6998566567177873,0.8403971679234579,0.829804667126314,0.7316548546687616,0.9168636523017377,-0.7541933293519252,0.09442748924160171,-0.12784953070892535,-0.5799267323047503,0.4234770952517428,0.6428807106802976,0.08405993887436702,0.8863933849669623,0.41095638667735,-0.8828806854233295,-0.18459778543869954,0.7889142227727362,-0.9157395911360757,0.3418385663004184,0.8326338771125188,-0.6711301882168041,0.55095269109034,-0.7108679056239395,-0.10856783468177267,-0.8931810056935565,-0.3011059875007035,0.3246258937554809,0.1533616664118551,-0.8028383351680677,0.16058818927733753,-0.16739601675706028,-0.7646055258531927,-0.6862718899524793,-0.06288289876504205,-0.7762280077506336,0.25961357149983,-0.09961263103746232,0.6043693611160741,0.36008831536679065,-0.010489439260298328,-0.9578852705738814,-0.9543398124192908,0.8881899630973773,0.5243027660004218,0.1818282112232401,0.6159101138389504,0.9541398948606696,-0.4810646165563486,0.7117710616752289,-0.6418148933787042,0.5108517762869904,0.40864432783253934,-0.48835825566281277,-0.9219709469104518,-0.2767101724693215,0.15239724645255492,-0.05825442345238363
0.952153030568619,0.8931030012459991,-0.10725924679707788,0.2725476432040388,0.6933166049633599,-0.7897860117856255,0.6849886201862865,0.11008550792479732,0.08138790497642634,-0.6067622495520133,-0.8717490264262129,-0.06046368023912563,-0.24306231345016704,0.2197938667690933,-0.37988525186082134,-0.49071820924431875,0.06965247368499616,0.6171168056509828,-0.20716022632968545,-0.047939240921913706,-0.6647051567955,0.09312630315688741,0.8274760988077361,0.14667430826265448,-0.08487890937583664,0.24261069075271813,-0.14475742226356259,0.7426056680929813,-0.7526338382025157,-0.48310794379009114,0.8791633501340044,0.11473667280732469,0.5538122374254795,-0.3332145774556845,0.07659138420427869,-0.9588118933586061,0.17773235580156443,-0.9807974156165611,-0.8981645246403134,-0.7916425305066306,-0.4620330369459762,0.6507756211905538,0.9614848302826167,0.6614808122773517,0.1323712449899599,-0.577543591846271,0.6865406278133082,0.9359436546211899,-0.6605344535564748,0.45762870101240183,0.6578984874987397,0.5892444410922235,-0.5829282955950783,-0.6294654343468211,0.03259766733864433,-0.2528084703097444,0.5283082336586451,0.07932382796971216,-0.2534070945834075,-0.2032515647032369,-0.7278952731584485,0.7452154337301811,0.42935073646723,-0.4283451240747773
0.9669236684890581,-0.18047750038320265,-0.8695950195029853,-0.4939284469315619,0.023318992906504743,0.43579452027089516,-0.7968244487313982,0.9165894882465377,0.15224927346084294,0.5660414199892492,-0.055169612822906,-0.333531780290788,0.5999469297707802,0.5775117087102799,-0.9275078367184986,-0.28544463071670134,0.9519949116040398,-0.7295781979725744,-0.8313193058132196,-0.31274860376237856,0.938107464991585,0.9341274864569729,0.05946958108090383,0.6763381191416966,-0.7779250696987565,0.8677728246346101,-0.4249735630531548,-0.9310986160459316,0.06025469979625764,0.660241758907824,0.7532390616264755,-0.6490315149650787,0.86258311734086,-0.7839891257860212,0.027849323112790314,0.6908048370256095,-0.6297927620389918,0.9876306171416436,0.9824124684714046,0.6769443404713507,-0.8796198453880875,-0.2771831420201474,-0.2719202608929632,-0.2721247552475139,0.4337033736568259,-0.4435673561644946,-0.3258981642309551,0.004412483973752712,0.03642724063836944,-0.2370286325651898,0.3942441722908989,-0.02772237916012399,0.2843656123343621,-0.9821065992680347,0.34881030573663163,0.7286522443389352,-0.3566665721539286,-0.7845731441604045,-0.9245567977885485,-0.9499586046402788,0.7361358546813228,-0.19829868274933982,0.5901701771092129,-0.9856891525669786
-0.04989944549356884,-0.9774925108969692,-0.9142296115133066,-0.1997087436112266,-0.8551028819659816,0.9152351404071126,-0.6537027392039338,-0.9989309660794252,0.7323003530690106,-0.6122639736397584,0.29098190714549466,-0.35221729015139713,-0.23639827036931305,-0.5600103077459766,-0.7452374249195395,0.5004109420560834,-0.47856966424114544,0.824269906536234,-0.46614713394534,-0.6123142354453974,-0.39189387554675426,-0.6293814982693351,0.543826945912451,0.6509399389256163,-0.8555537115093714,0.2924348957096605,0.6790766734656419,0.9895284996811193,-0.5933222307322554,0.6398345704169659,0.40725796567662753,-0.7981954233278379,0.5071973034876249,-0.6590523586925121,0.06598406146368574,-0.13626066211635046,-0.30092643418970044,-0.9520874974308033,0.09614496489862812,-0.9386821046063858,-0.8929273249937084,0.389584112038597,-0.6085362217614951,-0.9137425184975141,0.24253243522617574,-0.8446432139604219,0.32397725784952147,-0.6412599736541384,-0.6635987817936453,-0.46915299630586205,-0.4386116157419486,-0.9438652006090069,0.2829315351520496,0.2799830878041676,0.4554574648140388,0.9047468984526499,0.05390834898932306,0.032106517815118085,0.7472229609614875,0.5304218663347497,-0.3032866733244346,-1.046016501302036,0.4487209658498197,0.2654227571709089
-0.6826694530064468,-0.9286279133728219,-0.9517729236985015,-0.233176832041194,0.553647507699291,-0.5821464093796502,-0.756235083503833,0.02473955055357857,0.09689833392476066,-0.8335764711404421,-0.09727284431386529,-0.33773992007874987,-0.03183843929821739,0.0928695065734293,-0.6533370215730494,0.5940085746055634,-0.9148584857689077,-0.6302630287952837,0.9260636071321373,0.5252149577615943,0.7103323322482047,0.9417365498894743,0.27530644623111655,-0.6614366367138809,-0.7265761325181705,0.17415362116115807,0.16216887663575497,0.44721048718466205,-0.8508041322835784,0.7639725626638092,-0.9877757061491939,-0.4532433896424677,0.79468355879061,-0.6808922099860881,-0.10887434998198331,0.9879264765667735,-0.5395722086951069,-0.09757145408276457,-0.35798424859032885,0.8251709898163726,0.6086037714583612,-0.9290817878778439,-0.40553011992054966,-0.4676575905969105,0.577150009447249,-0.25368599743606435,-0.008736221903923314,-0.3418203925610006,-0.5880201676042691,-0.4096065249684582,0.5996047596973251,0.659496942749338,0.7399913707961847,0.9684171354215951,-0.941313900202537,0.7447376656135933,0.02090414979867483,0.567951622885271,-0.5763791466815762,0.9142207582435742,-0.46324232881473604,0.7519347429907455,-0.8238149722162869,-0.09836017797277297
0.8053922424368745,0.893418179977685,-0.8986384626496056,0.15669107595093323,0.6208050046913547,-0.6893455450332096,0.10548012608573964,-0.6414846907221479,0.9548827715247992,-0.9081282589635364,0.6606595851557833,0.4026302044499934,0.3280163837258334,0.04939769017430251,0.6427094733874354,-0.04719291607547982,0.31415091587853383,-0.7583002216913477,-0.9112356149117231,-0.9906582342379893,0.41197295823512925,-0.5825838592731405,0.6984674687377077,-0.494910223980481,0.7966019592914211,-0.6074903133441747,0.35112559641234187,-0.12496604711556114,0.6099457606038876,0.6080631064637603,0.22511713778743725,-0.10536153953496163,-0.2327477319075837,-0.1270964946130979,-0.1364887125337002,-0.5618682945092646,-0.4626030274834769,-0.7160676570120332,-0.3651100988499516,-0.8298310290666473,0.5115428266990931,0.7877463555829647,-0.8382074254196881,-0.5872706776485983,-0.39938314666862773,-0.3864932916026458,0.37465447996922707,-0.5068645371036375,0.3471791048748736,-0.6823128068319837,0.19794931375117275,0.03527736993207298,-0.4641874181011123,0.18557500288454065,-0.10261173931363055,0.8191372581928962,-0.28408358225863983,0.5525512826872983,0.7515408512425699,0.6140576633601051,0.13018216944615357,-0.8044767201821683,0.6841592996870518,0.1833593996833187
0.4136679432676764,-0.3077420705408789,-0.7911444618075654,-0.8752246438879139,-0.7924371212710741,0.9791076793152333,0.9605456160575825,0.974308139824517,0.9417504202052327,-0.5708860016113009,-0.15202676476892263,0.003253605113029856,-0.9728060745263842,-0.5909440882416892,0.6133205890437872,-0.28102716150133156,0.6276775895335995,-0.6036863931512433,0.14054600749638757,0.16127416903257052,-0.5503186361723267,0.007946148049127189,-0.31999094664561545,0.5905276756505564,0.46372414495027225,0.8172827876416606,-0.9743042546373946,-0.6408166864525089,0.13978102170005768,0.7042964853527733,-0.7269700584796885,-0.13379586559878875,-0.19300016687105348,-0.03151875921745506,0.0005525581438940996,-0.6545707817285109,-0.1989392812362416,0.9999619334672103,0.04902439225708877,0.9469100837693307,0.2704429201675931,0.9176717095347355,-0.6030458491297612,0.19823670655551173,0.7520146585509577,0.48606029582457433,-0.23914752448177623,-0.8360302952889394,-0.6633999444889487,-0.32393600225570185,0.9386177607748094,0.07258779032970519,0.8833634556532248,-0.8608254851485948,-0.3347127972213504,-0.2609302849998292,-0.31625940771194583,-0.539881456792209,-0.8592123521297128,-0.8716160719407857,-0.14291267478030578,0.12663740812395452,0.6481821070050751,-0.5473772552469636
0.8012895307304113,-0.8672473801760783,0.13677072718210437,0.2897507239899191,-0.1295732839102659,0.09797357087962899,-0.6603651149706522,-0.21680633706854358,0.8068236191233529,0.9098755561912228,-0.649289168464992,-0.12092099790918476,-0.33341248089870934,0.4218859675238016,0.6150279778788761,-0.5042091345816244,0.42963636711308917,0.5329752957034215,-0.9765451053586511,0.6336565651505444,-0.36363755211124205,0.271207629361355,0.6562514028295856,0.8761011798783935,-0.24756060563823978,-0.674376618414315,0.24087240704519663,0.60306193681756,0.10512094841358932,0.816724931687915,0.91989619607014,0.9457266092243974,0.05677315740361366,0.48801640045425576,-0.6984234898409656,-0.6375223056506363,0.3772235360489342,0.4409512070000876,-0.5799144157049803,0.8654935598369238,-0.5975167322072483,0.9128721196115038,-0.8926467788813162,0.9835346941473826,-0.12703659297008052,0.23271681899280372,-0.4378396922574548,-0.17781929945533612,0.6631313724068206,0.6059203477216029,0.13903131978532568,0.24309367054281683,0.11617700209298487,0.9437947929388881,0.6772627335096162,-0.9844119673249505,0.6554119107436658,0.7586685623508902,0.11172387139098938,-0.41872621611671135,-0.01570551030185996,-0.25727786321599977,0.6728111326156787,0.023944784772492733
-0.6936667086699997,-0.08996841962541935,-0.10305633503281442,0.6050013639969747,-0.7850649759349608,0.6021090768226589,-0.4294774552680938,0.4820077407765013,0.8344859038912957,-0.6165444021028197,-0.9212020137012198,-0.9628181205703901,0.35017594295791343,0.17926804432790377,0.9775577363938537,0.9500193333602167,-0.33099672933427793,0.9157679320801178,-0.952699959207411,0.34030218250910416,0.5119119753147359,-0.6053538102869567,-0.6403666803611325,0.7033338339279374,0.8585698160524282,0.7482111639268065,0.589250689578162,0.8750040257079574,-0.8262731029419568,-0.9092790104226758,-0.14196209912646363,0.8182724098964806,0.1105279808568631,0.4781354569486693,-0.18325021703157374,-0.9646129184477952,0.8077755710002725,0.2893701492368965,-0.34822687518498796,0.10595095054054182,0.9560270948556975,-0.3823348287423616,-0.8898343632322023,-0.26417134540775766,-0.04359007135512494,0.912095399673962,0.8638358790355196,-0.03493374742020383,-0.7292450918144311,-0.4533584940744402,0.359781483768024,-0.011329999305052407,0.5412282029221067,0.5698762849617707,-0.43140200077564916,-0.9110503034526303,0.8507833754063678,0.20425063813899635,-0.13461974119709685,0.2668568414653818,0.25542112221692004,-1.0998678985938644,0.8360653315328794,0.9200770964994065
-0.6840476680744356,-0.6872094486671589,0.44320910207007014,0.10648582467890844,-0.07256098970827551,0.6900420757405887,0.7662572016538041,0.7702533339831696,0.5602831077256574,0.2339991110550288,-0.19537424914809076,-0.1308441068216999,-0.23356041754903623,0.778732527188728,-0.5887131960000918,0.16458677324884197,0.08936851244075905,-0.815107810543499,-0.1061136247409955,-0.07809423872315269,0.33109135222589425,-0.07329245033477272,0.5874026979542455,0.49935216635445356,0.20030330627943926,0.6150458564841268,-0.22896842653921357,0.8854187718774462,0.01948286368441221,-0.9891963822004244,-0.918477175729417,0.3927608680903809,0.02707625040444217,-0.9372453583828217,0.28084385201938766,0.03244678694901992,0.46344921680224815,-0.7101057251586069,0.951695269563656,0.6309692626491896,-0.01804804155167017,-0.4712118155076557,-0.9846683447015265,0.2311761779298609,0.7851788141331169,0.33132018413458164,0.22777824667986946,-0.8997231013256879,-0.9682869662496174,0.9140484174975214,0.7391841363479468,-0.7740578691375934,-0.9310755813924807,-0.14066704682810816,-0.1408578228627102,-0.05835612077239105,-0.5650904004604618,-0.09586974357591238,0.19617776853864632,-0.5390106841346762,0.5806142843289497,0.26528517608571844,0.6768519036982463,-0.2696984998793053
-0.9413688176000066,0.3223813613054032,0.865338360054152,0.12047765229182139,0.16662408017709485,0.01085949267075148,0.1251251256821173,0.22525468971812068,0.2670859302525943,0.3750062329897439,0.7374730471152866,-0.19798848692824933,-0.8113819510748657,0.6540433945287072,-0.9862869895276405,0.22452964100043982,0.713942159654058,0.18815446719566298,-0.39358184446233646,0.5606312760188854,-0.9615982161300636,-0.9497868447645248,0.222033647608054,-0.43187885431917983,0.8354862149084392,-0.14416903944566273,0.05654370378571838,0.8264913624018315,0.34313395274499525,0.8153299211019158,-0.3193067552221889,0.2053968733901541,-0.8146270965653759,-0.679212979942001,-0.41405548473927545,0.20760901012590227,-0.09359915039406586,0.010670196775336205,0.14772575213291983,-0.23687805462669798,0.5158454229706302,-0.6992796517991251,-0.18250211980064157,0.22620325739576463,-0.9565766964104205,-0.7888801086948101,0.771825282377661,-0.9755767966447766,-0.6269987475835439,0.4549195436118192,-0.30122762994256513,-0.7971555423494594,-0.7706153775061844,-0.660746606623515,0.46850192033231886,-0.8050888084661143,0.49942758175094837,0.47473849757623654,-0.3482757545321429,-0.5506689835611105,0.17792075293433496,-0.9282050939719029,0.1783443393093711,0.2250635283189173
-0.2040006998078716,-0.2991216044798446,0.5824785749864676,0.5599992156509301,0.34333332573748265,-0.5074091940507792,0.3639920246190138,-0.7275893625417404,0.3152549527368238,0.6087793004008744,-0.17625170669699508,0.20973032338739417,-0.12190245516848086,0.8810065686709165,-0.4771301020697165,0.4757312674300427,0.7379688323040805,0.44244748598954486,0.09798662571144257,-0.5589155285765133,0.833522764439584,0.8166942070614005,-0.96454741200099,0.897899455879607,-0.14877452298646454,0.11251004824807986,-0.9849267264047534,0.8014324893376399,0.9116484219324072,-0.4457734881926627,0.8414020938480791,-0.052457872405019534,-0.6112681965036657,0.22927747271465515,-0.2971518994914448,-0.9432121079047735,0.04000343708438603,0.6869993424772805,0.7954204003123884,-0.015516806986157095,-0.6940500911425558,-0.4366562357111088,0.41714749913036275,0.714885823165432,0.48196303428589937,-0.7959752609236401,0.6730415122817108,0.4590693835372448,0.08919112704343934,0.4119479056517652,0.5213116761719718,-0.8120912495670634,0.6116473891571466,-0.33959296662367966,0.3234512226365678,0.7853545652290117,-0.636953654696742,0.13383642864486167,-0.4761634969946744,-0.6865324392644674,-0.16183325013448768,-0.2574758931840284,-0.2654253042860164,0.27730395878612546
-0.12879847735018846,-0.07177124492395937,0.9258659209739866,0.007085009900144934,0.14071013099348129,0.8120031212248962,-0.22787455215014463,0.8359390664778721,0.9674280341546582,-0.7150125669333176,0.013860982435230706,-0.9205196461674165,0.17623156028434206,0.6075883110092417,-0.8996971616733023,-0.301301489646127,-0.1986523066638286,-0.5478802050198133,-0.9855548805478245,0.5987853140465389,0.12190719065577804,-0.4530314914075333,0.8966958933479019,0.7794596381296806,0.7881092287236822,0.8470625541035202,-0.09839044453858437,-0.4796308270794323,0.47484539036856743,0.6813493903433876,-0.012700060483970876,0.44195407136143494,0.9702689055468692,-0.35150956102827147,0.05841063758247733,-0.11954032256311353,-0.7122264308300752,-0.2628861621641829,0.9758245173766644,-0.10591266435977809,-0.6339651126570174,0.486677574584617,0.7545499130728375,-0.5803060126920274,-0.7790485014944668,-0.9757894061691981,0.49326663492578904,-0.8864904314686706,0.14791742286126341,-0.4652198872039892,-0.8416538932655628,0.09442968150244413,-0.428329302969652,-0.9109685222036508,-0.7910514583420258,-0.8246895876211824,0.8453445275421492,-0.8755617533227755,0.2356310148868881,0.29115216687784407,-0.08615701110459262,0.15072948098341832,-0.6705305004056656,-0.5044630279496332
0.7890429771574485,0.8171675080593908,-0.04147313502965333,-0.45051344477410504,-0.5128827702281902,0.4965260163518985,-0.9636781422798815,0.15151305661881964,0.030595332969826528,0.20176196864703244,0.7064200624394521,-0.781843372878307,0.3749452832765592,0.02792610699351461,0.46653044615501615,0.4260975998972758,0.4452943604871691,0.5824297783495043,0.7858459430791669,-0.3955453203175925,0.598911607009643,-0.2901710054264164,-0.2994232986000551,0.07968315061559372,0.9089819997663886,0.3787529542340977,0.8924691248366392,0.6139964575027494,-0.9799152467926338,0.8844817414928088,-0.42224952131117477,-0.6717469550884458,-0.5202072927407588,-0.5354734822101312,-0.06830281540893535,-0.7480729824369119,-0.8472241225618358,-0.2942262610590234,0.22253378982561633,0.6611163811157901,0.49877463666268396,-0.4829440218358081,-0.47740494895606944,-0.17519155007797127,-0.7531220022370781,0.39766554899224515,0.0016456490776974864,-0.05271405782282046,-0.39532499800727994,-0.4322806551026255,-0.7823994072100195,-0.06495441998675067,0.29044143089058627,-0.343842725609099,0.6043646203804187,0.43515919234349587,-0.17631841646721202,-0.5925436957490886,0.6305043083622344,0.672974637647463,-0.06305156547240665,-0.011046858049962971,0.04254755247680353,0.7594351764882992
0.12197372126810513,-0.374302276990343,0.713583916629613,0.44509104725756954,-0.20115872271843682,0.8219135901528967,-0.24662972358541047,-0.00353967124549337,0.5306091181145918,-0.27233377006807524,-0.4502761542380358,0.6849255633204012,0.5788868267031309,-0.15822920349366987,0.7799203830414965,-0.6912363462381275,0.3988336834893993,-0.11558493225083666,0.8270655404525291,0.35923784925298086,-0.4351349851592623,-0.22574050805643786,-0.5986639744758142,-0.18856890745225918,0.6580307748189678,-0.5972876658137014,0.08350327925451562,-0.43119646613869866,0.16050728720560192,0.41376651454916247,-0.2803857952902158,0.727126167315155,-0.850083179202292,0.03788396852655285,-0.8601656297356424,-0.33126754220683385,0.11083531776514688,0.05949855769699197,-0.13955383809126087,-0.08222324264818859,-0.39167395675097283,0.40906113707558633,0.8770137017378732,-0.567164663477679,-0.25027561440096613,-0.08335084252196134,-0.22127961388164996,-0.7202330555816283,-0.9774454633013385,0.2369652662350814,-0.52330281417089,-0.40007749796937175,0.2851038314463803,-0.5710281558637051,0.3864318450562627,0.11566849301087845,0.32361473122422835,-0.3597552088622826,-0.7137817278786742,-0.7732128781504846,-0.03314635966808721,-0.32059861558819436,0.9801515605353373,0.5069572795094979
-0.6907708850889436,0.4072567668542648,-0.8725026149389832,0.9662519103415359,-0.21557776812546092,0.5442774771595014,-0.36837624863163754,-0.5076613210425254,-0.027399531282764178,0.5517921417357241,-0.5237599648591622,-0.7013686988934957,-0.6059327716254366,-0.7572880642059714,0.11578307057771586,0.631046114408174,0.7475937787855769,0.24060958114012232,0.4527926731196277,-0.9154777361487387,0.49828919022740226,-0.9263584348338569,-0.20499574727642345,-0.03392673787296929,0.4983960852109901,0.02355134030827144,-0.6551849034726664,-0.2579654214623599,-0.7995110025749899,0.5638955422016805,-0.07622054118642141,0.8100119614321304,0.34020223679365724,-0.7896553126009249,-0.8944040254507948,-0.46393355356589927,-0.9788402500801734,0.16759993530192774,-0.023296093809767715,-0.46764303930723683,-0.8168750577024775,-0.983546692511212,0.40063748840004143,0.7233998278287999,-0.19632807173970312,0.08848399433760035,-0.6910416902603949,0.5967579799626954,-0.2847411300539988,0.5681961693004292,0.2821245562583907,0.3676638696033514,-0.5616991736460426,0.4325468041611824,-0.6011530597096861,-0.7706924531803323,0.32550586218794986,0.6041356233284594,-0.6569151123402273,-0.6829582409803245,-0.9311034768682664,0.1546334476515574,-0.7094824395360773,-0.3101489440796965
0.6215649580813714,0.0417968946802465,-0.06032335495712582,-0.4895712042814615,0.35735035835397566,-0.7694485674252716,-0.3312123911444613,-0.5839396054576969,-0.8775339083567035,0.4137478847808358,-0.8272386174407389,0.6504109134978608,0.27748666151566637,0.5847046493737018,0.9183451759590215,0.9330057846671429,0.41206396819091795,-0.6166552642435141,0.5836940325843274,0.5515455083801619,0.0021179590759738964,-0.9008885164685791,0.8130999530904135,0.6668891959327117,-0.44140109919729986,-0.6381100379075468,0.336273927886664,-0.973606844681667,-0.8317515158400013,-0.9747379637544833,-0.03504437568520857,-0.047013745544683294,-0.14711756318638747,0.10816953113438066,0.9444161391616646,0.5964657125221489,-0.014005709195718863,0.7675266900554489,-0.16832548539397907,0.8636216704779132,0.3801790273613459,0.4160803083808975,-0.5454153733660627,0.21147168758111556,-0.09583370918549083,0.8580519424285071,0.9372863360762269,0.5695049649773278,-0.35400610692040346,-0.3060273764918726,-0.17412061071352447,0.8335542151123694,-0.8403641737654421,0.525273032148341,-0.9317979557977543,0.7253496856598187,-0.6823849034519536,0.06029184826050482,-0.2624832790087337,0.6818605725579274,0.5884966485827514,-0.3538989866437563,0.9923994512445931,0.15590740879455112
0.4475062467130926,0.44957681608459366,-0.6178969854948659,-0.5254439729927172,0.06144666914339214,-0.38628300312969976,0.3643299921520151,-0.8768820840298976,-0.5832658084002442,-0.7460263530382716,0.31691009425482064,0.9072624927892108,0.6822245557661175,0.42337080322943854,0.11827855157808109,0.7561168672902718,-0.03640728236810342,-0.7480005769183713,-0.6066271911743835,-0.02626429033922939,-0.6184434072151863,-0.4710218440563112,-0.25453893232396574,-0.7902044397668018,0.16327861649084552,0.31497825415345204,0.10242788859692764,-0.8862461581281114,0.2312694054293809,0.21785611578531427,0.3478474055051568,-0.4473423510757333,0.3748605192050145,-0.4849681866120321,-0.4545792646116631,-0.3200081098907046,0.6312569286939718,-0.35485567306859767,-0.7687474662969096,-0.9644166157213405,-0.7680409075574077,0.9214608215308515,-0.037186981689832255,0.9865689103244402,0.3693117499565275,0.7829494661864174,0.23034759870726762,-0.9150094019387713,-0.0946665726800151,-0.48085021571985553,-0.7618961430730133,-0.8273606221036056,-0.26946709846425354,-0.39795142010055473,-0.4657179746482818,0.3863364750418614,-0.16354956070333215,0.20075655482838917,0.17102729444182518,0.20356628043488578,-0.25301471797844033,0.5864204844518426,-0.6315229823717508,0.7990846651514822
-0.7658797219435842,0.4400860386960177,0.5307827455524028,0.7877015294756504,0.7322274095387553,0.528371005487642,0.7186105598887855,-0.12669004518936866,-0.8386784554498128,-0.03436402031846009,-0.8623644119634699,-0.6616685331265673,-0.7694563533648577,0.48842486134461693,0.36551669951836674,0.30009508105467386,-0.9081756748994732,0.1701845772031252,-0.8143038038293782,-0.6630911620045234,-0.6031962450168971,0.6821841797235801,0.6003897891763139,-0.6185821032472101,-0.6979371667689196,-0.3532202175696404,0.7482790935611181,0.6750955085273933,-0.342021961079521,0.8015698109733809,0.3248464197692926,-0.42997076401730117,0.9403253168313517,-0.6547923198502241,0.22391004860814356,-0.49439298759223527,0.7610721636173152,-0.9017311179978065,0.460018154669811,0.8752843606248559,0.8208308478239041,0.008466838050984471,-0.5428023968044424,0.8809536979556087,0.7312940203282929,-0.4805808697772389,-0.3271817726619508,-0.5881546021183806,-0.48671261525523013,0.4143805014589286,-0.7987191367103343,0.6429400004341099,-0.8362226472591356,0.2353745945670147,-0.22032691909827729,0.9126089632751213,0.4408384070019442,0.15138181855064414,0.66237960332775,0.37461353869669956,0.40255122560651935,-0.40476036124384196,-0.37892235176565503,0.1171452698675699
0.878715563187829,-0.9814101306117409,-0.33174016180397126,0.17251845933568277,-0.8848637401068591,-0.8056055063923078,-0.8187068640933619,-0.5090255837637199,0.8822489557994149,0.5936705075796949,0.059526212255129884,0.28751997653038974,0.8827967931489142,-0.6276636793267054,0.7519122547267236,0.9068525301835544,-0.07300630116407736,0.28360633630536247,0.41898605393290334,-0.3152694686003841,0.9932822462471043,0.6383131753924274,-0.39896043326860897,0.5480120502757472,-0.9565278151759105,-0.9459926543925523,-0.5881759759871557,-0.26553514960775293,0.34844887245916656,-0.9029155575565675,0.8877155197419255,-0.27991691876091074,0.930198671013055,-0.853828303800841,-0.7767509400395569,0.12921517146778827,0.3135523381342069,-0.39187156718066163,-0.7467159407314512,0.6207062802327168,0.9003365690209373,-0.5318620976046189,0.7980051403817927,-0.06772015136433951,0.4794630183022426,0.2747636894196468,0.18032427771043036,0.32028627075033334,-0.8114061789024984,0.7994615648108621,-0.991880533615112,0.3619067348178089,0.42897508598776324,0.16036857866112952,0.8749494351203226,0.38034243001195556,0.056130087286933916,0.3379884438201426,0.7959384647365786,-0.25638600831864977,0.3307667522344484,-0.9573337836817963,-0.6579007639046193,0.3853348199839879
