0.10327961990418455,-0.011380259830604977,-0.01728648082855666,0.4361552842690377,-0.1168520843947598,-0.37018032180338456,-0.8742764671078695,0.8466822636238192,0.5746493884539048,-0.9309010986759441,0.24436709409410473,0.7449263215773871,-0.3457789622814038,0.3612455466115191,0.2887578081091282,-0.7146540834716626,-0.40966105516011364,-0.1931487020449678,-0.26403014239871303,-0.3447927939855156,0.899233257554529,0.8826745078655696,0.9755871788347955,-0.15967711404309992,0.10004176853121605,-0.7400683777547992,-0.9396567520441821,-0.719456337621299,0.6363664330405823,-0.8685833579305322,-0.9246849235982453,-0.9795207316399099,0.6876627200744898,0.8026057484663396,0.7429256552769203,-0.3069742355809444,-0.11056598483787661,0.008240113115674977,0.5287787355694622,-0.4382215981783266,0.05972220549265583,0.29068970062398614,0.26332320719074964,0.2804596401680788,0.24056409772598736,0.7713491141991777,0.30074787424691896,-0.9543874612075818,0.5593035077520536,-0.11313811877977908,-0.2842034873878456,0.9160079844454385,0.4735135749602941,0.16008057414809218,0.17825810659650926,0.8217287081663598,-0.4610941097952288,-0.7674654633837837,0.23927481283219532,-0.819411936175489,-0.2059506161544009,0.2688768600825131,0.8825490950527868,-0.40923955895335973
0.5279079594501895,-0.7428451722161318,0.0013398060562328507,0.12173274925374766,0.3916668138659345,0.5630335378798188,-0.8591741590801911,0.907691638076509,-0.43551386020568783,0.08543429718383821,-0.05872149503314317,0.1687634221309584,0.35594766547116685,-0.1501260652506753,-0.9412256372217022,-0.3182040878215893,-0.5048456013351401,-0.9828338229056033,-0.6201689493360554,0.7249202856829973,0.6756895294435619,-0.7411033993399272,-0.3937720387690662,-0.017076521290656066,-0.8923077734834198,0.9455485725734842,0.8403828837350706,-0.03630926733397022,0.6451104544052098,0.8402201968516854,-0.3762766211008235,-0.6242876179141927,0.6358005245794659,-0.0988739395344409,-0.07333143238245388,0.6775988788005876,-0.05080358156910281,0.2838673111460366,-0.8299534508999646,0.7443349091501557,-0.7614889099122408,-0.8701293502093779,0.5563071580722347,-0.026099660707590733,0.8835464074471933,0.43035974062707405,-0.623163645498829,-0.35992082637600276,0.8306642422739883,-0.3997383416662188,-0.2194559866140643,0.8031918008827397,0.41187724561310257,-0.9260800028397393,0.0638643096371655,0.10034917638224128,-0.20186041591957737,-0.9402106071202065,-0.9423000663672336,0.10161601615710181,0.32686352233785543,0.5273458479193236,-0.8289626153024934,0.7479433244062337
0.8239175458428327,0.2651652167203542,0.35091918824350077,0.1758201761523992,0.16923070750182068,0.3319577043151152,0.5189891414617138,0.6418505487683943,0.26018803451057493,-0.7906817286706613,-0.7516316063435943,-1.0079035823155946,0.8783710414944237,-0.8812253966989814,-0.4717581046865037,-0.46064168244993176,0.7642118086150116,0.11333959556797768,-0.7567814597505977,-0.7309352916684884,0.19830496769744022,-0.8046871368641548,0.30965907343871546,-0.9649058022120383,-0.05769562957509011,0.18146348817473879,-0.16241858750993998,0.0853461919581,-0.06866159641707426,0.4737017512471926,-0.34918864315881337,0.04623445140289362,-0.03748462853183887,-0.8619440911258114,-0.05784618147226195,0.8697605434797504,-1.051564156112945,-0.6391917168450929,0.4346577671969485,0.26777269946597687,0.4265357155732583,-0.43292825104296595,0.42861465088601114,-0.08838703182267982,-0.20059319012739274,0.3828022944539289,-0.9806985547314548,-0.19941504175752445,-0.1255962630268384,0.5749243988592863,-0.8539517249012105,-0.4199802947649094,0.02036723356261172,0.9268698727504323,0.9787093787034702,-0.3091359173033576,-0.10651271699936027,-0.5537472275701916,0.10438448465514666,-0.3166364874783587,-0.46629039244610637,0.04196911494416766,0.7668937284649927,-0.7458429095600185
-0.313483492124742,0.17473057066872322,0.8886340344539414,0.41534994172762674,0.2847349522421625,-0.39157249414809847,0.39431444104024105,-0.18510188807965333,0.5073666796038276,0.6806459586128029,-0.19133064963434077,-0.8108149902936599,-0.9150722321638212,0.9610686242458459,0.47531798512137646,0.8219069235145309,-0.31435291377114705,-0.30911611930615335,0.042380432034770044,-0.17129148448733922,0.08557470450578508,-0.42697536477263776,0.33262440844853847,-0.7242136403341628,-0.4131461922615838,0.07787178860714694,-0.29669642342591795,0.35627549448581153,-0.271565788081122,0.04274394465749087,0.15844471719284514,-0.007965598826682019,-0.5996590096049192,-0.24969954386337134,0.16593621553108157,0.1046765351549439,-0.6168343905877751,-0.01307265384863765,-0.11989795513434598,-0.813806131666313,0.6865379595421397,0.7896453829512098,0.8260529561502288,-0.024297601986922324,-0.1490247077626956,-0.7791446021997075,0.48213835953402717,-0.2836049257359958,-0.6360908273179817,0.8280249119923895,-0.12013976376624491,-0.9381345779784023,-0.7229943309131932,0.3311734843681182,-0.2145977557999319,-0.9725060255395052,0.22344862399631804,-0.3858683700640049,0.04415949136139674,0.6235351709008761,0.28179899011087883,0.25586311494459046,-0.5520548174419808,0.17259300005069278
-0.4539258586017232,-0.9493638084219425,0.9771853244762498,0.4177710932466354,-0.48276549223197196,-0.7979777782086872,0.8191559596054139,0.2278314119381819,0.5434296113743038,0.2921429311484016,-0.44071500879679215,-0.3451591709056927,0.6713869756328918,0.7797374141499865,0.3475601746533319,-0.4763528063668869,0.9272216650635596,-0.35198603199772927,0.7264509848835812,0.8475276627248753,-0.7397908958177444,-0.8259846603088681,0.37375558333253056,0.8949027889125369,0.6660116385861787,-0.8166992416766077,0.20932254294577168,-0.11967089436259648,0.024268133893153854,0.9017040850262652,-0.07249947425796566,-0.18847564153404006,0.7844471134331326,-0.5021964719122356,-0.08671686972169979,0.2552608396180609,-0.5909273743193677,-0.4829904213750622,0.8233411404970155,0.3546735449781925,0.7743357867954905,-0.3231453235053475,-0.9857481135141448,-0.7971356446792841,-0.4599157366096469,0.8547641399179993,0.010461018932194532,0.41919752331997207,0.012594709684981664,-0.13680761636684413,0.9424464108163857,0.06275305584907703,-0.014693543030201317,-0.0018499476273634574,0.9035474664461556,-0.1144301087790135,-0.6453965403515087,0.11933284058388538,0.35965261184486574,0.7013775469418595,-0.08956871653202203,0.6377918940184277,0.47581563952946104,-0.8889924480071238
0.008053218170803289,0.6995678501399998,0.6472417475347823,-0.46918516060891613,0.7509238897901913,0.3433758938576761,-0.7189130464534899,0.7173449904853169,-0.3063672862297091,0.5462329053362294,-0.2676737032833971,0.7072963437838893,0.8852583667016534,-0.38952434019697235,0.9734934996390248,0.08831870110488205,0.9143316910885964,-0.8875319624337541,0.6860738030076925,-0.714308900465916,-0.3719770313996098,-0.4267771575095385,0.07886011415717764,-0.9740872024560319,0.4567380215905048,-0.4889540878085987,-0.9531067433520719,0.7632712340342802,0.2391378640462476,-0.29031077589141074,-0.9169669802699123,-0.5676180237037032,-0.93167401771251,0.21351669430343678,0.5466566026415727,0.20976120718679836,0.04649885783241747,0.6640720442138084,0.563589965083668,0.6929373514179025,-0.13454500868438224,0.9067186277771708,0.9671255741717837,-0.22366941804557805,0.08750646040274801,-0.06763360270006014,-0.753414779125396,0.8497886873215239,0.060698570376395145,0.561253623158279,-0.06586772170485489,-0.1354925865107886,-0.13731664897167684,-0.5070484073726402,0.11637479070120893,0.11978754659845889,-0.7678521261294233,-0.9443127100182314,-0.6531783977744068,-0.41311413289319865,0.3203495388069173,0.3892263622726101,-0.4208490469255237,-0.9104797400626439
0.5537298913134385,0.2894701482211439,0.00487984493554916,-0.6440073425797579,-0.5996460689222212,-0.5165355006018391,-0.07619680722887745,-0.5552972189095084,-0.5627693644455303,0.9434514214496874,-0.34918221608862443,-0.3727236751272911,-0.8659911669773175,0.8893464680540588,0.04486637227932588,-0.3632712349300704,-0.6999966803003566,0.26108164675363676,0.8114783993885704,0.6628236940872252,-0.08109117245425934,-0.41781158138749497,0.7575427710302092,-0.0016536587642614897,0.7872657575401345,0.04950328265149517,0.27547972885549066,-0.4406494077164482,-0.9914906871005353,-0.4363059203538815,-0.7685958573717002,0.7522298211265905,-0.9315985242941527,-0.8669100683669911,-0.23790162169100526,-0.025221315785516618,0.938087763007323,0.39244617251794645,-0.6538179672883713,0.9456523593848045,-0.22593935185975855,0.3204812449203276,0.8504518106892054,0.5395113286338993,0.1497280396173628,-0.8643770484782702,-0.861665851178441,-0.4570775064934439,-0.2515577717070536,0.3919490584962131,-0.5533880128872231,0.46567111592485877,0.16613654276485534,-0.15722487428152543,-0.5189624561066504,-0.8269558563635839,-0.567130423814634,-0.14790613166347022,0.4193700491819028,-0.17817030387336463,0.78085187044477,-0.524757290390456,0.6428031859503862,0.48966659946730107
-0.060150028640741926,0.6476608284304357,0.45532597943288633,0.7296302911362611,-0.9997001007491642,0.8383153917929194,-0.48004335053835434,0.17857561540245626,0.6757697733447847,-0.08626986443790385,0.6980411816984591,0.696708282394783,0.3345050738331319,-0.869951801302782,0.07462984752545876,-0.9656122032658381,-0.6904437044260461,0.15464296203572148,0.6014930124938995,0.6472730577978749,0.49658902802687294,0.6824279439551229,-0.8159856207468916,-0.5397998963690844,-0.7424320655726351,0.8533561588358687,-0.3214648382767189,0.9444565780287093,-0.21621666714514898,0.37107772926296945,0.6159381104886901,0.9343968508013529,-0.32204497119158715,-0.2163148609202259,-0.22401780144959949,-0.8179713547893683,0.8198661948363102,-0.7869004368565684,-0.6065136258192692,0.6215051004058634,0.9084001438018383,0.875714662918053,-0.14704634738523747,0.3938515246485965,-0.06264385284578022,-0.24816063665951282,0.21873686121969027,0.37847150817096575,-0.07798744140688774,-0.04601662090905889,0.1983813264342773,0.38640422563509147,0.5018252248825745,0.14795431675482917,0.4248190007435182,-0.784292241467857,-0.18760574124794038,0.5538377166571442,-0.7388274868362741,0.532093371830425,0.3129677285477941,-0.1654549971660817,0.6929749071571933,-0.0622813176903092
0.8481321815489691,-0.7824139842934799,-0.49892695011799226,-0.5034283539946394,0.6768723949636293,0.46861804963247433,0.3158480021310601,-0.5216850026592093,-1.0076131075880226,0.2936483329401174,0.4749634802556264,0.1076241202494479,0.19940286759380998,-0.38478309390500964,0.02740496188787178,0.4268290064393707,-0.13924038068018274,-0.3891436935965831,0.8457621345145516,0.8770659420430742,0.025338642260442024,0.8276421019570921,0.6024864465532329,0.022226755345878146,0.3382510367603502,-0.33396731083416453,-0.30211862557086877,-0.05292728062439722,0.023047232518523142,0.004420306660624762,-0.5726461195266115,-0.1545135815313084,-0.518318059867092,0.3346068544644272,-0.4831207510982347,-0.1506110288342093,-0.7938070288186055,-0.21371742361354507,-0.1213392387380694,0.018366027605003055,-0.8820578555269734,0.2075160111744523,-0.4661370297419729,0.8904759597111354,0.5399988023725304,-0.6404163702351666,-0.7193278033402639,-0.030560580219173517,0.9316593176101313,0.6654746407326066,0.5588526389047848,-0.014774915595026306,-0.3991078935869028,-0.5111872172245562,-0.8231313530042983,-0.9450308454194851,0.6338508899056561,-0.46088712159923295,-0.7746130508445592,0.4857355858511132,0.7766875983313255,0.2163350680346492,0.9753148483119536,-0.6377672920707975
0.18416811152005863,-0.7788335510432274,-0.012773865308476517,0.7147536525867237,0.6139583648729254,0.7682857824242066,0.964445421895235,0.21000246585006033,0.7712290678274005,0.9000968807751724,-0.9143558331121615,0.5970709975690429,-0.14509727155095664,0.7463534634029136,0.2752925295981346,-0.5423478985952344,0.5354847704416563,-0.894597291843712,-0.35125477495736557,0.6713591818342572,0.05128523663567419,0.1523668228867754,0.12356260323828505,-0.4983491537990521,-0.7162628374545348,-0.9475884627759354,-0.4490533152154055,-0.031607885922496415,-0.6209078489168132,-0.15613404635314923,0.7250039669267678,0.14325668758700827,-0.7108394621561307,0.5374196063202141,0.8102033923701768,-0.19232807885713643,0.19702658879303847,0.6863493839708472,-0.9435050699269107,0.3842660305286345,-0.11086020265007623,-0.0523268038361846,-0.7223938186123888,0.6562500166793299,0.03082315625415169,0.029212849140637376,-0.04133698521182616,-0.06573176458145435,-0.7795716574137261,-0.06369768577013368,-0.40490836993856516,-0.769933212627204,-0.5986927175431245,-0.6535054860040257,-0.07323044030900072,-0.589792397411302,-0.36632122114531107,-0.5525739865058363,-0.5415523946778283,-0.39640285515064044,0.9174741903231023,-0.5615063463464303,-0.23856278252225005,0.4042431451172377
0.8289151939850634,-0.8450363269182977,0.803919488008906,0.8751277153739434,-0.9168279660591858,0.8099478736381883,-0.5334775724903933,0.6365339409044375,-0.917282251753418,-0.9502901325904649,-0.536224975563224,0.7377675523306606,0.053261123924565945,0.5900837405551038,0.838514243610702,-0.07233661729293472,-0.6339384222079978,-0.0911742509077842,0.16091562158867823,0.6275117293850798,-0.09342535191579682,0.9776293838142942,0.1824676057790533,0.7378404493242685,0.872401955842897,0.9062859809457768,-0.951186551063226,-0.11803038993941439,-0.05107613790977483,0.5557724148444174,0.8963669821988132,0.06431564157785549,-0.9279070950869501,0.3896784924888208,0.21852170071025556,1.1057122630960707,-0.6200546649484886,0.23217059443934085,0.08685321003079038,-0.07946051467746917,-0.8917774601370054,0.3321682976506313,-0.2726149671068332,-0.0038193927968228625,-0.6006351710765938,-0.947947013244909,-0.98475525504287,0.9656179402449672,0.9487396862735733,0.33299117489282715,-0.2760036871734506,0.6261911597251739,0.5009116269391141,0.5940576833014841,-0.8231140697258801,0.9432427007598003,0.8363358852667615,0.8753409164646191,-0.32082606241229494,0.08436177842882442,-0.12537226343824948,0.48392033742460416,-0.12279502351548777,0.31830113158816764
0.6738483242849902,0.0798010582653006,0.1595418685516521,0.5783605466672148,-0.5020604717667871,0.8884875675891046,-0.25189215214983274,0.3612627690822008,-0.014332180933524397,0.5151125157295606,-0.09563593696823336,-0.7016727330906563,0.11986392356072018,0.1200854731047043,-0.5606065937938247,-0.4095671252786608,0.47109722306014756,-0.9327194465092101,-0.8869814274335777,0.9322747052405473,-0.6382888097688848,-0.31081228001760497,-0.015823778804422428,0.5009228887368691,-0.9852432009216414,-0.5270924404980681,0.9112595677705162,0.22089425303135513,-0.9294606450178338,-0.42361158317792197,-0.7094494114165881,-0.6646656065356931,0.21601376190400523,-0.036681880734101835,-0.6538907131394422,-0.7076876082052368,0.6365415780610515,0.0457392161814596,0.6402158261680735,0.14903551362062872,0.42858621136143005,-0.09379680776403587,0.5279662419379467,-0.6307566993074829,0.601257112675676,-0.9671071335778285,0.47689968842541286,-0.6582339309180423,0.43678320595926245,0.9333470174427498,-0.3941040892409988,0.9144775411392594,0.07153500874968821,-0.8494724772717714,-0.32361917105242805,0.6436163757968503,0.6785359519156584,-0.8247967856030956,0.771413290317583,-0.46002574781281624,0.6454126977847021,-0.21992930396533472,0.5842223556264556,-0.8289938630422273
0.4925441404108164,0.3018217106092529,0.9459348303945867,-0.9592679805707724,0.6089281070825932,0.6659836811719213,-0.06804090235577798,0.7554607565041327,0.5753192636573623,-0.7544319188775388,0.8571437069312877,-0.9990507223505645,0.7786846071188203,0.802295668213044,0.4546547084724808,0.788748042203907,-0.8068227807448076,0.32861917014572156,-0.9838645254652807,0.8808389289558303,-0.8485648358455311,-0.3614603148206672,0.22079182188214985,0.3181637204558998,-0.45508982149446503,0.13379130169829945,-0.1792234985688146,-0.48197615892258927,-0.011197471416845461,0.23212380722558157,0.3606464033886754,0.6534665579452725,0.45261911830228674,-0.33071206833947353,-0.1593055374049479,-0.17686103174637302,-0.7084306983540621,0.764362379680749,-0.3666849457075434,0.1842356929966915,0.36159038833386004,-0.8562385274129254,-0.7302221218464477,0.4626263529597372,0.11457627996311914,0.8916945582647942,-0.11908613710459592,-0.6965265927938997,0.7641984619910314,-0.9359776938752327,0.06978583372210734,-0.20034879297908992,-0.23208772401913214,-0.5716749788713411,-0.16229674688465417,0.4675143368983221,-0.6638138182504101,-0.9272195182731635,-0.23387011200088303,0.16417284290727308,-0.2919711958795914,0.46898443334012563,0.9499490228212266,0.9249208094440464
-0.9466160405046169,-0.7050289919391377,0.3179081808712114,0.8891602553172993,-0.6440366513587998,-0.9778289143836167,0.013728886454775102,0.9093206437141264,-0.7280214859224443,-0.9356485662732612,0.6582470045027287,0.8008768018231891,-0.8184414590975067,0.9338137253232903,-0.6965807256586192,0.06445529638553538,0.4154670091825883,-0.6484713682710772,-0.4568753439229225,0.4092239377905942,0.2793929544590692,-0.7639240698502636,0.19758578774442448,-0.25359373135948204,-0.8192320319955968,0.5611007213547894,-0.8331279132738441,-0.31054716763451595,-0.7215232014122128,-0.03291794092217026,-0.7707577726395414,-0.9270386560307773,-0.47045450945857414,-0.5395790936380565,0.5331712566173328,0.5646947334055781,0.444729569830419,-0.471142809758043,0.7674700571907629,0.5708380552820842,-0.5022969491804661,-0.6666166761547936,-0.7615889761417496,0.46696328367766804,-0.8372022061584419,0.3075319924726073,-0.32299412828130225,-0.42105164447177756,0.8984159877659399,0.14300266269333,-0.15259886230797737,-0.49025877035771637,0.12128652411490015,0.41020441931504714,-0.25969386428608776,0.104255788274902,0.29776272842628293,-0.025055856116705355,0.4787009281557666,-0.07645940738121726,0.33680071519566446,-0.7363809774610162,-0.5616516775333369,0.9900974891248355
-0.41823829904414755,0.30852430202908393,0.6567355933010439,0.4346669604974158,0.4878653665356274,-0.04298269733385762,0.5603719924763542,0.4546848959310099,0.34255057878808404,0.8748078821177296,0.12208180516843603,0.49851514030793365,-0.8607021200041554,0.6903151426069067,-0.7564755203275777,-0.6515574275230691,0.7784904644551294,0.607882547944341,0.29735800697362835,-0.5101633652043052,0.6954061547147521,-0.38081566652274423,-0.566078396550115,-0.07855486744195583,-0.31985222030086335,-0.7927129256019276,0.38525153898812325,-0.38963929050727697,0.24851925815123233,0.0982041883559508,0.9128379263468578,0.9147039384171516,0.026866765663241754,0.18767523547765802,-0.6631264990596424,0.9610519396451684,0.5520196665348951,0.13867199468463354,0.7359226635097906,0.5067857169493919,-0.9743524744114431,-0.5628874522025462,-0.9657651259513442,0.8027047657129882,0.5233862228605215,0.7486553191702969,0.2673174456665828,0.9407986778712065,0.7831375689277618,0.9812094026580065,-0.04723663788216642,0.5023633928711331,-0.9866050808802519,-0.17407137978159426,-0.48407781067534894,0.831533761764041,-0.4757663122168658,0.9624920630921425,0.5159587792527145,0.4451724737863092,0.7323211800762324,0.4863134078234521,0.6457131448270403,-0.9926681379764279
-0.14159993118811087,0.26278986868638454,-0.1375647164603111,-0.13429287399122258,-0.8550976578492067,0.18724497807712304,-0.19430318604781438,0.14081249567334786,-0.24627127591580167,-0.8821162978126409,-0.6633195763609667,0.9629855633565725,0.18677797672985874,0.6645716622212956,0.2783035923903241,-0.8957239516374715,0.7749094530986711,1.0510887194920433,-0.8625344753347672,0.2697073214838521,-0.12801434913785537,-0.3411702157588141,0.9143408845372583,0.1236781703410259,0.3131117809408406,0.5582978791862456,-0.15920885321586264,0.9778317253411297,-0.8644393976998257,0.8171109358866808,-0.6265758357134441,-0.2906370351402163,-0.8006103250520604,0.6539860834402269,-0.6848393905567225,0.5689640630617578,-0.407613115500139,-0.26877297056351823,0.3102924148613033,-0.3390702335954632,-0.9513152324861962,0.2222927669412762,-0.3416545945210874,0.8829479833622373,0.3197611208353459,0.33230894049079085,0.6262589160283882,0.30413518208622636,0.6894143948166143,0.849958685451687,-0.6727579386743423,0.2528888939437097,-0.34927067850421234,0.3034766825299866,0.3748146215939301,0.6660720146740342,-0.5397918752173536,-0.08721153160102268,-0.9214037418232524,0.8986146928176435,-0.17687265371791083,-0.137633881774693,0.4170702932746597,-0.11066478380726674
0.4411361761793604,0.49074618730883857,0.14070018902208714,0.6034114296010307,-0.42877107585686547,0.9083955965372403,0.8619385467735061,0.2951126679635647,0.09104124693323756,-0.7503841960779252,-0.2816568395728847,0.09793956199521303,0.05471503841643899,-0.9745547719363534,0.7708403403040769,0.9071166127333494,-0.29993015975622317,0.7160191052778926,-0.8152824268903848,-0.9227731666277501,0.42484095655110954,-0.22524517180593628,0.4437410341304342,-0.01665135302371401,0.10681943775696334,-0.360560142730314,-0.4543854205918043,0.8810223985081802,-0.9484840233062548,-0.10778151649036563,0.03773345461746214,-0.1367390150958634,-0.8338015759312245,0.43343504647733155,-0.1529317067710363,0.8097082436500702,-0.6152022600128537,0.08692956401095708,-0.8896171518726781,-0.3794574441175076,-0.6332256245583681,0.8808651641699432,0.6714092227881916,0.9567969432692462,-0.6545072421192522,0.5711139519397064,-0.1543924604103284,-0.9917981405105876,0.3957071417849909,-0.9699181283081955,-0.2501664642941217,0.2416573063537124,-0.2864651264677358,-0.6460050204582204,-0.3830871493122108,0.3390412051919467,0.31787121500946824,0.08869170731101006,0.707581557939754,-0.7124346950433924,-0.09003653284797708,-0.7561172513198373,0.3987073046360923,-0.03904858510011899
-0.11284375967070193,-0.28309030144186176,0.7206943155884091,0.9138754437131607,-0.9893722462871126,-0.44113496582325085,0.9526489813344443,0.291173401983434,-0.028079597830111824,0.4676739693364438,0.1244950485465619,-0.5816374717430162,-0.667782367755005,-0.7296673592367773,0.7517411896009094,0.9158899095551087,-0.39704097535803906,0.1626837957436108,0.0010395930011211085,-0.24523727758211322,0.7084621053445133,-0.08268817422720831,-0.713070894628854,0.3455714308154776,-0.49584868343603605,-0.7531587350135878,-0.6626474762417491,-0.522987718119718,-0.23145712725318773,-0.14587162936392284,-0.279397596582311,-0.19193906680990191,0.9616961716437293,-0.9167739758923628,-0.8215960321249001,-0.6442174088366439,0.5313806510377486,0.8183435433675648,0.3786534134979844,0.17583542976226885,-0.9193850301639888,0.6690820607566788,0.3295028022113289,0.9591252509947383,0.5904170424077276,-0.27649879087642726,-0.1599761523311276,-0.9218056299607955,-0.13725218706453957,-0.5036010075514223,-0.36556502068411656,0.4576230594585726,-0.4413421555405499,0.7595548336262625,0.9433351964474601,0.41797917473811474,0.1175281092711189,-0.26017914928016395,-0.2628729256656128,-0.5133561250256604,-0.6932659436226851,-0.06542186569368716,0.5199259203380371,0.5238425188962859
0.5440841093076767,0.3962169153735935,0.9472157405252424,0.8092576578239938,-0.33089836545351736,0.0379034467350996,0.2556620197728696,-0.12318122052685765,0.9195754179840991,-0.9506740717766367,-0.8947027645037076,-0.16978096443165147,0.9601865883068881,-0.4253782773491701,0.08412896716809448,-0.42427591445147184,-0.5893163722687387,-0.921786703586462,0.9450176935554213,-0.9067849142351427,0.5148970468049929,0.6119113653643693,-0.5002229063566299,-0.8151273116609706,0.07719611491576384,0.09636944600872943,-0.20127920944614974,0.8533015072458212,-0.9327833541147157,-0.9392038143599399,0.17710872640796405,0.2326111908208317,-0.5327290103849874,0.6857108199059192,-0.22930870807734105,0.7423179590756392,0.7457277538919129,-0.6490364555630852,-0.95506318283222,0.9050252767612899,0.35359030174851913,0.8874674885452485,-0.8930244318481875,0.8132422681018625,-0.2926363701943324,0.40382763364439556,0.308080121840308,-0.3061003086179277,-0.9959852576534156,-0.6825386084874521,0.7022939863109372,-0.39201853495166783,-0.37668822184704664,0.14908835837631207,0.6225760916971728,-0.25457692350213157,-0.8767674204731888,0.0421736556545107,0.6648090646362954,-0.12324378631397193,-0.9953439288678967,0.5187649400288967,-0.2624719402614222,0.574604444033022
-0.39853617670807884,-0.36133040221451407,-0.9850199373568311,-0.5973548720780835,0.6044535055011457,0.5070415407002422,-0.691512496726334,0.05404936066007693,0.8591893912228563,-0.22716984482086477,-0.5717673603951103,0.3191255337539556,-0.1191394057603179,-0.5403400846164805,0.4071432732086795,0.515411845056698,0.02606832236674872,-0.14241461943204925,0.758541591536743,0.8337006646341567,0.2808837735137537,0.5464613749104328,-0.9484573510819145,0.9268419032810974,-0.6992880179745082,-0.6699059382002726,0.6799875445482166,0.40869196704471583,0.49522882050913797,-0.816004561682437,-0.28157306774029855,0.007374221775696244,0.222818223836331,0.1597539694739587,-0.2882558945677842,0.8422107773779002,0.18492988812333988,-0.9198123687991799,0.22033276053362916,0.5217174156284532,0.3639212931183686,-0.30298705358894296,-0.7109546806633389,-0.9499236631406274,0.9610199489428717,0.6691021730512363,-0.1717325053381884,-0.549091255959762,-0.3455391164506396,-0.3841679363285404,0.7930679216016945,-0.15455407256934772,0.21414397157137244,-0.7350938506110571,-0.22238337331008928,0.5641245341762495,-0.7954864169617366,-0.09067711833315922,-0.24135911956951617,-0.7493100620897142,0.9091928526822108,-0.6888105777079319,-0.9408663204969114,0.8778567594692479
0.6702311509196788,-0.6235077275402936,0.15730656264880882,0.8221782770348338,0.15782897036646082,0.7254953810350526,0.35866169058628095,-0.48942443720039575,-0.7122473136242726,0.9719538951284883,-0.9150433718219966,0.3754415348571942,-0.7684927516654325,0.5704669063888193,-0.914511682224834,-0.6649369471764917,0.9813900285453285,0.763091364733103,-0.1323435974525533,0.8384472143469051,0.7959109059794416,-0.357777270932788,-0.35553428061284675,0.5278690906236647,0.5229405576426802,-0.8746088444658668,-0.18384657828779982,-0.20448818765853471,0.521788227075612,-0.7740246781144071,-0.08166195994043535,0.12808916162695572,0.31704569174577535,-0.7370658922156232,0.037131458965206976,0.6731375379131994,0.29097670165723155,-0.48283369615786276,-0.43158159125738216,-0.9636826389182866,-0.41043706902490373,0.45588718729080124,0.9621176131138911,-0.2790298917294791,0.9229761786517516,0.19503533986559463,0.6991120200567296,-0.5775105615438981,-0.35638403284833226,0.33168843876179843,0.04070958376687006,0.4191258664916362,-0.6732557927585557,0.8323366746927683,-0.05500198435028847,0.6729724746877481,0.9302752616817975,0.82906702025266,-0.4159345041911351,-0.3629574487712848,-0.014929442550065009,-0.601619880861888,-0.730357776836901,0.3754342991510975
0.7744144326661844,0.33165915093821985,-0.9148474235629092,-0.31961537539866824,0.9812634658636921,0.6871291259957468,-0.27558202317633596,-0.19759924581158672,0.6877752936528603,-0.3146779941394877,0.3366004308276851,0.8090660251561512,-0.8818999892889496,-0.702736954006876,0.9198748195960389,0.007332769400568262,-0.7751068162408268,0.05285414956622603,0.3204815005600772,-0.19717703706867118,0.40436720044157615,-0.5524116421651484,-0.3830392226713746,-0.28354872740874515,-0.6670384274774523,-0.6425575274005559,-0.2652980168574761,-0.6634765341610613,-0.5208674978119532,0.268279328680765,-0.4601957351393555,-0.8185898461974392,-0.2871583083698912,0.11726430625656326,-0.7646861320692449,-0.3574439884172258,-0.0712989260641892,-0.39653080768353544,0.5844971893918324,-0.09294112190470738,-0.3866014582443622,0.8066686815155972,0.10356001371469525,-0.44298320762719334,-0.19246560655077571,0.5326488709240681,0.24218551913388864,-0.13438961460950072,-0.8919737661843371,0.40652602332594445,0.21335935137611406,0.6790484342190941,0.8979883761149141,0.2250534426018569,0.39813340112600293,-0.37674066709607,0.9506426542729927,0.5752694495512569,0.6573088353295549,-0.22534996945838404,0.6674119672571883,0.44159531007333896,0.5814339354068743,0.7424440299286239
-0.05695017062437069,-0.8969274021149416,-0.8095566498537106,-0.20673614116017158,-0.9672991999888239,0.35989149559829103,0.5282651710543618,0.8246923856560491,0.040494357923752444,0.6809302958545749,0.025308872489389733,-0.16709536250803358,0.8960030829975572,-0.6712188694501104,-0.8342141597264594,-0.527947951517981,0.9211495752888974,0.5123601973591956,0.9570136721180365,0.6561213951401792,-0.05512915775758165,0.28229378379510806,-0.18711914524575368,-0.7699666914771328,0.15598931834073837,-0.09098991220034836,0.6583112724802774,0.09282877964226,-0.39695137428996974,-0.6976505778211586,0.8068599564245649,0.8359245298736788,-1.0298657432967002,0.1337585897514988,-1.1080227779300316,0.490090387160254,-0.31380414647643606,0.28057921098696814,-0.38730169793628577,-0.029442300637517516,0.0973190487292861,0.5133426550666957,0.678761924398525,0.975645208523167,0.872170706283963,-0.3755134505162028,-0.28145649210487744,0.11385483488219439,-0.9792607387474768,-0.3813014448350496,0.5201012377763667,-0.4787464729691522,-0.47193900407327827,-0.020991459035425653,-0.19522720019328443,-0.02195801695468047,-0.6965102864310007,-0.4040831781761187,0.6601237083369513,-0.2444708494598271,-0.6552528755779943,-0.5812619441792484,0.6444759931488657,0.5293057137751347
-0.22538223432019233,-0.1243978742899099,0.2804496754684158,0.18070369563420763,0.5353901449770562,0.015126156673329616,0.05773224000962829,0.2806016565899079,-0.23330075141309936,0.8084233986062144,-0.265642766188978,0.45689664448462275,-0.8513041040437087,0.8913671619972676,-0.005960236505992977,-0.8162589699743383,-0.6399105555052393,-0.3964123202064309,-0.48525392597713135,0.3656257782846746,0.7172363187236734,-0.7352977664805316,-0.5091818920399585,0.018159989756519668,-0.18170799322199782,-0.38706762472427125,-0.38346569439321976,0.1506838967690438,0.216210818854204,0.027488781071845603,-0.593328475883451,0.4879434763925432,0.36899376746042756,0.5096473691924874,-0.32816630015516624,-0.8362849110822632,-0.9698272163299635,0.40332612058223094,0.06412584417738665,0.34139829299599933,0.35407791781676523,-0.4797072691355677,0.9490364880770612,-0.5368425758001041,0.9908969871876918,0.7526516924038427,0.7235936247099559,-0.8417897803608283,-0.07615223243570779,0.6888341841657231,0.4779622587621613,0.02590515623118267,-0.3124909209751654,0.8377983560001845,0.07208283473140464,-0.8817184767740567,-0.8643732276143279,-0.1825156979956235,-0.12183035680775509,0.6273630193936144,-0.2464014925243907,-0.7818419297403805,0.71938298586946,0.8853767586348209
0.36182014447479927,-0.703989006699322,-0.3384899376881858,-0.17360259160372582,0.9486479648267105,-0.8341374256044696,-0.20240787412689842,0.5032061159740939,0.10799676591631724,0.746750025158786,-0.23070653682956044,0.37475101310530134,-0.14425044926034514,-0.03477307937263996,0.25503630034770564,0.2558301979509876,0.8309104132865612,-0.9428389297267357,-0.09322463814774529,0.2496309636508811,-0.7256533863859287,-1.227895471700095,0.0547577510344055,0.9275924884536155,0.08959186951308773,-0.3954496615073111,-0.13992055646291224,-0.23717006706090515,-0.022557312762674808,0.9955346580267681,-0.571219096315198,-0.6406225953496663,-0.7415833725610321,0.8480562144801467,-0.5554869729789293,-0.5755901684047857,0.5618686463599507,0.8702546062651217,0.6735742375644151,0.13848660925695788,0.5184775411224387,-0.47447935949265035,0.0025465090102972376,0.36601166488368286,0.8929288473845687,-0.7118884252875115,-0.12697680941573708,0.5823342683277226,0.3206583209941569,0.4482126003581415,-0.38477837739308635,-0.8370607744611553,-0.7061768351753712,-0.7731210713163443,0.11105817092561865,-0.7211692321052732,0.9124549309509018,-0.05760185952447028,0.7015088496859836,0.2997208961150821,-0.7155993062983803,0.5570801241469778,0.1037191908099433,-0.4762856277380809
-0.14865928485786517,-0.036147016795791354,0.46120661380267225,0.10614921174080405,-0.904165710878303,-0.8123581194960945,0.5654607128890701,0.5651941402901473,-0.4840614345729888,0.8437285052645391,-0.724782230069301,0.8132454691663531,0.1109942662554626,-0.7700751300730946,-0.7884549768415967,0.015003891798308189,0.4206790589943601,0.8876577764300151,0.18981745432081554,0.7621760143196208,-0.006159857501127464,0.5834503314114263,-0.70184991879643,0.46632023697651004,-0.3621901166064161,0.47517480133625356,-0.7175638431095105,0.7777644029186035,0.05229945612312781,-0.02551791144650717,0.7660333434088218,0.6909994348201949,0.9969252379664637,0.15847042761837749,0.4557941400048222,0.20511019715470846,-0.16910099131073086,0.7637039929190725,-0.07369867448731937,0.07738108569643803,0.4344336425027575,0.08416421110840888,-0.6726787976891841,-0.6945686256150094,0.7457304042225508,0.051915421580980725,0.2214014621082736,0.575743947014582,-0.25167518305539716,-0.7604979326388746,0.411550546887121,-0.6750138562980202,-0.6679129754581328,0.9620084469892061,0.13766534874558012,-0.06548489992115525,0.36695886893482976,-0.7094157255809814,0.6527580504480961,0.5546305043593409,0.17479172146157507,0.14815491631104027,0.08516346490349558,0.36705268867633256
-0.7598431716810015,-0.7547652529829387,-0.7751509644670109,-0.7144410116543118,0.8771844128845794,-0.925048741018262,0.10587064871589424,-0.6254016588484022,-0.12672205611257836,-0.10708846268477412,-0.5514998092113115,-0.5727654037894887,-0.7880434925094706,-0.6849710815745056,-0.22281676452156107,0.16348170544701635,-0.7051394695024714,0.9335161952845064,0.7112941141926514,-0.7447974601942791,-0.4855217161727263,0.17225892022841305,-0.2227935326933712,-0.7161244159852427,0.7387044682509445,-0.061774829746855,-0.752866599097757,-0.7664330484534239,-0.4691631134564047,-0.9808281477739733,-0.7907483259785146,-0.9405623910458853,0.08009477355474881,-0.9337806141544365,-0.19630135028413753,0.8432870541111298,0.052320629602500945,-0.6381585327682111,0.5282121573050498,-0.40879455773428375,-0.7007790065710238,0.9456996588439486,0.5396484521010838,0.894305987939185,-0.31436567821703876,0.48473712558612503,-0.21967561486620357,-0.08101391880347797,0.5064094602116616,0.5103524309934915,-0.4605899759027532,-0.8485320258776693,0.9300745304472171,0.7748583434292424,0.791599225411098,0.35223117461746223,0.41456454054394876,0.0075780158242420015,-0.5926379126792096,-0.491725813138826,-0.6822347135990698,-0.1749890038594819,0.6516713007873642,-0.3217442177357368
0.8233950676444131,-0.23155579401679627,-0.9965408660672082,0.5491266904770258,-0.6988368352911364,0.059638713526846354,0.43455209487278523,-0.06541466659722373,-0.13799560767972308,0.7957613261563714,-0.5883615827945912,-0.20051499842167697,-0.5889004082886111,-0.29644449216050783,0.5913650513956028,-0.3966358705257562,-0.7146875393691556,-0.9602433500789456,-0.5021180165985737,0.9769775462321613,-0.28592622149124725,0.3006958323189539,0.7305349035421325,-0.24462598689011128,0.2561189108633366,0.8482966268571956,-0.02246946501965308,-0.13727949463428601,0.12131308868614843,-0.9952806316686229,0.9961097997008643,0.8454598648333578,0.260221726881417,0.04618712887011034,-0.4584304205883396,-0.3094918398675628,-0.6074199321623581,0.5374443570302831,-0.8957476257426872,0.040743775709447316,-0.28408522775973544,-0.8105334982189152,0.989765012602281,-0.4691949527412751,-0.383180186138145,-0.9841046378473954,0.35398535385017915,0.2729956419352011,-0.09695971549560212,0.8678241510047613,-0.013978054278260155,-0.12514445722479062,0.27110274003338497,0.919469155954509,0.47382581439269184,-0.12947289761617048,0.4020061660228002,0.8055020112297786,0.060965088203495776,0.36592874756790295,-0.9910930378205267,0.8928084199310378,-0.9817069929224718,-0.19926164300871485
-4.345943321282242e-05,-0.7724899319438128,0.19297795115011773,-0.8400814416788784,0.02394902808682553,-0.0412579696939733,-0.369814225078849,-0.8778006904805382,-0.9672067422638424,-0.24301698067155053,-0.06675499367160143,0.44837195328197654,-0.43441518242132127,-0.6605118519991995,0.9859961918521414,0.44746154613690114,-0.3734992019385126,-0.3635464743138064,-0.8355646923276292,-0.29393360156423864,-0.5541801059576873,-0.5602581969150808,0.4626838998871132,-0.8129644948274222,-0.3536941520898875,-0.1312380067815062,-0.5203229649569083,-0.27947599278040824,-0.5525767791227549,0.8478049651115795,-0.5375231638471543,0.1634568906829994,0.6023445220551957,-0.8648536708697434,0.6006337623773361,0.11596871730643254,-0.14586110073996905,0.1786251549598569,-0.08682287316723558,-0.27703610074998064,0.8605791858308749,0.30333629349121916,-0.976215266770687,-0.5691888096927435,-0.6821047620391114,0.29810082056965936,-0.0478599304328482,0.737574872738674,-0.6034849170677425,0.20399712889747534,0.8626158505845833,0.8297699101825993,0.32149728748704676,-0.19225798733253807,0.9355233002105283,-0.5099018696630677,0.16116488554157143,0.27583851829254463,0.8639957696250746,0.18750380409370737,-0.9296123131293699,-0.8513189548392404,-0.36974593323818666,0.12091003786399335
-0.8106123226738233,0.9829059283225592,-0.7657893553146959,-0.901504620294598,0.9019775918602053,0.06808444126861035,0.9255817479032917,0.9884961084823465,-0.5532533658879888,0.7123130424169308,-0.7058361710054811,0.22633002543861713,-0.33446562799831625,-0.23681438633340557,-0.6533828138792857,-0.3099603774287798,-0.4308857177006993,0.32084586133139426,0.272707878243607,-0.38365191571038015,-0.3908135552967955,-0.5464994008070072,-0.8193863219212805,-0.7190192020990858,0.8813086086521651,0.8355729742255102,0.3666049332127068,0.006817244324395899,-0.27474726601664656,-0.49123482459839796,-0.30267294337612816,-0.6944750891453739,0.6534219585863166,0.8186770403913521,-0.557075833522316,-0.8601392731631226,0.3654390662023911,-0.922083915609522,-0.30218592078609974,0.4097280273503021,0.844457268720632,-0.7244146917669969,-0.31836774625914493,0.6947914689200478,-0.0784194601559145,-0.14048202299909085,0.039491087672771874,0.5829779719297528,-0.655603914914096,0.8569312285787778,-0.5939006290152813,-0.6082300099161762,-0.20724522613311724,0.7011831370022275,0.8974357799768209,-0.5948188047700897,-0.5153691416548967,-0.23354428282715678,0.1324372331964916,-0.20603743623693904,-0.054347785487445455,0.41939892755260066,0.5391109573905066,-0.4265903712393777
0.4382116050919562,0.8292694565105181,0.5789096568328407,0.990034085592933,-0.2955771583860616,0.570518778097395,-0.703983847135472,-0.12274249481577959,0.8367610585797944,-0.11389236201204622,-0.5478387391144341,-0.35070637395734194,0.866522592104404,-0.6173864734022536,-0.7801260957359495,-0.6265212315915258,0.4120862005816417,-0.8043830544409742,-0.9791863774788241,-0.58581731109427,0.7564122457817108,0.009130785131859734,-0.9645840382187323,0.9781314460838044,0.4683928485206974,0.5773659043786505,0.8870503369574949,-0.7496963237165049,0.7418917232972229,0.7786924666693451,0.28378114134357957,0.32129262463221986,-0.1819476570699914,-0.23024386594621626,-0.09496352834575483,0.3436720395011254,-0.7126788409225304,-0.8701371574353434,-0.2627258187772201,-0.5168754013564965,1.0103121919531182,-0.9253721004166002,0.9895297615979259,-0.1626542869705479,0.5692357768546319,0.2320845547664192,-0.8232178219633448,-0.38727306001245587,-0.29858509654049886,0.5510771699342878,-0.1457055198789763,-0.6711614259052396,0.9654379253353587,-0.47603453001744245,0.7085357501671918,0.6097209865351803,-0.3783442281124948,0.8423939155350696,0.29879391321934423,-0.6432168216860092,-0.5222583950403001,0.28287855767409464,0.10756071912412857,0.3411935781090156
-0.3234509558440224,-0.28513249115960504,-0.9493145723044851,0.06494141490218919,-0.9317401533141205,-0.23842983024843978,-0.07596874432521933,0.10854964675496753,-0.7149364600530512,-0.4669871725629966,0.07917218619751482,-0.6694778947149116,0.9604951152829202,0.9346761281904667,0.6560675000293497,-0.6432604230786685,0.2857696493863582,0.29956088059572905,0.6554058371746159,-0.09633846208008334,0.584731412875467,0.05713979033597116,0.6489667590734953,0.5924740847971075,0.8065895939047296,0.8483015878114131,0.939449784678887,-0.34584579334124776,-0.502390646447926,0.7334073408501534,-0.3677797633966343,0.0996241150375643,-0.636447206267394,0.29159247952403966,0.9642188255131527,0.43829238482856137,0.904861499132775,0.9016571503571043,0.8451373319757804,-0.19382256933090392,-0.6307184494699947,0.20807467285691095,-0.8643827467380594,0.6711185148506107,0.25184148724682287,0.3736536661082861,0.637185169964914,0.441314916648923,0.02511564846333192,-0.5219683536340922,-0.7932956120502821,-0.7640670446794597,0.7758996791061039,0.7250242012067858,0.879028394315688,0.3102983886682187,0.9990536232067175,-0.8682252920564901,0.9383577976563202,0.36575894362130323,-0.924438027900633,-0.7286073329694234,-0.21610386998832887,-0.24912886917217603
-0.8759151505382572,-0.10355477165291438,0.7516297985461546,0.8572493200984208,-0.6455320398704556,-0.8441442088357276,0.2816064210815754,-0.765357248491267,-0.7450503489989326,-0.9922108765340032,0.6993070565686559,0.5658012825909888,-0.3244493676995954,0.05875319098066245,-0.25385982473988955,-0.5975816214541283,0.8729588065834466,0.643808030007923,-0.8771780647910857,-0.32004821335097255,0.6670805637212007,0.6239161973058029,0.7039367445493903,-0.4067790350980962,0.5480725614659103,0.383008972118525,-0.7679103976133117,-0.02240090378504385,0.7287786723374705,0.5787449399224005,-0.6588644826162544,0.4683306256180857,0.0599059839241427,0.5996828147139253,-0.17455606888023278,-0.11495390277126738,0.5784729093799308,0.9912917320617225,0.8572609365096115,0.7709765026265596,0.8035192434875502,-0.8937354926582954,0.06545323123449243,0.3736510529695327,0.4793582567290702,0.4025189527027011,-0.2865377887175069,0.09299194789867404,-0.05231981286023868,-0.47594394094508874,-0.6389321773427479,0.9957748232886889,0.47720910051121845,-0.5942614860617375,-0.3742682573430863,0.5414184218133533,0.21228794429694053,0.986890538501052,-0.7484381956701605,-0.23320562873535566,-0.06541451073645321,-0.42851417697453176,0.27214346949922597,-0.6136814728588729
-0.01719166121602811,0.6097571026028287,-0.8024044790139058,0.1487662889854191,-0.17536786903227752,0.8132279552638195,-0.8963456608179858,0.1905005739604429,0.564258331898319,-0.30805128510187085,0.9786348526984725,-0.3828153560909111,-0.12932502771723953,0.4716903140844584,0.8413573865148294,-0.7515858264035495,0.35440648787846474,0.24228276943660582,0.31837281131456563,0.6056031623472033,0.9897743481584054,-0.7699032187703678,-0.25882793849701646,-0.21010869193346515,-0.345774840260763,-0.4295783577640717,0.008013438979149579,0.21995392243989786,0.08552774539610497,-0.09090887595373243,-0.90692730347952,0.35796343317680335,0.912566860895299,0.16513738061526184,-0.5366999365951479,-0.6885263183611459,-0.676861306974655,-0.20601304578934876,-0.29199652857175473,-0.4139942264572707,0.4414339074064091,0.22783321506406207,-0.7530461580968302,0.6779831122374402,0.10977138487997928,-0.013421671687746883,-0.11048919324057405,-0.7229588832791989,0.1565738378080883,0.21668768194062582,-0.172333320928735,-0.3874655536304106,-0.8970644766512859,0.23798687746881741,0.03802605612060672,-0.19643734481895114,-0.48612298256350317,0.10909067408328998,-0.38428069509559104,-0.45894918283440944,-0.145340039873187,-0.3218388596122188,0.3030213648249811,-0.8449554536415909
-0.9032059567061208,0.5935546303745851,0.39932458166077733,0.32089636537374133,-0.9741009232295559,0.6866009333808794,0.2821957560417603,-0.09335522415221931,0.33436620587439947,0.1278860574616345,-0.10082476941143126,-0.20807345515044795,0.31692705652034703,0.9327148805277696,-0.7665179108306197,0.18449246320332646,0.7904192236216395,-0.4367916035223667,0.12731998154154045,-0.5062246118269347,-0.9413867255667552,0.716199520008504,-0.41744173289131736,0.8674614468929751,-0.1351208728454112,0.18969566145991967,-0.9843893869210221,-0.0572984577368946,-0.3372333693151166,0.40770838768015794,0.8729837554726299,-0.21333386611221705,0.49952180671609825,0.7920343788220694,-0.24390505306524313,0.313580160048045,0.5791173151277704,0.04555617287261898,-0.03308667604068738,-0.6777772660012393,-0.33351419036308183,-0.5211221668632329,-0.3545166380028042,0.00592670943847029,0.7744171193873524,0.503654180432052,-0.4417735140913388,0.009420576184373752,-0.7294267465998576,0.39682578033751903,-0.7439262783890364,-0.3473274791908527,-0.37081429862250137,-0.9641516643928965,-0.36349483935824334,-0.9695413833409536,0.3576873735324593,0.5235685383409869,0.27847990463644545,-0.16445030891260637,-0.7317444390629413,0.0679253138128697,0.3675704649930991,0.6702889635521379
0.6007289126266735,0.9552905791762727,-0.6156759759964607,0.6521442467605683,-0.6568932617105425,0.025850514371012545,0.4192539503301014,-0.016713396367596278,0.746193014418971,0.6019660509774865,-0.4030096173786364,0.545849576927188,0.10223041203833941,0.5540231957857391,0.8871910936430336,-0.29753428948947813,0.8395275195290979,0.7373593822723665,0.13873565300837298,-0.5651031744691575,-0.8653896682787534,0.19314681294057823,0.7085319191021064,0.1736968295174226,0.3795320510797191,-0.8625186419502131,-0.21228919977502003,-0.00735675224259813,0.4581680086536426,-0.2970080950165175,0.33470336564778647,0.7103450649677365,-1.0973118483187343,0.0936809318133387,0.6238093584532793,-0.24780332481482747,0.06763394434778536,0.7815583689269159,-0.12534124056293217,-0.6042665505505616,-0.820590300909946,0.5955362836396636,0.7683023554959807,-0.9887609916693487,0.7631050315944499,0.43109596935100436,0.3906407419832112,-0.4376382772737015,-0.07922600156249926,0.8705001825309744,-0.04354023430975951,-0.9958185050668504,0.8134311978411144,-0.7258940593968426,-0.8595219076043417,-0.2612478696255278,-0.4808880486245861,-0.770312146721214,0.6600054979037226,0.905785709936556,0.6672868922915711,0.6097051627269452,-0.40831028723379914,0.3485583840245188
0.5550043566593577,-0.8100095495140625,-0.42934674654971583,0.8258155613899456,-0.724120206319508,0.1286371826618804,0.6254963154567164,-0.562904291062228,0.9180286801446085,-0.6118268429694593,0.352166080695387,-0.3890763529953787,-0.3957837079967945,0.5585232728959697,0.16735660502763383,0.1310828916231297,-0.002682152259219972,-0.07161427151297617,0.11520675131008562,0.8963553161399254,1.0444161098881402,0.7688521398833041,0.32530289111183064,-0.5435141214457,-0.9589778348042473,0.03305398136537896,-0.7589692975428926,-0.5876900921434984,0.05515285583882812,-0.6387764534402056,-0.5230367749540925,0.5764884441652434,0.8198791336440401,0.7550601192565474,0.7509478197950175,-0.7291009842829153,-0.9394542492715923,-0.3437330873230895,0.30325437198602945,-0.9982519589165553,0.27568187566752234,0.43994770021627505,-0.7323264231830093,-0.5249281354573467,-0.5595057240680197,0.29441997411447396,-0.4699511674856749,0.46148438236286116,-0.11788554688611619,0.9188378621826583,0.4999548168865371,0.6422789954926904,0.6301568236444142,-0.3695847918951749,0.20948536856735278,-0.2851875353467388,-0.7600126847622846,-0.3826921742784932,-0.8463716402076615,-0.45636841097739267,0.5068515222999928,-0.7893152202446581,0.3498359750756288,-0.6694891274248111
0.7672290957574981,-0.37875791970106554,0.7669876571263836,-0.37073204756653144,-0.24624606477510724,-0.5882631359005226,0.832985369923996,0.7568686203525321,-0.5779695700326817,-0.2203527804730625,-0.15477739152336278,-0.14201678928577866,0.8974534715937146,0.7700288753771085,0.9672618944402791,-0.189317455748655,1.1130565913993076,-0.09667255528097307,-0.9212510915596472,-0.5155402294154032,0.7813358909368258,0.9337355727440353,0.6185794205120112,-0.18581591369604733,0.24124534411258147,0.127131888326943,0.25665247666774316,-0.6167053559753926,-0.7329932017676402,0.708081100912465,-0.8352099707478922,0.5450542338139068,0.4942872727267227,-0.8829189469560381,0.2573366583560277,0.6169058560565077,0.8716423050492361,-0.7196931887334392,-1.068542996334182,-0.004073316614445099,-0.09586322675087922,0.9403037108996062,-0.6313122930953134,-0.6609283854946277,-0.6510686419601872,-0.06550068251812857,0.5787125101709982,0.24819930446560545,0.7333284979474479,-0.2719143778953492,-0.5392024468552774,-0.7360368219366884,-0.7823211154751171,-0.5769495583070767,0.12086783736459394,0.08540709568711269,-0.8091641049284155,-0.552734747705499,-0.6909807085080246,0.6441321657430894,-0.5323623684059908,0.18666236329794783,-0.13675714793099014,-0.06408683325610443
-0.7151428915769851,-0.7814630408488814,-0.9646505368203866,0.051401029492551986,0.08192414964649619,-0.2430409885278244,-0.12191848263815674,-0.9244514956288314,0.689513633134951,0.7981199492263762,0.7494850511058804,-0.33166398782031403,0.5019037920003482,-0.771337562449175,0.07555941318124759,-0.0848519391474849,-0.36074352837278467,-0.8715030263581742,0.3479409583068733,-0.7252179565848227,-0.11336280919270791,-0.28553096797296607,0.06899425550035443,-0.7975673014138307,0.008870372050378439,0.1758136047128147,0.9822880611336224,-0.7811728139282015,0.6402804259661095,0.4979278806618608,0.5250095003489395,0.6806393306087986,-0.39353631189970506,0.6253563308851802,0.5376758379696971,-0.40691031117881754,0.809435761425688,0.9780460891801188,-0.8464432431541771,-0.22320838114177155,0.7672970662521168,-0.4489487999824644,0.6700171050081783,0.07690433783373063,-0.8870050767279083,-0.35435343979793865,0.21976556046429163,0.6361457053520734,-0.6126472335121766,0.028580583857477526,0.7580783694824194,-0.23311268505655813,-0.17316092206396339,-0.49077111210169044,0.2718514471607276,-0.6942339962373667,-0.9981664730654736,-0.5562479386783834,0.2648907961169966,0.2854699378377756,-0.38828310779097897,-0.3194181081886074,0.3465959841570727,0.23652290091577077
-0.5399960786466398,0.06366016588233214,-0.9360937342479617,0.7019384415584013,0.9724396520759575,0.1574652132636407,0.31753556608856387,-0.33205459882002053,-0.6261820440573838,-0.13222388041680871,0.706379339347631,0.5004006022098837,0.9639969895742839,-0.47203408780937384,-0.6310456796344579,-0.5309433839578868,0.6938575060494954,-0.7994956483310629,0.8948599061176454,0.3227534463641568,0.7171737328074652,0.6399325999399853,0.44016331125849795,-0.7376892011757039,-0.8152033324180188,-0.624342983503716,-0.7189416634356165,0.6171798208800809,-0.35687836375506343,0.3121666310996174,0.43659083480482397,-0.8582088666234386,-0.6939023414673793,0.3266476821163866,-0.7353114683133988,-0.6173699522999105,-0.05028197031057688,-0.3724859109155432,-0.20181392715767132,0.272668585474829,0.20036471510477716,0.2431417326962686,0.6849177317560761,0.2859594130562757,0.516623856344614,0.6089955306246386,0.5707086638620851,0.0055469826995269145,-0.8240045863315812,-0.7693187558151149,0.6367773479914971,0.7140715707048984,-0.18600792469823446,-0.18786355921846587,0.8783012663423624,0.25860805855276947,-0.8295284928752322,0.5329850590133174,0.1765816448972164,-0.3131032389864221,0.6104153150353202,0.3054887481695281,0.3001058402162935,0.6144312386751946
-0.17402071464915325,-0.105594267746004,-0.28677280294273144,-0.32589474767380766,0.5510100506802642,0.9530161564876454,-0.6788310774696795,0.06408687544087877,0.8531070159178431,0.03681128026257893,-0.47706102931235783,-0.3914594753630638,0.18608593752963642,0.6354736758612769,-0.6364022899262247,0.4613378703610287,-0.715818348773112,0.10533665605363618,-0.09734731207938174,-0.9764634349587582,0.15376655392399985,0.2767782482394696,0.695742955402189,-0.29942538746019487,0.34505903099536384,-0.8939309428865967,0.5261276455683197,-0.6158943688858314,-0.9952005313542809,-0.6978032977004762,0.7545735198235841,0.6181198712500524,0.1323851899511055,-0.07477912847524526,-0.8862412175356056,0.7804993036812429,0.5148642309786864,0.8607934557372012,0.3533924193035538,0.8551576731780017,-0.4959265584690056,-0.4768047357263423,0.4514869038962963,-0.17289725196430067,0.49536120174670545,0.9646161046992885,0.6586631601573327,-0.24194341421315246,0.507887688832213,-0.9510399226734324,-0.9913962283412798,-0.5975078936482188,-0.162887876191105,0.9358603463217479,0.5142918916141102,0.5775878233464954,0.03067727486705718,-0.43258820677445553,0.902513148310889,-0.7133139578934589,-0.3811800762349038,-0.15389155024782708,-0.5008271824691717,0.39381697965766915
0.8230866404577288,-0.5561468858335119,0.8517763178659152,0.201671870957556,0.7040842709831263,-0.7506811788061483,-0.8769028443979812,-0.18338603716919577,0.4736781327712416,-0.9460229606905184,0.6447008331499393,-0.8395106155090124,-0.05661022321319309,0.1283779096887392,-0.24387519703269733,-0.4393770417749139,-0.37251158313257804,0.03495854732490722,-0.6915952753752888,-0.9674791642520231,0.9734538115202636,-0.06988324455031902,0.4047984146563579,0.3178458866406175,0.7636382384369242,-0.5618824457884148,0.8893942365607634,-0.1361378193156998,0.8156398063572068,-0.7381629980708748,-0.44462319315138404,0.9152462794827549,-0.3807788560578833,0.6022332240395443,-0.7763571883577145,-0.8781843873742767,0.602375996838806,-0.781643179380475,0.1361522391260468,0.31170497735095215,0.4680159374265993,0.6480427514050815,0.9060214481368769,-0.8700825808923089,0.28380829868183727,0.04552526250381739,-0.09675001267682237,0.6370483220273198,-0.17499601221081051,-0.4762238045129401,0.5532522816066632,-0.513561328054635,-0.6803904479884744,0.8748696978502,-0.305917854543752,0.7591086226867292,-0.09782370708624866,-0.6336064490842699,-0.055164466542391155,0.6048365951179537,-0.3825439781255914,0.02774654844334412,0.8278447936761235,-0.48792447769778624
0.38482146438861586,-0.36241929555074814,0.6451471647305507,-0.8241339391461786,0.798744981859214,-0.20402306621972666,0.06725913969546893,-0.4435597432640066,-0.9892017641082094,-0.44831598450589394,0.5590831121432096,0.5029612449234926,0.24395256379566388,0.5810438828850402,0.029956406233909716,0.13056350345101753,0.21875466624645457,0.6527792123278686,0.16653316296927345,0.1920760535453958,-0.9797036150382887,0.29515175216118616,0.3272783435279638,-0.8572772168203628,0.18892968422212264,-0.5883970843528734,-0.9709935984281142,0.1024199510728403,0.33152133216132595,0.695623696896988,0.9647028630567713,-0.8418528758298705,0.02221624924890464,0.9952437194389496,0.5521111562682937,0.16972214233686578,0.32277248137772285,0.2958987009366545,-0.6468865970323534,0.5282826132578815,-0.29878393480067755,-0.06158878137575907,-0.8713348986286837,-0.7225578217988642,0.37633898496202156,0.8942697026655484,-0.9991349802542666,-0.6192251362271022,-0.4425496116763541,-0.9241374973297536,-0.22880712650853763,-0.9771641964031987,0.1655430969220535,-0.3143053350264442,-0.7240547145468155,0.4183440546442834,-0.0521421364994783,-0.6227762860951589,0.240396092731878,-0.883800763821595,-0.2911386418037541,-0.6184433343983569,0.6649421735257235,0.9018459706335156
0.8127081850082458,-0.0811304047030399,-0.23688377487607015,0.10433992672338221,0.2676738513653234,0.028650626743034646,-0.5974584753505281,-0.480009644217112,-0.8356134541623748,0.8141429751873046,-0.8266577668339863,0.8537893368581939,-0.17421743410513657,-0.14847382331249293,0.9939350634343032,0.2536410615053064,-0.9680592660561906,0.6548046063828845,-0.8797782766611038,-0.7271702004917202,-0.09437995128325594,-0.7751406521568487,0.8023718889827212,0.0035688478001039137,0.9491947865271384,-0.9795834018994085,-0.5925946745165538,-0.804693766171261,0.9535142738251499,-0.27093347037429893,-0.7955038610535498,0.1483329962531772,-0.32668940791932677,0.7817900072100732,0.8035431136761244,0.6443910845644623,0.5107538601993156,-0.9067516575393435,0.7058949817526785,0.8641336929575225,-0.8603680232665452,-0.8551680764004719,0.27466541391859156,0.08738597749748855,0.15503718889077156,-0.3766810706767685,-0.015108695964823005,0.11969039653141249,-0.7928961966523724,0.4853730036201025,0.9378970093367387,0.31236379341933196,-0.9312851545734544,0.13405276398322163,-0.29956046221733224,0.8785123263504995,-0.7126945110741645,0.018293623119245872,0.5214424320038489,-0.43267505021654906,0.39125837196122926,0.11367855708027763,0.03961523215770102,0.6458172231842221
0.7898781280803066,0.5358843739581438,0.2876592424231974,0.5435523764519905,-0.6573454306381219,-0.7972588340011368,0.8473894094609711,0.8993679198772304,0.16829674934133276,-0.4230254623153995,-0.4899817453540245,-0.03094020626001806,-0.06254024533601266,-0.7023510405502329,0.24029392973532993,-0.7286336551419348,-0.6241803408030824,0.6265728461660993,0.793481571635662,-0.4029741481682356,-0.698187419293222,0.7429513131792604,-0.5635533125935079,-0.14903119727673086,0.8762248200975775,0.01674817475216628,-0.22223179558689088,-0.5603861489840327,0.10141114190245193,0.0859718855891316,-0.420098261256326,-0.47335396809118,-0.6342617107227845,-0.07879670646967596,-0.03485904933804029,-0.8320436453378441,-0.41597934754716603,0.5335230953887196,0.3213506591081594,-0.6189974065414803,0.8092994432576743,0.7512740630695609,0.24937129688790582,-0.9539788304259311,-0.06250013026943724,-0.5393715839700719,-0.057043842710254866,0.11406499786653823,-0.9557592415126481,-0.9121186142881879,0.7203857075231384,0.02007626901187831,-0.47549564987829274,-0.8333493656990378,0.3013143987906126,-0.6547917926998506,-0.32753860939885304,-0.5745914365817866,-0.10262316807339511,0.2758735397584271,-0.49470695726964253,0.6847060428994458,0.22777000632649447,-0.334568689629851
0.10150373738938878,0.3980252181341726,-0.35888568982900715,0.8097767351682721,0.4063334465291575,-0.7245472772898465,-0.2527059356638885,-0.8035766893704239,-0.8669308597479859,0.9845587487997947,0.1482929119387546,0.36391076316097704,0.21230399232287422,-0.23328295746174055,-0.24733160183805425,-0.31426914526551775,-0.29894706812035876,-0.39885682683450385,0.7143118863028072,-0.13899587574775008,0.8265239737453407,-0.527824712836883,-0.7158271893187864,-0.6448354223388801,-0.03981289986002201,-0.10085217093893295,0.03558290755254401,-0.14663130900569588,0.21946624537992965,-0.13190281589268826,0.007761597902581796,0.5050647605808796,0.2943058282432329,-0.6804807483040305,-0.3750189994461759,-0.9696733392953196,-0.3164213039605228,0.4571544752712673,-0.9222510701652606,0.8444023148609694,0.11521967172451686,0.2745962751348392,-0.0757722836198095,-0.7581549025018444,0.8392260363840018,0.9159096142000314,0.20557794259446271,0.361562296962322,0.37108622020046744,0.4030630642539099,0.438125806786988,0.5542974649942565,0.24545650309043388,0.6792035483788925,0.42615107421537424,-1.0756203827865884,-0.30944066284915706,0.5886394265292967,-0.8686033933701787,-0.747906394764003,-0.8360224450295917,0.35578225954591813,0.9802118594652851,-0.09893199550268239
-0.0066165940183857685,0.047510977176802305,0.7212392405047534,0.22375323504312417,0.8568978199064876,-0.6683540486372508,0.5665380984778496,0.2407778110690857,0.7713334279761022,-0.2955183121712823,-0.03221646146286994,-0.9431207781256694,0.5796135779378893,0.5575899787334246,0.10283362889439465,0.008973231535408965,-0.5477427242747288,-0.11398106193858348,-0.5216482517548298,-0.8027258464522118,0.42956794632957496,0.5919299683305155,-0.9934097700098428,0.28963933618572546,0.4954889585903328,0.670499955640286,0.31579261334390707,-0.6203848008844894,0.8595461639054827,-0.5798036515126359,-0.6824051495610076,0.5860100599092688,0.06522768595972983,0.01237744250794881,-0.696420893510203,0.06372218872993049,-0.014899570037288479,-0.5245060137471909,0.3654928274364353,0.197502610171433,-0.7407759612305846,0.655851119240862,0.8274547444076747,-0.09387010277204322,0.4273498241863334,0.23300843426195472,0.058084633077053915,-0.665644816136451,0.7566662688056753,-0.364579162082284,0.5982320395731395,-0.23915466819929465,0.9942770459596937,0.5997160887699962,-0.4559126312520321,0.43302256449575305,-0.28682910533658457,-0.8457810777733024,1.088337577125757,0.22814595128257142,0.8144928558481486,0.45945219261306947,0.6969064981440314,-0.1744711217334397
0.4164164010019953,-0.9114970522046699,-0.8462834697434922,-0.9572833630940347,0.643516835944373,0.5579936144222926,0.32409884786376764,0.9617008330145005,-0.34049344418061755,-0.07468246975934867,-0.16246120373362616,-0.8530199827210583,-0.04841238059396358,-0.4975697749276595,-0.550322236358066,0.7744351243900618,0.174336026624285,-0.5991035363163002,0.03137635567018249,0.6223883996918405,-0.08670521008954535,0.5959931924151904,-0.39920991390358984,-0.7296388159845235,-0.23774655431393987,0.5440196473519947,0.7570581745973928,-0.5923398070931678,-0.4642014094453051,0.04104614423516084,0.7768188794363788,-0.45099289162188416,0.46587975147173033,0.1028230374000787,0.5002756201691945,-0.8434352567423511,-0.05058396256968334,-0.3060679135812514,-0.9518076671377931,0.6656389518064729,-0.8088339774714501,-0.295079342236682,-0.8834802577580239,0.5503126153764006,-0.6441410891816624,-0.2379053065254797,0.4148409066956813,-0.6338351447318904,-0.45106326090248655,-0.6857551641266053,0.4943491764498964,0.02628922439503123,0.06325311224331376,0.3332718670880941,-0.843195786321284,0.265905518779344,-0.3585452857568914,0.8348857146402278,0.5484881111543715,-0.9276070456672241,0.22885253451313292,1.1544326214357938,0.9276668355621358,0.48027158922817104
-0.06429451584961576,0.4824850081351699,-0.3076972246148295,-0.6303773603254255,0.4973627645513319,-0.7225098495788784,0.8703335714695397,-0.6297681646368016,-0.4051812011816964,0.18736764950768703,0.6198187365127967,0.7559068674052889,-0.8883094712578284,-0.05193247042909599,-0.936996038370544,-0.37652513479352523,0.4206072096472313,0.9410307168473069,0.34507675114728076,0.1735321654215194,-0.9939180938742291,0.6431360114709361,-0.8454024174593917,0.10904059323267923,-0.05197997597364745,-0.8785890792472824,0.027598297326995702,0.6992355792409946,0.2501901177946284,0.6537907353656258,-0.12042918484131904,-0.9805175527536187,0.6990334741142525,0.3555271016676762,-0.991454922991269,0.257553864574394,-0.6186793641909738,-0.3555009506444078,-0.07317305026466842,-0.8629092369794984,-0.8343557766618526,0.8551851185867698,0.534459312949433,-0.5863911788476261,-0.8925298213900783,0.4530576166963711,-0.5093159072659481,-0.6183173274628406,-0.7570215545448398,0.9484359193177174,0.20791868909659428,0.6665766443293542,-0.23057127658537557,0.6489440364785142,0.3559415610889536,0.8917067378968431,-0.5751047462799079,0.7071548488403763,-0.982427583377204,0.10150279690260411,-0.5078373953078772,0.8577628694081267,0.39732539005121703,-0.8036627466246775
-0.4117638091087328,0.3570509718558468,-0.6870216472955804,-0.1935477929803726,-0.25684739434790727,0.55838449024578,0.2713767285370563,-0.8169346586579038,-0.27134951653680717,-0.9443779741726495,0.08054461850650219,-0.4255726723353028,0.2918036118297036,-0.0943962259770339,0.38020381118635493,-0.6613140859969358,0.39049688936906635,-0.9277318355265762,-0.7315793247978384,0.7292122239563192,-0.7104009083277987,-0.2831512785076713,0.48338294360150824,-0.8370967854123599,-0.020875945299564602,-0.19991637219656333,0.8913449353529201,0.5434487108376138,-0.4729219333260677,0.6223425850661357,-0.3721268069911894,-0.26745951175475025,0.13596301550028023,0.15678033291927762,0.7588754770826616,-0.11387293061120451,0.9662554962567533,-0.659893722089453,0.19086466015572556,0.6566572906437098,0.19343133197624773,-0.877599777207837,0.03761477710912686,-0.35266454386094326,0.208541080155074,0.3394436942327925,0.4075996369389854,0.28934319529605235,0.3444687955555015,-0.43870707401188147,0.4722018701510322,0.04559019094341843,-0.13980851029289365,0.780540156005401,0.7501325885092727,0.17584674864796002,0.4661370762798933,-0.43789933424086214,-0.9562668080256462,0.359907828378897,-0.7545805609178349,0.7941802485939182,-0.4123953683822348,-0.945029856045474
0.16830706065573353,-0.6984080173737626,0.29943517231460404,-0.2848789855722278,0.06390679435348101,0.47651141262518704,-0.16507945985369413,0.6174933423521618,0.4067842813906304,0.5241762193201285,-0.06635773027254713,-0.9561798007232223,0.15103593444490854,-0.8260836980693371,0.4954571710961666,-0.7413791385278814,-0.46391833593309717,-0.9615997058051515,-0.5732494417582692,-0.33634175030143365,0.8590293023530413,-0.4766458551173747,-0.8216668981502999,-0.9500348699653847,0.27445971577316186,-0.6383172250633036,-0.5950604578431976,0.47649181415168695,0.1903451154803144,-0.92724699228219,-0.24239196309582245,-0.5449839663269642,-0.8210158040390547,0.22406272599906418,-0.375665445126953,-0.12108878481257829,0.6958821454191186,-0.1773194183871762,-0.8203811900277296,-0.02394247144441808,0.5497498914227836,-0.018686591290041576,-0.8185035231564808,0.16701667603424197,-0.49579771719623955,-0.3093927039218358,0.9525080128103476,0.23937955492274332,0.05061984234673522,0.3010517539411408,-0.5221469959946394,0.7028288574707275,-0.9496556164943672,0.8480760739789941,0.7853159080082015,0.8387562713255481,0.6776767485806807,0.888883537721822,-0.23973432409049322,0.3468904539439752,0.17728750570949758,-0.4864007906957952,-0.7852225163428572,-0.846311385896295
0.41770081622371147,0.43121986578658955,0.2536997677893855,0.37102472272743725,-0.23094925623749107,-0.9176601887790103,-0.7940563200076258,-0.16122673034412505,0.5356016196863143,0.2972528612583596,0.8080693388059579,0.8107237258155522,-0.390547977012803,0.5249736451627054,-0.14433269273424876,0.537855824078743,0.33212718956633314,-0.5975324629995826,-0.5224056154630834,-0.8352435930074413,0.9017875387439009,0.3584894109955752,0.42381883151805355,-0.5722999994041533,0.09377307219415432,-0.332682204042253,0.7337591438852683,-0.24615562225078036,-0.090529417077712,0.4463502351693265,-0.23174999834583132,-0.09509715633771004,-0.7559643428630585,-0.7854239056214329,-0.8207717527473675,0.09423650945715867,0.6080731260359664,0.19430581658179302,-0.3806277456081637,0.5183870197374758,0.8287050335451441,0.604637727344163,-0.8051200943810892,-0.6351691394275685,-0.23141503386140938,-0.1633992952093002,-0.5421662461714598,-0.28896035006506854,-0.3559372104420728,0.592003673402743,0.39181031395551447,0.8763835658044314,0.7169501213432663,0.40916932242190374,0.6771347367498248,-0.07850892074737681,-0.07036084281446775,0.19403742901601628,0.17914983656118788,-0.18779435094045516,0.5080146812881063,-0.6510523086552142,-0.8181484639541166,0.6897487016362578
-0.46163480752321795,0.9703000344209689,0.8431435903146061,0.2985377108476499,0.5293241742401606,-0.3484229292318013,-0.5816680817673525,0.8722140915932426,-0.9415123421534521,0.05998602880287862,-0.36820616558472175,0.5175872399473924,0.4500099925784051,-0.02528601038843048,-0.9901765932944191,-0.757515540530511,-0.5673700605707916,0.23940674716360055,-0.6436509338915672,0.6127708975034585,-0.16339538285832655,-0.13476318061574566,-0.7521528002110638,0.19967066878416095,1.0264840149054613,-0.47042819923235535,0.3310047880114899,-0.7660719487843635,-0.35801272181571453,0.5144207766396021,-0.9555210703091395,0.04549302911175035,0.2176345726899933,0.48964794665913947,-0.22570811811702973,-0.26003433269857945,-0.22646442045754855,0.6930168642387875,-0.33292384495466343,-0.8552804918062306,-0.0015587543997190867,0.29102250997261603,-0.7449934662446258,0.6493122472139743,-0.909468972148118,-0.5294132482618308,-0.9240612060703639,-0.1813838329281514,0.5457734359650818,0.501028185717358,0.3391802460765092,-0.8423326150510324,0.6747542985648394,-0.18044737358341223,0.3077168423617782,-0.581017490402973,-0.39355290584518055,-0.3977942196998048,0.726084858217428,-0.4981100495120725,-0.8588705167170667,0.12810739401917526,0.8672192893959239,0.23180353291783584
0.4326416982101826,-0.386133452141878,0.3062693075533469,0.5920702486961018,-0.6099226296368827,0.6382918831958095,-0.27499156436766925,0.3046458895017934,0.8026102742817378,-0.22096755102043963,-0.31763796558715685,0.3721945017306767,-0.9956989811225807,-0.7390992476018943,-0.2808059809180845,-0.5364039441300383,-0.7229330520342794,-0.8927490836043905,0.24377845699242395,0.2275573133322586,0.3396359820369719,-0.9625602826367965,-0.8281678108062942,-0.7598576180577439,-0.5949263431567571,0.679682843965705,-0.05257803516977644,-0.13933982399591405,-0.47545899939865044,0.811803819304088,0.558904378452562,0.5021847200083032,-0.17184566460676365,0.7198504605270907,0.8051242627174042,-0.6548449663600788,0.5869769217527212,-0.36410725653507736,0.5041918998377963,-0.2983407092164405,0.7197313944501789,-0.9674134263131524,-0.36696103705022076,-0.8170138195875902,-0.6876671993458479,-0.10268002355061023,0.9296646533260422,-0.935546068242957,-0.7745794590891886,-0.3451027743458652,0.9339015311259073,0.769095492119146,-0.3706532249643677,-0.9694226452177204,-0.11853220213363125,-0.08537311753847576,0.47662699130347197,0.590134407980976,0.8427676619703144,-0.01070324464052752,-0.19060164091610887,0.6684057786951314,-0.5061195827345093,0.9625715964680708
-0.7570596728766532,0.09762734443762233,0.2529368931050855,-0.48484018098769943,-0.5446303839357733,0.7613549399296853,-0.8955361678084484,0.320901563924469,0.6806412146294127,-0.8795930396274307,-0.6043987823202843,-0.25679610176503886,0.31728968096495525,0.15852985959720467,-0.5118845578055965,-0.07855630842837336,-0.6212433803876667,0.28376393949353207,0.13721975383808396,0.01721819111445244,0.5626159360635188,0.48763334112918244,-0.9536086664026171,0.5909463356225326,-0.24166206875729923,0.6437527584487208,-0.878654878879412,0.37893305383063636,0.7388950677028756,-0.16803242622056125,0.7352647156840031,0.048644959838591184,0.5590188210122786,0.3048616996438076,0.7459044025780392,-0.5820333448542954,0.3680237242151554,0.5773903288175484,0.021250689365885478,0.20054650683872666,0.05554396366128911,0.6155475248555529,-0.9496720656556794,-0.3307793497168532,-0.3337657198739583,-0.006020175030809316,0.32649345367392746,-0.04216592814363884,0.5663348668424826,0.5315514491392397,-0.6707925634614835,-0.59755588784023,-0.7857946464703336,-0.20670957426114786,0.28233000540156783,-0.9700104547204149,0.5694237529544937,0.13035199730547697,-0.7451731786873483,0.8881563881170953,0.3239898163502868,-0.920462898385876,0.06558671417235984,0.4167117200670859
0.9589171247096526,0.6472812496879228,-0.9623011902398089,0.43848208520607246,0.9730243774284397,-0.298829386253346,-0.9021070634954087,-0.9838760261680903,-0.5590958513818292,-0.32890149031005356,0.23961883979550103,-0.9830106450127845,0.6819463172709712,0.578139329736298,0.41042532962593237,-0.6199410124752551,0.4100215499043396,0.7008511997736193,0.4771539594235168,-0.9083787695664003,0.16379734596233098,0.8675061589751487,-0.5958611050937559,0.6932017777585164,0.8151122733306617,0.08478542638725384,0.21601651552533574,0.6844218428010227,0.28821918640550703,0.3561213983680578,-0.8354071521198745,-0.17435608627079424,0.5926014110360687,-0.4477782784997842,-0.47466007718727865,0.8438956129450439,0.14519941416108717,-0.44872066921276876,-0.8870482416450391,-0.07190443544386516,-0.933573372531473,0.4164497980180639,-0.038421497989337805,0.8053389780343263,-0.9358472320720144,0.6431016060840016,0.20521241850670435,-0.061008196240809554,0.7242592386109816,0.563540158756648,0.5665511260853715,0.3004736596533086,0.3516166672258574,-0.838665741584969,-0.5017328825093106,0.3036489868006935,-0.5943548773174847,-0.8230181696541217,0.6403982767569847,-0.650228268717316,0.2630285783589399,0.6457622978603806,-0.004291231583878785,-0.32204272531480027
0.5486115129966018,0.7932475311896471,-0.7386939475684238,-0.526144937511563,0.405637285687632,-0.9617515406744601,-0.22676706727546425,-0.9764904016573834,0.6868266866186348,0.6554805106569443,-0.6565087021488236,0.23306041648910614,0.6698447338112605,-0.4037205943569713,-0.7413076924911655,0.4332124314370782,0.09702346098736503,-0.9326672237279761,0.35359892351969724,0.30541891008975264,-0.7785637981276028,0.8600993512337818,0.20491060815601259,-0.30505061899142216,0.9592707013044535,-0.29467131346432596,-0.17209830569566043,-0.9547646721873873,0.04630548583626548,-0.06096061765358529,-0.9874079997664671,-0.8889112270887067,0.5171017382859275,0.41616679340715934,-0.1733939758332801,-0.4926992204822689,-0.5825176971078008,0.10642021142296665,-0.9026963314873937,-0.7388840628133144,0.39163009039410723,0.15796498367101264,0.7422642548522145,0.7956278069045468,0.640053502377141,0.4969714257298653,0.5596479020826928,0.5201356917552135,0.8041975351885906,-0.30002147358299647,-0.9052857265855099,0.46380684817001794,-0.6257449365079277,0.10843421100537354,0.9389933931152703,-0.7046224527396916,-0.17326491724475268,-0.7947071437375839,-0.9329199340262948,-0.3068532348615789,-0.031693026139178126,0.7423359508021485,-0.6026980902465593,0.9259595144577866
-0.27335290376992305,0.11174184319999414,-0.9138713026244081,-0.6897823451424345,0.9331694690424788,-0.07917937221536797,-0.5338547066553598,-0.28289958461628983,0.9310462900779073,-0.9550714026428395,0.7425177072606208,0.7660593350391742,0.44731928349389527,0.8448974727148768,0.14076431922844046,-0.18253411019393684,-0.0848849875055846,-0.40684461953343254,0.2686762710998927,0.5043276393341007,0.005109969741534437,0.7994513764118745,-0.846911653209365,-0.25342400184563196,0.8385843853192148,-0.6792706855933701,0.39508780253156595,0.6288619454148743,-0.30301354739336284,0.818226794113029,-0.5450819386662458,-0.44046281676302046,0.9217038729628544,-0.0014865862515536232,-0.3655572560470344,-0.8048120178169849,0.5642005914997703,-0.403498786570462,-0.41381267818967404,-0.22942247149474237,-0.9254381630681943,-0.1526086733131684,0.591473907170694,-0.37386570429748156,-0.4505235709711932,0.9138882914718436,-0.5007565182162959,0.760304480976242,0.978801996857865,-0.7383477723777656,0.675893924407134,0.7293276850859294,-0.146901897997878,-0.5367092150156398,0.2581756528548759,-0.519700173818364,-0.44899729515463327,0.03432076209018997,0.4921862234834491,0.7942877367885812,-0.38989085375496124,-0.047721850437131286,-0.9446729138465384,0.4764626598494635
0.919298202572725,-0.889784908650811,0.3209781732340482,0.5175648053613693,-0.22978611490246625,0.6655955588116154,-0.9836129491264205,0.030409117884073078,-0.011612081280589104,0.399756398288974,-0.8544771897876078,0.595603488837908,-0.3746119750218304,-0.4745579555482664,-0.15495185707388237,0.8935243421013075,0.46189276659579237,-0.6098576660604667,0.8872243526517307,0.11979165946550197,-0.780407147752757,0.579950288679767,0.21242422054083887,-0.18966611891042673,0.8605627047698101,0.005833448723709056,0.18935677869574707,0.35072149203598024,0.11771962537717012,-0.18618635300827918,0.5435124597958341,-0.4173647379631891,-0.7200026921541856,-0.8010589552025129,-0.3895116052331551,-0.26372546424428456,-0.10633365656827909,0.32743477477167293,-0.8716985128892238,-0.6826967329829634,-0.21568500917821498,0.5535292222855694,-0.7773204913699079,-0.9946320412146643,-0.317115518142322,-0.8566704278310495,0.7189632903513683,-0.95997095100199,-0.008956568436669476,-0.1856379683864724,-0.7424668857371542,-0.7884777080099892,0.31187403710204076,-0.037208548840354405,0.9605195695441577,-0.03553055955425277,0.07611960723123379,-0.9395866846053493,0.3523669766183968,0.08906669566062453,0.2395958893185015,0.9436488818974373,0.5396242302635914,-0.5558735883700165
-0.6959066261666285,-0.3184853139747901,-0.32044937683414054,-0.27988851546478244,0.2901683375141275,0.4300386770993745,0.9378596579953291,0.9575871362291393,-0.5053353187819598,0.5438297034315049,0.21833757109421859,-0.014121538051405036,0.997226200620499,-0.7813481889425042,0.37887736246654224,-0.4357833392115098,-0.3404820425759807,0.4944878146739551,-0.07459131826296916,-0.2140771590228539,0.2411559741538285,-0.1251437741932213,-0.6901506400027628,0.3668406736724308,0.3050297060110665,0.9368280891072283,0.7521469025518823,0.1999521812149152,-0.7097701362758644,0.32442650164236175,0.461675464816083,0.5193703146130628,0.25027208711962,0.9820406269301429,-0.41793537617633647,-0.4168891642106439,0.03943295880340303,-0.9273262244481495,-0.16752672647136002,0.7955809240989833,-0.7260792646601855,0.3947837633354359,0.018588050530583183,0.42655253502359436,0.8188631835519483,-0.9228998776131649,-0.10491683497436233,0.5417281441453812,-0.31293677692200994,-0.8991345843397387,0.33032236511199065,0.6033123541260046,0.642150607598218,0.05040866914662501,-0.28497136051601113,-0.12996624669936208,0.689289218348764,0.28255967213164646,-0.14138091565657612,-0.8014372488246584,-0.18845139726996818,-0.17916147558532503,0.27858099809504555,0.41691860641506095
-0.3798635724410684,0.09284590592707631,-0.9569187063202873,0.661642147292157,0.05143114913607949,-0.24080509213737433,-0.6920898076397632,0.26162691779160285,0.9367737435111541,0.5069225905730725,0.6005991301355615,-0.4469156148310809,-0.535765269690829,0.5408679729783956,-0.917987115874356,-0.7561151387350127,0.43214647607622036,0.32661238933682846,0.9544886594560811,0.9557819323598153,-0.5384350926385058,-0.2422089929360487,0.9687259149694545,0.9621213230548173,-0.03766644090026361,-0.5474256520984762,0.8239399925097897,-0.6708037792615493,-0.3899707377785908,-0.18446501885577674,-0.36741796380860214,-0.7756311647854812,0.11240253809656697,-0.8805858427929943,-0.29311624111383927,0.37392275409124776,0.16798430210069903,-0.6258598782018181,-0.7537838232549103,-0.21050211563703747,-0.07719830615168877,0.5551504532178786,0.9201317658260195,0.6833683526765031,0.7006238811560717,-0.8740010384045274,0.8532486226428304,-0.18017988350787162,0.8866757301315906,-0.8222456886276924,-0.6779921149654922,-0.6536436387903319,-0.6013217221343177,0.7915535758526813,-0.5452803018311676,-0.9546932360890323,0.12103652410213872,0.3254698725423888,0.552290720190161,-0.5822571456710597,0.08373482831483159,0.9754789581785877,-0.26900794119132665,-0.735257090175117
-0.7644790076642598,0.7296821046021014,0.4436185513775721,0.5938626754871459,-0.7934317051834567,-0.16691090952241527,0.30153077711475784,-0.09254031266308482,0.5460879915681409,-0.48660409274000904,0.11862387586939427,-0.710985005678072,-0.2782119713383724,-0.4270242910890123,-0.2935631670499219,-0.9882201145246183,-0.8573471035240388,0.7984735168103883,0.11200539880168256,-0.14904059233470335,-0.03000226105726561,-0.23280201232292264,-0.7286245251705017,0.6579814475671155,-0.05874203832225655,-0.9131318338616172,-0.13729207911697316,0.685291160171852,0.7100229349276543,-0.225649956543716,0.42117102060260536,-0.5582343076925724,-0.6518765864641707,0.030732094110556663,-0.46086519263055115,-0.9203306638832935,-0.48052636128660176,-0.36163008610009806,-0.0009226490581702995,-0.5515695084478893,-0.03546734749871305,-0.337494065055467,-0.9380118712371797,0.8374534576219976,-0.6992821047680071,0.7029883400735595,-0.7952769383964233,-0.7586039905757795,0.15393684426388066,-0.8535883912308053,0.6334296734978007,0.1734533887237768,0.4578691898348395,-0.8484518247095783,0.19420666587425384,0.6783264275024328,-0.7485284409575848,-0.5585375432804496,-0.909287382216792,-0.9212225133638696,-0.15979494954286677,0.48100510813499087,-0.4567278837684168,0.017952483708982336
0.5877065074753274,0.7741940993376388,-0.8689422166585707,-0.9146829840536292,0.994910993620822,0.7807369232945679,-0.8795675298634178,0.9515697665540575,-0.713507397974048,-0.779966361316037,1.088826099092766,0.7792257363088679,0.061487380669443814,-0.2831358717750687,-0.48636139600677697,0.11936886474982944,0.80154986283796,-0.5482516095655103,0.19994754364397194,-0.06234573107307789,0.7623875759736367,-0.5753108073312592,-0.45844879401208805,0.09875681546935033,-0.01285986777198489,-0.887823800341768,-0.08250417509302554,-0.7412337797142527,0.7762154192539572,0.9238399864233149,-0.12658982488085235,-0.4408776998814552,0.7272310407721985,0.2618980327493312,-0.965582556924464,0.20164894860827642,0.1037135681549568,0.9070241520394406,-0.3610408627228856,-0.8027091680130531,-0.0005752749755476572,-0.9022355619251432,-0.05115816273318244,0.237536986438176,0.37460831881765344,0.37991204496165265,0.5692792608385402,0.9685470925268698,0.6204638940997216,-0.29246568787742966,0.2428414753769088,-0.7125077065382923,-0.29259847140080164,0.9161931231254568,0.6315005952278927,0.7713786503529165,-0.9441143492271311,0.3516108065468996,0.199446544112297,-0.9391462983207475,0.8077353000891496,0.7354276373489025,-0.7528683888958507,0.8860779631401703
-0.7516523094398093,-0.03478906843222629,0.8289939186409447,-0.17648823252110746,-0.23515685335635927,-0.1064682382913058,0.3674366948943042,-0.40870800011956177,-0.047933152938713974,-0.5521003884816511,-0.737080543375048,0.7287090600674089,0.968175355752219,-0.1575990612207443,0.7734529941086148,0.7853081609359076,-0.013367107565822905,-0.5217497119263839,0.3600186929110196,0.3464341107772144,-0.8960284110618342,-0.5663094924624523,-0.041140578141272144,0.8562432897618273,0.89154990795969,0.0795396938749644,-0.6811721527629173,0.1469494495757835,0.11144295609395205,-0.6768859902736519,0.3291835941979104,0.7413749545688599,0.04271889372629745,-0.4280430879927626,-0.3672149272944325,0.4145911369645381,-0.40028418201353655,0.62566889719247,0.6046109060753211,0.1883566712386664,0.3387645592896533,-0.5137998320558621,0.8496466586976323,0.41022984310762856,0.2277255467061236,0.0237568285605545,-0.14780147318651093,-0.06347497944231728,0.4827285574313107,0.7585887644504159,0.5820050393486591,-0.3939519724255136,-1.0415783633398883,0.4546128116416628,-0.9761240108111116,-0.7058023307153225,0.8174167643532664,-0.2280550708678557,-0.5800835711324074,0.15646974812111325,-0.727856494701316,-0.7630295236158042,-0.46749379878184416,-0.12912646835229746
