0.853113088018009,0.956371886063758,-0.16738154116078058,0.8418757160841434,0.3529984068925276,-0.004326363575650624,-0.9909549999015839,0.14585489890853348,-0.27708364404862407,-0.40134686812926884,0.07445564005087282,-0.03359503505325365,0.18325475154383625,0.8217940105615249,-0.8877778954762017,-0.1531176969550564,-0.11330360639962414,0.7581392453546713,0.23691967207670211,0.786159169356561,0.02972378297835432,-0.17572316237334673,-0.8989980383732702,-0.08604898651675663,0.7188331007251126,-0.8969853546290885,0.1863141229305238,-0.14649668577059383,-0.12144566871138657,-0.758783679385733,-0.4918882791588137,-0.0856922413996399,0.741333879606155,-0.12103740745665204,-0.5462028865759782,0.23852765767215925,0.9636413520538653,-0.23397678794307697,-0.880188605429334,-0.24668954459386266,-1.110133032127852,-0.9394396187288323,-0.4567129217795288,0.060935954313270174,-0.11077435926916106,0.29881894647433704,-0.8586460059139939,0.2085274611159824,0.31581450159369606,-0.22939977217012747,0.5352223020444391,-0.3676468327301752,0.35484408461162226,-0.2802514845767432,0.43967905355630793,-0.656137749262357,-0.2935067077327379,-0.050967669802414656,-0.22966413379964268,-0.1607011483729141,0.1764135305478296,0.5134414681959686,-0.5800015921042623,0.12681450544950384
0.46667418313156567,0.9354808785742118,0.05251857005552038,0.2708429353592012,0.9039954514959213,-1.0214209105091092,0.05891116068822308,0.39974156425063856,0.9001096549707588,0.6452178689695804,0.46210074063336676,-1.0684192055554422,0.27023663674167053,0.23324567068414628,-0.46511479520815424,-0.47357687740048315,-1.0743862142356,-0.691649690948241,-0.4555381794296993,-0.6357892917061606,-0.5479309015311429,-0.5295770954750844,-0.34413344252689243,-0.5917040585465397,0.7680683473163885,-0.5076008443557121,-0.8589109005273948,-0.015416685990825726,-0.1883941591225507,0.8958540301557973,0.2749885895551185,-0.0015069811490233398,-0.879739290881452,0.4698619671708511,-0.38566987156775223,-0.11854020659452455,-0.1745800284253859,-0.632013402259948,-0.49392369412703996,-0.6773407381935713,0.13396065462503903,0.04823795760187777,-0.19382413864547174,0.614639402483677,0.2632735162394282,0.1408393812519935,0.2590497923288555,-1.0198735524492832,0.7792359645533509,0.8849143061732669,-0.6937965423818686,0.8809167802509156,-0.629023610416324,-0.7365665472731607,0.8869391353046839,0.43963880552831147,1.0286074346323488,0.3464177144128516,-0.6170084538616638,-0.6503397637619814,-0.5277771585711588,0.7796669717691415,0.8607879515365124,-0.06212800958726328
0.31865459519189643,-0.4822461414776344,-0.8492988747895318,-0.525287310978295,-0.01504570433989931,0.691987382163275,-0.7830500007778701,0.5869087434601801,-0.2787054848091539,-0.8943886326331558,-0.9710290449671668,-0.24481749116192147,0.7943808618449706,0.8163151499928761,0.10391961218267193,-0.6942144979652586,0.13589159267747417,0.4173402564116869,0.024683922764144703,0.6747533781869511,-0.3609634323506946,0.21315331750393532,-0.8215873375647829,0.9865666846193051,-0.4903688526307922,0.7260361190591808,0.340933461377661,-0.5590018115059472,-0.48260569748702487,0.879591892351949,-0.7278859373415972,-0.8837356894578405,-0.9712825264197257,-0.11388747945958351,-0.9276113063763328,0.21411608230771845,0.4290502841933365,0.8936019318449406,0.8091020832469548,-0.276748290197127,-0.31047799799911324,-0.44059239105794545,-0.5609409213867826,0.6620626463177747,-0.5155437639854717,-0.36397334096230505,-0.5963152016715132,0.30824718002288204,-0.44708186125148885,0.5302911466605275,-0.3216123456245088,-0.6437908969243982,0.5227718297199656,-0.7872329643893996,-1.0401220374508806,-0.31981386789915073,-0.797680716317785,-0.2780150664805442,-0.20089282478201553,0.1136306855404667,-0.8232813037385498,-0.6823268512699616,-0.30318140619460865,0.44589617345246463
0.6275389375229725,0.23085685141511514,0.5481720953110156,0.45678689632557234,0.32368400002073316,0.1266946042201748,-0.2363781450668988,-0.6391967453521377,-0.783320911294867,0.8010562132124921,0.13415456350135674,0.158921951571915,-1.0833259469672194,0.711970504784952,0.5038320284924993,-0.008435509317605921,0.4422574694500918,0.7524483360842975,-0.1699916187356116,-0.9985007299955844,-1.0866354999269636,-0.5475288944324619,0.9322978814898897,-0.15969668870246737,0.19576466839285628,0.10216219554674945,0.15374252654148676,-0.5187598898525011,-0.7900307555649566,0.8046033719568693,0.6829144965891984,0.5765820200947752,-0.4220080521506059,-0.32152377434069584,-0.64044532059009,0.9347178903651501,-0.10133115219700992,0.46593502264038933,-0.7980896656463011,0.8357313051983102,-0.1962410028871403,0.7385790244986239,0.4084873481459993,-0.8537826750676056,-0.8767462435372733,0.5420773000614459,-0.1514154983451419,0.2940541692060601,0.8758132453986526,0.4575301563242167,-0.7518581490528122,-0.4819749574426007,0.802804259223869,0.23059236815586445,-0.38292908851546203,0.013981457337360441,0.2663869187042307,0.031095021102881135,-0.4353954686114657,0.7688497234649502,-0.35715233784766093,-0.9554159306283426,0.46282116449469346,-0.7834270263902513
-0.8832054624095691,0.8675218736493349,1.0015638567529854,0.6338892710918251,-0.7164760247058231,0.2346738778920252,0.47408942668782417,-0.6408814464736038,-0.7345170364172993,0.6987417961427624,0.03190619366563434,-0.7181033659618349,0.27938346283084786,0.24891531912556447,0.49567711735753595,0.10075995626189524,0.5272689965844297,-0.4108928090174119,0.45642378422697605,0.7574927435159831,-0.7661184627018147,-0.09508816143657778,0.42483631919751486,-0.6872930897370477,0.24737337375629395,0.03376747237520909,0.5062867625165057,0.07848477217744637,-0.7163872279681728,0.06091396605798011,-0.23317019313364346,0.8862852143323099,-0.18716888829628348,0.5390057277919871,0.6138954140436392,0.12445894262147324,0.3481506083040836,-0.5193841500919265,0.15557742271418176,0.5474317901799941,0.25542299693431825,0.1219217688530699,-0.7207070019112886,-0.21882881168245608,1.0299925264218324,0.7293072521724464,0.07583038654756,0.6652220962764614,-0.26622304926816254,-0.23150717081550068,0.12574877131945955,-0.8392654246518995,-0.5017530580909042,0.05829371034469126,-0.4580167867499406,0.5056583457977664,0.7458211343945158,-0.5723196598349224,0.21347692608710875,0.0811768158098934,-0.8104188288160328,-0.231800681640708,-0.6582748594440817,0.784276176824676
0.8456101373568725,0.7286049308779551,-0.1987305504441188,-0.10244786513585491,-0.07377799272838866,-0.7700381955346246,-0.12399906721293934,-0.1698036046452891,0.9800580687466354,-0.8754438803796495,0.24561437115606483,-0.15433044210958244,-0.38991974216804426,0.037873031761238185,-0.8272820121645593,-0.44141432946410175,0.47945247971751814,0.0352704768026019,0.1839841374251297,0.12111589581707086,-0.5560421133941919,-0.8432021874624825,-0.82662682742431,0.6419288753921957,0.46713634700913237,-0.09914401088967624,-0.6994785219111674,0.9319167963006569,-0.4444481190904872,0.6390835173704733,0.6080157258380363,-0.34003298324356657,0.21021993385423404,0.6456403145270557,0.08330915992088059,0.9682227999642418,-0.25082738975694124,0.47243109457040605,0.17201585865376634,0.11501857409938915,-0.5457352266220823,0.5418154316989711,-0.6768672905249815,-0.5354042888620156,0.11602899290655153,0.6142277513840215,0.006138532703657315,-0.6932085949818931,-0.16491936051712122,-0.13880285975750162,0.7357447767228296,0.4644580233827451,0.30599721452921474,-0.7293693034158181,-0.22782110276506248,0.5296263901974694,0.2387026738039672,0.20240950795538612,-0.026473333959281392,0.5569200449041822,0.02005391456574751,0.9320992817494992,-0.3775062634815303,-0.12401691903814971
-0.3370463773173464,-0.29352244689365636,0.4658122485270146,0.6441448680659192,-0.14776656274074818,0.4399816391399719,-0.4938236302950719,-0.5371794210191898,-0.17209577662318648,-0.321191411202909,-0.7100803868426063,-0.5775731345491587,0.20598964862946365,-0.2582175220956297,0.4758273259235183,-0.5447093178149452,0.6949751992382853,-0.682173419502957,0.07137369213759989,0.611340218357943,1.0219742975954405,-0.8361206199524731,-0.7875211634946337,0.7948944784998303,0.1854584488371921,-0.887674717122533,0.10233434592009105,0.3651219698344714,0.2011880425841522,1.021600437580084,0.22305577043514413,0.5412782819407891,0.04288123738924496,-0.132443226368264,0.26008773805301755,0.07454671879557646,-0.49042011515297934,0.4796002389478054,-0.10319270755307626,0.5708532757163391,-0.4091379247977196,-0.3181555382677851,1.2138889423666068,0.1842350047234171,0.3003627119297406,-0.7667871958251252,-0.6760431018691675,0.3573679937825249,-0.846944752501268,-0.8697422074605325,0.9365530070747392,0.5984180305918498,-0.44969485989516184,-0.8892644132341846,-0.03701798078716684,-0.010648410080963233,-0.5272595308253765,0.717912645530893,0.504851397411246,0.9634910660285287,-0.2234841004875188,-0.5881789891436504,0.25298777286886515,-0.2350428072699704
1.1023902094484421,0.36256917500123675,-0.499881483125322,0.0975944144716617,0.6404957218334978,-0.6223050572969272,-0.14949833574216265,0.7075634634429179,0.4056180427048719,0.3383477214207554,0.3164503001966201,0.7795971744145315,-0.4822345598964273,0.2594262627164968,0.834967831433356,-0.11826191622050675,-0.01596849581897873,0.8089673511561883,-0.61045865042796,-0.6363384127584306,-0.9199440940091547,-0.6221004808789516,0.48905579796759246,0.015535790547408668,0.156363276066837,-0.6417958913628344,0.214085860730843,0.5770875009324065,0.29315395377805464,0.8363290705486262,-0.8647883088370387,0.4532758765709734,-0.4686171485306888,-0.47272416438892456,-0.08324865569081688,0.4121032077210618,-0.2950887193047449,0.8547322434388289,-0.7395343898847113,0.8586559940810083,0.6128327233540767,0.8397366192857676,0.09409689158862655,-0.6182840711329756,-0.31751002061285716,0.004334897873846805,0.3038657331351893,-0.8793988385069094,0.7736655791521595,0.1795593735071496,-0.16939832419633738,-0.36738166989152876,-0.7171010451325999,-0.43393810166401203,0.46267590476187537,0.2225169940429858,0.20083016426557002,0.011198670026150284,0.46588404413140405,0.17985262388629963,0.9931571946733254,0.7018973159694041,0.6941280524372141,0.49019246932786054
0.6950917673916184,-0.47457604733033687,0.7177134548064508,0.023450118697289968,-0.4778440347628727,-0.2962573808883186,-0.06932856601194877,0.5806397094414921,-0.4014838642066,0.3374056035750793,-0.8195779441597367,0.20332970327045313,-0.6799638729280264,0.42184573286881666,-0.14975928439379094,-0.9932826424599238,0.805090424686177,0.13515430459858122,0.36910687111763973,-0.47264723551239746,-0.21689306737047057,0.7524300047377247,-0.20715521403846848,0.7356284263171375,-0.603214718775848,-0.41241728159384006,0.6332613656642019,-0.882472762175388,0.5042706443819623,0.6178039933102863,-0.13597798643534745,-0.7059691744350147,-0.6804236764651086,-0.47895796871223595,0.5726196060687845,0.7708501883709845,0.7844011014180264,-1.0024228813144962,0.5598264221047944,0.1659217992276785,-0.2799087288107245,0.06665063869087899,-0.6904406277780699,0.11498338678399062,0.3019900313234072,0.3338890718335707,-0.022627566482669323,-0.8103001273649925,-0.9219985316243103,-0.6586266215540719,-0.008991744022249587,-0.5495738228937754,0.4042722048346542,0.6288112448319217,-0.1406712495709471,-0.19288109913362186,0.6308857200663416,0.7755578050606634,-0.5545303106782765,0.6156360494362518,-0.6955346425671339,0.1833803562541585,0.3888366526273086,0.9793157075857086
-0.10210791044269582,-0.17912453239877923,0.8416702263349036,0.8206975524668764,-0.33652523325598216,-0.6728596202543403,-0.8027726591119565,0.006932840374187954,-0.42829417622680155,-0.5819677009804545,-0.9035758664082746,0.5322951237357751,0.23236334699129546,-0.5858897408997451,0.8288823196109172,0.6517679281567752,-0.7894786634322234,0.3191195256335734,-0.33734639316095094,-0.9201523841792092,-0.459694844674128,0.6239094514162044,0.824984451552218,0.3077789865817102,-0.3600898590978898,-1.037890380561645,-0.93047186382102,-0.5082411326135108,-0.6274017712405484,0.7423786459170868,-0.49751154839196254,-0.7324670378082212,-0.11467298755316241,-0.7180761498977148,-0.3412867175962976,0.6464140613706314,0.23654116313825635,0.10825286959257477,-0.5614604724136691,-0.9611141488293574,0.8717363235030317,-0.4582146995064569,-0.11052117093154261,0.059672739042832657,-0.8445242352029854,0.5327091824488739,-0.06575731216759462,0.3935551247676153,0.4164857482989468,-0.9401420668449375,-0.20248021259716445,-0.18341314366518224,0.8552610411818193,-0.4845534476877744,0.5003191169784104,-0.651759738475437,-0.49490060414559256,0.7081862138279674,-0.04960119175432781,-0.1919732686397464,-0.21440538213036922,-0.019871739281662096,0.5557713063755366,-0.017418228654040843
1.0656100699420903,-0.06045300785698274,0.4282494965526992,-0.7084433598087333,-0.6636637372647409,-1.0128519578456325,0.12532382697371394,0.5680600024530349,0.45629552036763155,0.5961938690344832,0.05493991008544663,-0.048654945877121714,-0.6645834471606744,-0.16863724223192983,0.645643316614062,-0.08977887118105779,-0.3273745614178883,-0.2812757353052895,0.026080497465622104,-0.5955677408135356,-0.37358525835998807,0.11059885925687925,-0.49007589124485235,-0.31637037964200476,-0.7664904249469382,-0.02150125849454143,0.32567819345709426,-0.15242604901525947,-0.32263289381831506,-0.6149315659524951,0.7874525722598503,0.4481813725014428,-0.46453100955185284,0.17425683361971034,-0.259895239175601,-0.7545096603310879,-0.40513427153778414,-0.4068922714857921,0.6627200752604333,0.6479943180297425,0.39213184662460454,-0.5089620986005363,0.5772860010970036,-0.6340740412560953,-0.017376585192121582,-0.6750055571729594,-0.2830760077787955,0.8973496564695798,0.5673178913216741,-0.34846360232222534,-0.8032229894752826,1.0304675717822716,-0.6022660286671677,0.0100358555140488,0.6949355686626505,-0.4814564153545082,0.9928243793652747,-0.7405222313377149,0.7281147971950587,-0.26597733575558835,0.6184927366247768,-0.6903162295379244,-0.8683977240899095,0.8128907962560862
-0.5850497125171467,0.7383694488842558,0.6622257719983502,-0.32109262632003344,-0.3765233154168976,0.7949514683107932,0.8639088858381458,0.01290020869899626,-0.3035177003819525,-0.7922787239818341,0.27063923268779233,-0.9762319947512303,-0.3659936700114115,-0.637016668512304,-0.5276512373744423,0.8960776431025502,0.9828125219882431,-0.9095391355230037,0.5099431009309726,0.8235034886591016,0.12330363048784848,-0.08550482221684318,0.5739986256758466,-0.4758043808027756,-0.05766270547884298,-0.6105614079714008,-0.19554972930340142,-0.15574530706481368,-0.04859830446495258,0.0847909604667932,-0.7497906483242652,-0.29635522125211655,0.3764755635012479,-0.14645868474647838,0.7331489783110035,0.9552665590383783,-0.378928740657383,-0.18784320080901615,-0.6658948052104877,-0.010415772464696493,0.6519256540978964,-0.8837178763401063,0.2609941898303058,0.6816336930804829,0.5943845391622384,-0.052920722475730736,-0.00022755191041488876,0.06578101745274442,0.4802404997502645,-0.7101272817579778,-0.857964872623381,0.48934167548918805,-0.019479698010239174,0.01179001130328243,-0.19154534147410374,0.3879447210975111,-0.7200627595138995,0.45740966265352023,0.732162844880518,-0.7482785828337972,1.1168834553237734,0.8850696909055877,-0.2644103567867703,0.48179314618542274
-0.23853706696185342,0.9002695522978288,-0.584206751026163,0.15240487056499274,-0.6833293459364436,0.9575738107404822,0.8831134200620876,-0.036056844330434545,-0.3527545221018116,-0.2146930784597208,0.47190289788877676,-0.09996802603487484,0.8404632409582434,0.2029609378011708,0.20945221592591362,-0.10567548393671038,-0.21919684374812454,-0.9771169682686737,0.7048650247211261,0.15238207952242558,-0.05988834278049637,-0.5320425242862798,0.17026315132012804,0.19644278424389514,-0.5462805317561145,0.6248965022543679,0.582183678324539,-0.6077600640672645,0.9396551498776935,0.2839304976287866,-0.5349547470868273,-0.7477100416405509,0.9509461031869066,-0.5924561290444684,0.005655279002979539,-0.647913854227641,-0.44560599929716266,0.3092023834452262,0.097674564178306,0.3874423217893035,-0.4664618142846223,-0.38353017111108867,-0.29572528222402455,-0.1683135958120156,-0.3690544666722909,0.9764559693178874,-0.3168807003397365,0.40882411454411033,-0.935865371604384,-0.45093981291757135,0.842062075207013,0.4585705289067929,-0.3253167172743872,-0.05249506068474099,-0.9559645971457222,-0.19533268940588822,0.20289219192386637,0.05157214543690049,-0.34031100280297677,0.05444582201642276,0.7536315221575931,1.0645568456837236,-0.42445589856889865,-0.1964095030485317
-0.05632297865511911,0.19570505885476597,1.0745103470021877,-0.6074200300885384,0.5640821714102895,-0.23776763882129498,-0.8829851095200426,-0.3704192860925073,0.483855769072737,-0.5436284269626005,0.7103998850822371,-0.9136547671834991,-0.6672867514506532,-0.1402121277864814,0.1714641717384199,-0.4460212573368425,0.7259720603965895,-1.1295969547673503,-0.06521388361227887,0.4231314723698452,0.6314212980727325,0.5591951982501678,0.8329163559114153,0.8184727245917929,-0.14269334776030115,-0.9808317921227258,-0.43382755208196616,0.8781174180769629,-0.2528500803215019,-0.7423255047671706,0.011234165440316954,0.3253722995837514,0.007109880495468124,0.5962306239035403,-1.192277226891788,0.24398639145918094,-0.8109403239622835,-0.09722819889711806,-0.6798624874457139,0.06486153988082394,-0.512757829424271,-0.522142022231133,-0.6315523121557465,0.7801390308781071,0.2879976969303124,0.3368849810280597,-0.4127441161457345,0.010709027984297431,-1.1780092195632,-0.16235477867583947,-0.20346191988384502,-0.4917002691714575,0.6866045283304736,0.2378973738237115,-0.803801249851866,0.3517718095123431,0.8574591783411162,-0.6262388434257575,0.5722957034145182,0.3170326679875072,0.18586885024882058,0.7432699429191046,0.9489687262988178,-0.7294599327196916
-0.07289970142958759,-0.7887311509258084,-0.8692418520518467,0.352941001994054,0.8205891973527053,0.39253604092736727,0.49748872894029933,-0.8529020584990936,-0.6007051166190336,-0.7599934209693535,-0.16335830539356308,-0.970460298177186,0.9151510413892457,0.2524010167265803,0.8691351124423408,0.11728343789630039,0.05238903987298976,-0.39864367301423154,-0.5220120600780129,-0.9518756677408284,0.7159682832354486,0.3219142238152142,0.1438855341142895,0.49481758373755824,1.0833294623961174,0.44130449213823925,0.3573769362891237,0.31827950504924696,-0.676661012464822,0.44329964406543215,-0.46804599702055344,0.0891194082134555,-0.04432703230110921,0.9298508201033368,0.8644733714798456,0.7332998957564031,0.7200343225433042,0.363558569659352,-0.12783051419765246,0.9126121022572948,0.40594687246852945,-0.6550084221706718,-0.2083418084252844,-0.7828293063722755,0.07365212960645574,0.35795837457175356,-0.8976059423689176,0.6717465987191606,0.5086289741105443,0.9434347985606484,-0.049193123204348196,0.30499243080037486,-0.12475414557295215,0.3981516659823644,-0.6394063213228826,-0.14344626208351607,-0.7331828734433405,-0.33134277372941634,0.3149548235871571,0.14481696276771,-0.35809523896357826,-0.18763809148088978,0.34864425915347214,0.38455936230424315
0.40721200986368766,0.11287777477468669,-0.4145564918674228,-0.34430852589897465,-0.8371030824783458,-1.039603079144731,-0.8920395191021897,-0.9468220872911475,-0.7113523161406633,0.8258729514548125,-0.010139460116467186,-0.3599628283347093,0.5255165374093789,1.1092249848969056,-0.1269847068332044,0.43474293633461214,-0.0798978583772838,0.06474933055149268,-0.8291160923616355,0.3049260013860211,-0.37945713798136077,0.42195535378911087,-0.414542070528635,0.2383846849632024,-0.15799016176322359,0.4650422056871222,-0.6896624917620994,-0.017382100412622406,-0.471397182886391,-0.003993389812520093,0.24909324155769308,0.006359532406352009,-0.7035253168428222,0.3723128892514832,-0.2755237167552269,0.24028243088630732,0.27288444913155097,-0.5744482641171732,1.1011844820621464,-0.44989217284564154,0.21265083905361254,0.641624740445214,-0.07930340089938956,-0.3896602504275539,0.7480646477033263,-0.5712637929878526,-0.9751805901269384,0.3412194461697151,0.21958713536489957,0.20088204615480165,0.4056680713352592,0.8799119399330689,-0.8705240132842961,0.7786498053846058,-0.4805958569055314,-0.5709393754339067,-0.7125951685829411,-0.8968959496781991,-0.35890374174276873,-0.6296287064453726,0.26388281896716903,-0.26829367174429897,-1.0244900864382176,-0.9050178979477388
0.41074876912040126,0.46916173985779697,0.6583395047641265,0.7154328537917699,-0.30545838495447103,0.5501637369704296,-0.24910533663993567,-0.1844769460464549,0.5380182666719718,0.5170723904929038,0.5319853303789246,0.6545862588766457,0.7729624422013711,-0.6709236795328453,0.09341498351320088,-0.7928253601977592,-0.5497818194670416,-0.42898745623037404,-0.12467181759794574,0.7169587216600499,-0.5815257744838743,-0.22149031093419108,-0.8717157162054039,-0.056612424855561144,0.4464399539618671,-0.49819722382623416,0.48214640434607664,0.06448937475313399,0.9409511654945679,0.38544178105424,-0.7070712316963329,-0.8491914907586378,-0.09222075536957494,-0.7982103895809457,0.26582999537256563,0.05603745114400835,-0.6894051725551159,1.0410160885761914,-0.7964156421180439,0.7519292039103165,-0.3335984096817737,0.17951792378289344,0.48569957966406574,0.45938941225028773,0.877810329621271,0.6083955628937588,0.6622250234398845,0.20513376900273375,-0.6231588902485303,-0.26602891961137287,0.09317555124318774,-0.19206211616865534,-0.956735940640691,0.855045880727445,-0.8393221532173832,0.382074128296479,1.0934013722424079,0.7733394836260521,0.4571550430627013,0.42130380704278014,-0.28536054067231936,0.3255363477335058,-0.8471462877122115,0.8914124014184368
-0.05066249598087588,0.5220897648977492,-0.22955712718494264,0.6250623403144968,-0.8062563637619387,0.8454311110367088,0.9005004895936058,-0.6943833636951547,0.07492608757350952,0.17479463288762287,0.8039674032492692,0.6233244841760213,0.49032517949056337,0.5199836103600064,-0.7163710667916501,-0.7094443215236315,0.3054245416601247,-0.9052741046304775,-0.012746835117744895,-0.6292720779534742,1.0068208821771694,-0.15968397670180176,-0.8776156590120888,0.8378493479525303,0.6345817908214897,0.5114029833803947,0.2832579870346681,0.4572762206216559,0.8335266461014607,-0.9703098191693247,-0.21912520590178264,-0.3309253312103943,0.03708853505564513,0.06841862508086433,0.9502358944933632,0.5626415900647819,0.7874660493639587,0.7084061684209946,0.9680680911348576,-0.1550280463279261,-0.09139407784713693,0.3220542976379568,0.7621505354258988,0.09946527117479423,-0.35083508963213617,-0.6129105873533183,0.8035133437773189,-0.969195016970425,-0.3256654354683459,-0.3213051126813206,0.868924744488209,-0.9576612589638708,-0.2692679686306963,-0.01642585413236719,-0.07249518589926923,0.3400378187235695,0.8438515726880756,0.5247580234574921,-0.8547724651757633,0.7736848847405711,-0.5376485604809971,0.8499555206441911,0.33908712158590726,0.5178824910141651
-0.3959940173070856,0.9090076101134106,-0.3409023534198006,0.8779709762339196,-0.09430265125911372,0.09146496899683662,0.9375296830194778,0.2944940677276239,-0.5584855817961141,-0.46878996436338666,0.4415127729439385,0.1375597288644645,0.6763247867772425,0.2706301261380318,0.04440347544907382,-0.09914029098926871,0.6400417406634278,-0.34315443575128723,0.10646680371202569,-0.8918575820848857,0.355993100066283,0.6532042641715796,0.7864496037468794,-0.3296615980611537,-0.8384334237315656,0.17994932769065136,-0.5975623550101568,-0.3319921789732416,0.0017516739406576443,-1.1956537430447576,0.8686713783474957,-0.5808809096511391,0.573411643967354,0.9052697982520583,0.14978747847390547,-0.7683270179881073,0.07534750915690262,0.619370805955076,-0.6514581288387156,0.13211999505547706,0.5994449741356978,0.7310084219538423,0.06560624387362837,-0.7117565237163623,-0.6725753600485851,-0.5296303070806205,0.15514075297861812,0.3148894935151525,0.5355509196946794,0.5602407772509579,-0.21704931649643222,0.1543731986587896,-0.6750325622167457,-0.7251617723341613,0.08453542819440386,0.1591908329059393,-0.3102459194073414,-0.5545657047129774,0.6589434467957775,-0.6612408472999248,-0.8086466103741239,0.06166819504763377,-0.18987792552729538,0.7079971822193337
-0.6229128181423068,-0.8483897288844079,-0.5887559772450103,-0.3847682329398985,-0.7243746371380125,-0.9694663569239165,-0.8914115309882085,-0.32968512059501276,-0.31705589187603256,0.29305858771366716,0.23001076127961242,0.7141879876314147,-0.5419336649796653,0.6938642112738663,-0.18491648030654945,-0.4790196820211874,0.9098603932225833,0.7863240785626852,0.058537964313552404,0.3270672814335443,0.6014636595864243,0.6986166905492797,-0.34160233944794094,0.7860958170506985,0.878753293443334,-0.5640710112312008,-0.729835134922338,0.6167048356527247,0.41501390701762164,-0.7578435432072435,0.6135887916659338,-0.4726448071257604,-0.5857332660681258,-0.08657181683021245,-0.6072326127689046,0.25748174169845206,-0.43584284922874567,-0.32627877599506183,-0.045112995952157536,0.3865688911095611,-0.15507583739065187,-0.9134859687429723,-0.19224300981570222,0.21657023427376076,0.40554290263941106,0.7992255697231425,-0.6483954056183988,-1.0583986648128219,0.5943587786978111,-0.602102860909774,0.14724072216511427,0.5796870267465688,0.4579945051302772,-0.09735151126568001,0.7636433561653535,0.7593307368193394,-1.0642303397684991,-0.2667571611528029,-1.051651778672342,0.16999823247675208,-0.9445421150976075,-0.9897857833134194,-0.11366765306576876,0.6488634409751084
0.06441558405718686,-0.6244976574767811,0.13884193739009118,0.23141952047086853,0.2369054416976612,0.3956847008831005,-0.9569831586868912,-0.5311936575401413,0.007492922372139443,-1.162900586321589,0.24382860631003936,0.7675163479002276,0.5252645631768622,0.8378141183024247,-0.4866983739410487,-0.7524231893544377,-0.26348800803300987,-0.3533498519702671,-0.09678219772033464,0.8757327493175253,-0.318658107151105,0.7741402630658322,0.4715630583850099,0.758577477991801,0.7937457232746498,0.42020148770688304,0.6882347373599927,0.45858729484305927,0.6676578026020363,0.5708023695152126,-1.0867600921648435,-0.8308323482633302,-0.26080893080852513,-0.4841894781389928,0.10507515298414684,0.8112642019040318,-0.6216288362424673,0.7305521392246538,0.6372446107971121,0.5046936925311194,0.025207785724921744,1.0560419076450955,0.8745219776207398,0.38342827315177525,0.39706423816047814,0.6140769034404734,0.16281024525328186,-0.6393925734491801,-0.8587507599119653,-0.5669759144472994,0.33554531932122766,-0.8108321189219811,-0.5992075932085329,0.7229803258509293,0.9457247828907895,-0.5963028952568306,-0.7978671550409422,-0.9147459729130811,0.4432635717671747,0.0005183148463701603,-0.6291648081317762,0.011538876921755863,1.0036558056565927,0.6302154662416296
-0.7557146049389043,-0.3274923991353623,0.21023622108571932,0.5878775137122216,-0.39848943719571084,0.13595358951576933,0.8034659939756087,0.22501290444231942,-0.38025164447636667,0.6691217425527233,-0.13865032453187873,0.040025204836080255,0.1794183451504273,-0.6274875917712127,-0.7904900896880629,-0.12692057966989992,0.882379703840644,0.24568333962256503,-0.14388775031754802,-0.8259722677277079,0.3360693337241055,-0.48219972978685816,-0.2110989143809903,-0.10577254657282059,-0.3626116675069031,-0.06694002903148429,1.050026229209407,-0.16603381870458583,-0.8413080539753794,0.8868017641274204,-0.37066336279637624,-0.41376992243772825,-0.5750990080699079,-0.4984440295990978,-0.13451259899583326,-0.47035142199921665,0.36506553160506616,0.04061510831481757,1.0910954564115083,0.15975399475706198,0.6788939547298611,0.8923807139412283,-0.07983156875762712,0.9605636160987465,1.0691167730090931,0.9163086846780651,-0.8785256555661766,-1.0229486939243322,0.02330886565355722,-0.33344396694592343,0.4422634072998127,-0.47707727840408753,-0.5360516829563594,0.5195106187873018,-0.6648421792602778,-0.9491025029573283,-0.07028561017355645,-0.845885194511546,-0.5358774488844776,0.718790246271056,0.6391837131610578,-0.5561590964698819,-0.30860839362748516,0.5573007641093795
0.3904794603702965,-0.8608707834845967,0.004971900471933806,0.8011827608953653,0.7811674017476959,-0.3682822291479302,-0.2762892919895437,0.2893359836643473,-0.6630378063726626,0.5905325971504531,0.2833504479972445,-0.7983888903514716,0.3416093212527954,-0.371235672989801,0.24646075521253547,-0.5215390346132228,-0.9349085809412763,-0.13451152199422367,0.5100064785281357,0.9718171151961529,-0.5795213151655205,-0.005803937816716648,0.8812188767221925,-0.06067208534961055,-0.605475548105502,0.020321507753487372,0.6915532387197663,-0.37924198973982925,-0.6976777352307512,0.1788572989715807,-0.5080494045769314,0.5615708061348701,0.2826851827955431,-0.14687883937312876,0.033860808373035844,-0.15921495244460926,0.9031075419963619,0.8655272481996984,0.19127314263509237,-0.560441305914501,0.6741709684972315,0.6827880583065585,0.8287315492184226,-0.22724533739155348,-0.43438131156666776,-0.9532927416276062,0.6411047888392025,0.9822613822348105,0.05939422332945346,-0.18227152298010826,-0.04390703084567116,0.12321478210921667,-1.0188350697293367,0.06482030712952104,0.3835184392172405,-0.8939023356585956,-0.7700310016432973,-0.17881524429384887,-0.019392266679817943,-0.6702005368204296,-0.03981559282318092,0.4366452421075262,0.1690756179341382,-0.4045534241537151
0.4697571207463453,0.5347526759088885,-0.6218015215389106,0.08003473136293622,-0.0331689435309617,-0.07280751367945981,-0.226385885519839,0.3679127733631592,0.14761065359145845,-0.6323316814496579,-0.9132641735483903,-0.1911144591537457,0.5991126738437249,0.48504637831328157,-0.225508080367475,-0.561981426789134,-0.21670713572513542,0.3673587155143592,0.7829377935184245,-0.8790795947962017,0.5969664406003986,0.2397176068395352,-0.6870949173504882,-0.3608757187547501,0.0896668982560863,0.5328453397117483,-0.7029948677718946,-0.4446749541696431,-0.6823214355425369,0.35448416830686535,-0.3317779143329122,0.21734616481631996,-0.8218352633438434,0.6555743333551798,-0.9461071964838039,0.10271762159388116,-0.43851627376116364,-0.7459257341668948,1.0001017707886763,-0.8185936519587522,-0.6751910263029655,-0.18291372089647664,-0.1725553342960935,0.30355308399870795,-0.654877306928525,0.9667269844827844,0.5377947544002586,0.9329103821252078,-0.7702871841733265,0.6171982685772482,-0.7706105016858517,0.36584753747087395,-0.9301874600339121,-0.5735198919759098,-0.770049529794625,0.6080939799938521,0.1748420642661959,0.5761847216144388,-0.012398645724232188,-0.4918248628308812,0.2786585420972037,-0.06101516705621363,0.6533103900021335,-0.6375083459887556
-0.2615365572610986,-0.4892040295991513,-0.20432392266751706,0.371337585620495,-1.104909136654445,0.6273232248097361,0.4194481711269181,-0.16766915396048931,0.49613217769982987,-0.21059196991435325,-0.8931037785789478,0.4575300545871924,-0.12350628042069589,-0.7728750013374694,0.04371360502484606,0.7445058910860435,0.10974968688959734,0.661417281235051,-0.23672104060741098,-0.6275657431905725,0.6205458031688831,0.3049121258135907,-0.3874677454290137,-0.07924710078660431,-0.32288973005450683,0.39270649115152056,0.2920583687719568,0.8835816009785653,0.4514136456689093,-0.04487549067577638,-0.8588641440200733,0.7697054050567579,-1.0054421905527717,-0.7044270575319527,-0.24139202368797608,0.11925813400576066,-0.7566168050256479,0.4757197063479316,-0.28932821906251677,0.6283320607327811,-0.7603691068594786,-1.1520595451634768,0.6382088411787531,0.5608761717166627,0.13408337471428122,0.7477221385619053,0.02904342754688871,0.7606388766386865,-0.20690292380482259,-0.3096786675407609,-0.46467248191716004,-0.2054265759412237,-0.5340585029355978,0.5205976929357252,-0.7182969536306628,-0.9790967245964797,0.861376855108051,-0.8656781442313756,0.8027430574577465,-0.43993337561967194,0.4847713930707867,0.2657172229376656,-0.44334860505900237,0.7265453848395
-0.5794900799589484,-0.13307855890284817,-0.9572883415510461,0.6316655779546299,-0.6010525491299765,0.7042958733639708,0.029099185296668592,0.6137315655532127,-0.8284338193344776,-0.8626858103997664,-0.7598854876603277,0.8736525508066801,-0.5013221780268978,0.04084889124040088,0.3948049683718762,-0.5457480145009657,0.4023836396159679,0.05059619160167603,-0.10305581254772998,0.5765134995546392,0.03136112422788817,0.441552593802943,-0.9727038002564509,-0.8009759768249457,-0.10275846345787693,-0.46541691017617626,-0.6551863006163773,-0.2996574680961839,-0.29903094340193226,-1.0178371412966545,-0.27576135588674455,-0.47362946438204356,0.6768296684137317,-0.35494287081596987,0.12380976707331212,-0.9874287532716479,-0.13851817594037338,-0.06176522272408333,-0.27290860607917244,-0.613194969318581,-0.07996931632314991,0.46601947859320025,-0.4822704457111163,0.5211744231991555,-0.6787646367195566,-0.2890622761629907,0.22610114269580206,0.8687750666129644,-0.017220513274219043,0.8755941339684582,-1.0014186660213036,0.836927864397831,-0.47392801506166293,0.43155610067373085,-0.9064515984332744,0.597199817476511,-0.5499089438404585,0.21188164011240165,0.43220349322197293,-0.8350005504290713,0.17455641077546247,0.8230204824676262,1.0049214293481883,-0.6948574387173111
-0.6728232622801765,0.29295080809547536,-0.4467376093837494,0.393500470787587,0.265988987626252,-0.284546640550174,0.4813470412753218,0.06566310965149538,0.4664327189286934,0.8868784117216305,0.8330259525018425,0.8163855108138725,-0.9949528013347657,-0.7449408016380383,-0.30467714752247965,0.998769317691971,0.11669699352258381,-0.6855815506853064,0.26284105176615113,0.4404035365893089,0.390477507569034,0.4402852223346464,0.3435667530132744,0.9367798782426884,0.5331574819856464,-0.7798854455549867,-0.3217050076180199,0.41880957032465127,-0.5064950982460192,0.9726245046478499,-0.4828695884514893,-0.8104727181325317,-0.4042723596724969,0.5229772061705289,0.5097062582596206,0.39598621951085633,-0.22666542619259256,0.0558760724368792,-0.276617750825114,-0.08896871993856934,-0.344514202379867,-0.9199043499831816,0.42042248947857097,-0.994721977638863,-1.0044783654062541,-0.9257315165228082,-0.6502640114157161,-0.2738229068547531,-0.2858630495396603,0.8279063113443044,0.3916693138052093,-0.24061995488241955,-0.22370120160386348,0.38212586799859666,-0.3024506997952385,-0.27823022730549585,0.9169954949809016,-0.24824078430012422,0.09337496983235845,0.9727471692453457,-0.7890883136460977,0.9645284691380336,0.34974907812926714,-0.04100605185369921
-0.46247898385234976,0.6335933239378448,0.65993742221075,-0.11032907407655476,0.03157643831896696,-0.038705369178841,0.32632716650680965,-0.08625657516845349,0.16539391353595645,0.8305181888524104,-0.32518520808903983,-0.7711970356591236,0.1908879717141828,0.857139149284663,-0.4375425903114002,-0.16976636987085164,-1.022884869996231,-0.35860808808788425,0.08051085466252367,0.9018941000415369,0.33383428758612116,-0.33654853992056216,-0.1388479479308154,0.8193080080519577,-0.6491486938008636,0.48942714548962263,0.1358633848347961,-0.2553076087037941,-0.8402925356736008,-0.7879907831219823,-0.3122051571827416,-0.31334405367927576,0.3076651118347991,-0.6073066606226568,0.9176129803504908,0.8486304604385928,0.18547087583250493,0.2501025354531005,-0.7270896112398051,0.34993617394684107,0.541346919917383,-0.8214481991747004,0.4288475258678602,0.7782129157805366,1.0202829862389777,0.8950065377256617,-0.2927181567934156,-0.6811974697363118,0.4012774092662078,-0.7719702661335419,-1.0925786024098225,0.47716785909397724,-0.09628979665223811,1.0223145826017916,0.2827344511421344,0.13026834404647414,-0.3325585969943022,0.09803084620928959,-0.2513957005016777,-0.2666234907505339,-0.19509988745597914,-0.25440864530248786,0.7270445176469326,-1.1311644563415573
-0.8116305111554524,-0.20700614542346338,-0.010081030805877564,-0.7878172169077375,0.34521999942253256,-0.514509614568588,0.6824463638851064,-0.4227470725184963,-0.43065095851297636,0.6632469008199908,0.4732275832610593,-0.9443084439095438,0.7643512155346267,-0.6576299724251438,0.8172948790731097,0.8568137210998326,-0.15298434504055863,0.084771132058294,-0.1877403439337917,-0.7713037605586198,0.7132014835251037,0.12370350967160264,0.024482294201452398,-0.06500311602732295,0.2401589703436463,-0.3427925924675092,-0.15836479141955886,0.4222412534113885,0.7404080377305338,-0.6595442637497784,0.8122622576084292,0.3645790813141908,0.7984021012022988,-0.020393956011551258,0.8707373558184975,0.3374670124029018,-0.9675453156043438,-0.4786388938376625,0.731434142212472,-0.2832498963973039,0.3096061950529469,0.68894625026802,-0.718540667684112,0.4762976768083645,-0.5543636486760719,-0.2687458308222537,0.2227981965309539,0.04389610054096868,-0.4796110779584102,0.5033266411312388,-0.5943984248032439,-0.9357471222860674,-0.7583230060097057,-0.5692637802398164,0.44856333594772957,0.014537376032825573,-0.5595010734917651,-0.12759524185822316,-0.7869374989767033,-0.5083106005545672,-0.7107472020899658,-0.7864081158686163,0.0340799995291116,0.14801639608190806
-0.6258647879001982,0.610535407628898,0.7452335021287758,0.8195383540132993,-0.07450743088567488,0.39769030260041144,-0.2789461078929295,-1.1289164207360096,0.8048024890004433,0.6189695217002257,0.4205821786429137,-0.4410909984591013,-0.22576143112413793,-0.4601153584861088,0.6165074445822945,-0.6539927038727184,0.9473387438470312,-0.7527575386753198,-0.2796732439220469,0.4586730241233781,0.7296589368526057,-0.2172823702695808,0.27468647389448164,0.17794721127668628,0.2661089574871691,0.9415878360422427,0.6849472187076255,-0.06782841860665731,-0.7906530295424348,0.5627565051759034,1.1466227665048765,-0.4361364684528366,0.13268202022628284,-0.610670803916165,-0.527010250556431,0.365364399039867,-0.8440097699076703,0.4157500908466836,-0.30653316799889285,0.05248493127659579,-0.22452564740455694,0.39310286377670867,-0.49301582055150506,-0.3315652014938034,-0.7696335595225944,0.0924500227599708,0.6086315247980123,0.8377077091757035,-0.6076987230504606,0.6840739884361008,0.27711448779519593,0.9964420559076727,-0.3832805734726804,0.36183891225059067,0.03669767293427348,-0.5535288567170172,0.35871370300685806,0.4399151694081402,1.3529797148251541,-0.4911977884653561,-0.4969319533549027,0.7864332353901141,-0.027666984549246654,-0.9192093780530695
-0.5150844867971515,0.5716727072727681,0.6298110289800711,-0.31624093390596625,0.8680907009375463,-0.024406916879538193,0.38466275607635525,0.27160030717564354,0.5619892816588432,-0.43535739036739907,0.5287988097480819,-0.5187320944366417,0.14893145464229007,0.4819067333830584,-0.7383452769867345,-0.030864686431031407,0.0003459476847274129,0.6126477926191417,-0.939016125413515,-0.7275726592960596,0.5778973814296283,0.4044183073062982,-0.3941520563808268,0.9819089048655799,-0.5677171972212145,0.8286967010783178,0.151751930133228,-0.4276223503121564,-0.060636318721183996,-0.17210104943534812,-0.24104672250264808,0.6517739650798151,-0.7390718317658164,0.5686499708302926,-0.6511603957042469,-0.18855769488462748,0.24171198821033263,0.7879295164502355,0.6312039271653577,0.5850710044045438,1.187479881154911,0.8488268556808823,0.6534033029992627,-0.8339314910314541,-0.8009843517732889,-0.47515294108148376,-0.46187734202154196,-0.32929846032443316,0.23836616857588483,-0.5221505592831013,0.7634591370002463,-0.47034471963938684,-0.6084902901084355,0.43707512454205855,0.30341027083556504,-0.9557057022158381,0.3975126952670508,0.5911301434530287,-0.7740687452961797,-0.9929811028747942,0.15931975788258568,0.8604262442652142,0.5732832108943073,-0.5639069294554708
1.1850503015888592,-0.5710240812847902,0.25451166268021985,0.6207610597840916,0.4149897385431052,0.30256799195356626,-0.9351204144428175,0.13836211237121324,-0.6478227580852032,0.5069130295468046,0.2888937373598126,-0.5480755851436493,-0.5962832269432564,0.9767563779027661,0.79065078151741,-0.8469013480013607,0.5494719882402784,-0.7919371539565497,0.5560562524603166,-0.13660555269176533,-0.11415431741791975,0.051643045467397314,0.36734585015680465,0.39544242234786187,0.12261522126252572,0.18735691028729623,0.450504058030282,-1.0200089928321157,0.27844239565082207,0.1846248689314488,0.7934213469818205,0.42465332765650715,-0.3363377800103995,-1.3376569603956694,0.2803489792234282,0.27732484476660774,-0.11861210893687815,1.1306454220688367,-0.6164545808534417,0.38341694775734947,-0.8466951253301765,-0.2614393175552621,-0.4906144873796613,1.1047783654525198,0.5212639018424682,0.2204556684681938,0.21015838240802462,0.4698240361925192,0.26565316403728445,0.779733601230139,-0.3288171827854586,-0.25655421898502717,-0.9449023709244769,-0.21137734327024688,-0.3708787638712501,-0.4775264767803682,-0.8317025774218982,0.05335884277793326,-0.20684906307623083,-0.8404788910551335,0.6513912876545557,-0.47445609994763077,0.9323560247292059,0.49717122328919516
-0.8743258959585528,-0.934338791162955,0.4880572346495479,0.865844296774689,0.7649730033760753,-0.390463923176434,-0.9444919839003687,0.5649969083386482,-0.04968821978756277,-0.6385209148806543,0.1530981014992222,-0.9666083698545387,-0.0729857134351426,0.38045013924994564,-0.45337516829829094,0.4042273042248257,-0.0911922424648672,-0.18876183419058876,-0.7541275006825274,-0.2584055891256587,0.1443843691219676,-0.2516996538672708,0.19387973810717937,-0.6823339967385474,0.6723966712365739,-0.2846534430681841,0.37372405249467167,0.4245289101962517,-0.6744392973554222,-0.6808695023284719,-0.7061382310709509,-0.7409720165004229,-0.5498649341472404,0.5929011932063426,-0.5644453522106897,0.6460161367376337,-0.2704533931471254,-0.8119548434357646,-0.2630733560325299,-0.2109583424304388,-0.7320717019903911,-0.6658738859921224,0.3405853729102975,0.15344871441359506,0.15322552939384,0.7847338151661276,-0.7433481534994816,-0.8435296866724348,-0.47098446630258833,-0.7343440631355993,0.9702363205135128,0.22340967902772296,-0.07927728210225693,-0.5431440653788029,-0.6677128335074333,0.9899401447121783,-0.5735041443029372,-0.6012533484397204,0.6089406898377335,0.0027305701626654105,0.17809252932151912,0.8973808832820437,0.24206356639764287,-0.9020605192099806
0.8159012943070844,0.5266957293703305,-0.6638707375166695,0.26642257707536837,0.5849328911015526,0.6614011001916977,0.2486465142035099,0.8092683201544713,-0.5475401505496318,-0.13580299747687608,-0.5490081218187278,0.6093028158887877,-0.7987848488964162,0.7819947181960486,0.13324794467750598,-0.7884060452684238,-0.9545761361127476,0.49143897226159794,-0.18942154413719348,-0.6004815286484709,0.9421334229455374,0.7079158347971902,-0.9728752901626532,-0.6376753753361257,0.6468650988933891,-0.7327489811352089,-0.8264841767395938,0.9969236364319363,-0.5821650909345846,-1.119432213205887,0.8169556496291722,0.4629162575196249,0.5228032388930987,-0.3530083380462331,-0.8461170026845589,-0.9784979626350411,0.39300478237262254,0.6686653807691407,-0.0963937352928009,0.2955753659182643,-0.2332653402785199,-0.03830617894646489,-0.527040766004917,-0.9285749847597502,-0.5283325456477433,-0.6495763904038157,0.4261223402758956,-0.09894043995931162,0.24620044109012196,-0.7421124608642735,-0.2709964826522061,-0.4735078774955054,-0.9049515112347116,-1.0250860904759442,0.650334299172234,-0.5829676200234818,0.12258472196423327,-0.819182694896993,0.9015553849640007,0.7060469790241738,-0.08694012904578673,-0.45375733775450766,-0.43546501457723974,-0.5415148389394109
0.06908777195054927,0.4695925807177543,0.5397542922972189,-0.25103051244268865,0.15882515609424616,0.2607673173263231,-0.6686289841246268,0.780709841969961,-0.40636192390349385,0.8262744981312702,-0.1769221765024302,0.254357619883985,0.49800397234603655,-0.5229816129611825,-0.5801062071130004,-0.13081935510876588,-0.6306952465612778,-0.7248079125564141,0.38265442866464194,0.39522677956504304,0.6443661891188843,0.0142460261422655,-1.0129168158484871,-0.9519814641349356,0.8023575503961069,0.2615423692885025,0.556514494253358,0.8255640456645976,-0.8762876479179835,0.26155753096633483,0.3530198902617957,-0.3908142329975065,-0.37003891757169116,0.5876380670049113,0.34349845638638143,-0.18380334547286392,0.177987472380432,-0.23738701246692337,-0.7842904215157708,0.6078910087879811,-0.03539423114781934,-0.8421315091671568,-0.7124112211866701,0.9273563455542284,0.5230259263771324,0.31820189580179975,0.31175981099060446,0.7782650179250952,-0.8429458440810216,0.9470134321488927,-0.18712310616926317,0.5648451228290217,0.051713452384943515,0.7069220280231816,0.42330233463213207,-0.6956710909848355,0.5275226168288133,-0.9395772911700782,-0.4608730808732511,0.5985941918292826,-0.2521570921965775,-0.7579794655345646,-0.8112390073101038,-0.9817309744918772
-0.6670088112272943,-0.882321870291057,0.044368840762865916,-0.14939350682518698,-0.42639486187444553,-0.7526932034782671,-0.3822718773793357,-0.46218626242478794,-0.8629421808327675,-0.7038281846576852,0.9333192264517713,-0.02660165743001877,-0.4454575961005527,-0.39507558125515535,-0.25769868102580124,0.26449293793045453,-0.5878863602063412,-0.86309449684823,0.4859106288463719,0.45987956750904657,0.7799867462367995,-0.14177390217803862,-0.6012957139402917,0.1692891920187345,-1.0946813073491426,-0.4969946849885014,-0.2620606853570915,0.8703720548045273,0.2859061973182466,0.6298430186841231,0.15448510265713206,0.7637916518281951,-1.0704189681385456,-0.2815485933523306,0.5040940017479619,0.9094912732187892,0.8727692007040242,0.2917034370196095,0.8044517403753126,0.3845337686358722,0.5638475294471995,0.7535600924881453,0.36817341826903294,0.160370153257256,-0.9737671828125949,0.0948257871512164,-0.3980188005855983,0.5154236505969879,-0.5392254363520866,-0.8217103552110001,-0.6955001028203246,-0.9476890820248897,-0.48619934173365187,0.6915934122232109,0.23108577463331434,-0.8275386471807182,-0.9257081635298726,0.27421944685362176,-0.724621942111179,0.0773878012031494,-0.0486174617881045,1.1177318000900602,-0.6630731160482595,0.45824009668662
0.2885468044322869,0.890327036031071,0.434185183613311,0.6302827525064664,0.5481302662867548,-0.5501762045498144,0.8933985151078732,0.571928173938017,0.7616277126068693,0.4621324191782632,-0.7657216797585036,-0.7165613211532974,0.27543904653787443,-0.9183185916195256,-0.7804564862693814,-0.5120031387858917,0.0607066836162998,-0.8882917902265414,-0.2745003407739911,-0.23598734780343703,0.2779780358425912,0.5668814050113202,-0.693874099476067,0.21766003529884032,-0.18113507103711704,-0.8746038360105463,0.9591311721827491,-1.1749027805720107,-0.3528360440190705,-0.34621530104228077,0.9136170759911402,0.021077468234777505,0.8811934169594648,0.8420177350404403,-0.5544616663950476,-0.3390022303231612,0.006782304261752192,-0.5470476784576817,-0.2094086009766777,0.6104806938311147,0.3561894848139534,0.05757449065724062,0.23730357162943874,0.8591096151419436,-0.5377556794150924,0.47680035746193716,0.4262088906128038,-0.1049746529762906,0.4899141681596551,-0.8750606127232403,0.4693891987006533,-0.6036949074340223,0.3175753408684181,0.694829748080813,0.6526266727684897,0.5676838816308034,-1.0214937308617806,-0.29956208479660773,-0.337454208231842,0.30445800523932,-0.12425041717216649,-0.24168696993528085,-0.886543645702114,0.37214446464680895
0.22418325885273954,-0.5290704234193017,0.7885733168621305,0.8923802864747732,0.7186072501025689,0.45363379736758225,0.5577722649270389,0.059966376646057085,-0.06026357875598634,0.3068392355004639,1.0405005884586496,0.659583418308277,0.9599956713138366,-0.7279942179460442,0.10379153370519233,0.8370039137937484,0.5115973738751634,0.8706755895664553,0.8680789550240485,0.16070226032630336,0.5063162997440824,-0.3511327640611508,0.1493878374935945,-0.3648549987328068,1.15359667394106,0.6552425314778442,0.02555303599786994,-0.05214673851789216,-0.14271984144710304,0.029709275864001856,0.9218375347872306,-0.7168990320648025,0.8037415609151012,0.05844351852001953,0.08634488317883557,-1.012864422847829,0.12429732783676532,-0.03545614993730503,0.3795537404630439,-1.0416265714347739,-1.0668411599523062,-1.0068944327542617,0.4345541685998802,-0.11147974562706578,-0.9711944483551156,-0.8095911321002074,-0.12316018061589609,-0.971453447721323,-0.7578836243979031,-0.034276875459817974,-0.6237259831692452,-0.7692899270014955,0.3301398546323009,-1.0920012741172702,-0.5565332436266499,-0.1225078449536943,0.07965132727343176,-0.06545595363228643,-0.648912817841424,-0.02789545634652113,-0.3089770031629787,-0.6989026030865008,0.6411564527273367,-0.6151044656161391
-0.683095091243213,-0.6547074751918671,0.10849122747034566,0.8344700003246613,-0.705744378562087,-0.9155191331892405,-0.41600171663880936,0.4164544706206409,-0.4102119282490844,0.3834097955307224,-0.5454898331816013,0.04975261151441983,0.6859632940106241,0.22829200753394124,-0.5929705993558811,0.2666967340729478,0.27272284752749515,0.7645395322528818,-0.5410777295379701,1.000984065635364,0.6171378696126786,-0.16249334704253354,-0.36993987696795644,0.44088056451303287,-0.9361300780538876,-0.7587558458160201,-0.9137042631645719,0.8237994138191603,-0.4377054742460818,0.20500685716105574,0.6294122680008967,-0.02892907297066305,-0.3209304007268154,-0.5392787696011045,-0.3897312422630684,-0.7115693779665316,0.5313356478910333,-0.8508470943796872,-0.7953109302358066,0.2512148699370693,-0.7106280204836835,0.5185407387519833,0.36616058633827603,-0.3745092433000093,0.7897486487666318,-0.7238777498006302,-0.05380076659300381,-0.9584006058842608,0.055763986403865456,-0.47574674811890394,0.6995622466994235,-0.1790666025387496,-0.6629579255382614,-0.36018171579038893,-0.6780224030859132,0.08724377060359714,0.4789434039266992,0.0824221383738223,0.15890821514249492,0.5585957017809996,-0.6333824930814032,-0.17680768947412978,0.40990334534506445,-1.013766300021164
-0.2867458825274288,0.6832135680203146,-0.507808448907948,-0.46985460725356665,1.0167634469662061,0.8717342372001718,-0.38293882149040015,0.8131390853515081,0.8186259858959173,-0.2946407561034615,-0.2130948924262543,0.7141980999095495,-0.04707779401752302,-0.11034515837224326,-0.6366457104667317,-0.4730630247143907,0.6356080317999451,-0.8972165536070638,0.9244352809168919,0.4081265692306826,-0.5053257753200834,-0.2417213111156311,0.4685798790746568,-0.8894976817859904,0.9666389170106364,-0.5095820484460583,-0.41423931246600154,0.03126752808505162,0.11198091352228078,0.255599036562248,-0.7015136279794952,1.0004407219549618,-0.15244179069489644,0.4216092768567632,-0.05054404433657804,-0.7870192239134177,-0.3364776713756862,-1.074490092127172,1.0316977527321498,-0.5108028458447524,-0.8976273781192519,-0.562308930415361,0.4588984993885294,-0.9083961952337529,0.6519030597941511,0.5590293518208862,-0.9038322842464418,-0.6008312653406274,-0.9400210076158153,-0.8935931000183766,-0.588387233174672,0.719375979273746,-0.48017938407824445,-0.6224137777448148,-0.27788901688484313,0.2949213816402785,-0.48128703525403754,0.19412932179673242,-0.6421383246640157,-0.34005074923938816,-1.0305185393246008,-0.05310537502490793,-0.29778242674299715,-0.23100153135465584
0.46336366681181784,0.9821242017424743,0.09174744202485097,0.21797629055149445,0.3757309069618528,0.4033590877890627,-0.8856407010779099,-0.01690621865035412,-0.7271937608282381,-0.6662475844369093,-0.3543144775700171,0.779715146270327,0.5516422246495949,-0.07550470903063972,-0.23435311262430258,-0.23771420748951494,-0.13318383800918443,1.0378935222870938,0.37266586940119306,0.3012973444290038,0.36130372704366975,0.8793226557340237,-0.5667677075958049,-0.7876545885659737,0.06342619007746214,-0.03419746022286675,0.4714369818719499,-0.12319175164049956,0.8521129958377252,-0.23487180740791366,-0.19964109890749704,0.8584237687341836,-0.5310197052960673,-0.7791493665341246,0.28136784327996733,-0.4098422584971776,0.8138699966568173,-0.1325108787904727,0.4863666396288675,0.8406479358209874,-1.1170772899622234,0.26710429240295136,0.6990028868252679,-0.8387076668668915,-0.39860576933560515,-0.8714286320659959,-0.6213467595037308,0.8010319917936931,0.5709875884510381,0.33087621978599835,-0.4692516039410868,0.021743632691277825,0.14439088335444655,-0.6270009410307483,0.16099805517149424,-0.9522512929173845,1.0365913768480584,-0.22883913250712518,-0.1954832975404852,-0.781219017403624,0.30127448946727553,-0.08372093044970365,-0.06536686984187254,0.06334017009737633
0.08068746658580066,-0.3843827270404546,-0.6857008025819264,-0.8336614176108685,-0.385556157619995,-0.701981775968774,-0.6023749865579942,-0.9751261289887416,-0.307192541276026,0.06162008597571251,0.5198014647752984,-0.5175018205124134,-0.6510558289288279,0.45576563142727655,0.4764006550664794,-0.5776731270900911,0.6276158126071036,-0.1220088021519679,-1.1013721081594752,0.20931412582608785,-0.24795158442186327,0.8943154543615283,0.8797038599523586,0.003475729102723646,-0.7910251106286607,0.04122036744312555,-0.07133444631127926,0.13661578020277745,0.8197018453631963,0.826343729694923,0.49581942721765726,-0.46456417084315105,-0.8204003888515398,-0.8949668902777201,0.4212307409262025,-0.8841604464401008,-0.4776984265567273,-0.09303724036074329,0.7935387842236382,0.6141565621006635,-0.7543400732519207,-0.9004470597740948,1.0625765279140538,-0.477513134007816,0.041795038909270235,0.5255103060375036,0.9557026718304078,-0.9037635860117219,0.16100777283960593,0.17864874536420733,-0.19530928134480274,0.6793001283151543,-0.9945360277089016,-0.9180093558416241,-0.8531280090841289,-0.41464071520844564,-0.12655490828761518,-0.7835275190866263,0.49856470938757763,-0.107521403541678,0.9275672330428396,-0.9257658054671731,-0.43830809589217423,-0.12145275834715794
0.8202182080197005,0.7067993105673698,1.0136693239318941,0.28137883970654404,-0.060535450628050186,0.5684057593323121,0.6593166796878791,0.18752254537801694,-0.3990795100652593,-0.8564422771580095,-0.299916205735104,-0.8226213258333908,0.038171326265644095,0.4516330495327475,0.34564882278938486,0.857473047761036,0.53567908734025,0.0014115447591199065,0.06159293466437431,-1.0723138166289874,0.28561761483389936,-1.0102856461534298,-0.30424270253651925,-0.28023840667944105,0.1280853397956736,0.17286669713384148,-0.24370103430716247,-0.7604097841552135,-0.471527293352454,0.4947396267489119,0.38976778814696406,-0.8940271654223895,0.8483849693053664,-0.310047788461167,0.8217374205723917,0.1473218230361633,-0.1770319430254477,-0.736235780857104,0.7687760959092313,-0.3421257266329675,0.8544696535646725,0.5915073217722651,0.12013087328013333,0.5842094854591154,-1.0807397083382586,0.6000299181602238,0.030470852991635516,-0.466916342574232,0.18380310327927948,0.3119955259487508,0.3333019576885464,-0.0997881185124033,-0.28818508735010645,0.4792309689088463,0.6308244465139369,0.23896907677768703,-0.38863509028719156,0.8393101345414344,-0.4938901533153514,0.6943978621987528,-0.22621177172786505,0.7756411168831105,-0.6999294428365697,1.0451897759662296
-0.5339553936921171,-0.5994631471879746,-0.2140738891168975,0.4083739849725081,-0.8453568609268587,-0.6092886434407374,0.806367559483802,-0.3846313887113889,0.2925637345092842,-0.8830197544203322,-0.6592595930389241,0.5395800957619914,-0.6722507314548692,0.4348260794776919,-0.6693045632150326,-0.48778609973872894,-0.39217253928449475,-0.8923936925613698,-0.5907246586957601,0.7236731770666677,-0.08902228934502028,-0.014703411750080164,-0.14792876521758103,-0.5300706698162403,0.2804234783560887,-0.8129424985378471,0.2626741562213001,0.49732013582625756,-0.6534147645608988,0.26556506494825216,0.26574529471765845,-0.009548469214836805,-0.9585641083866626,-0.7098103346228974,0.29145588589718796,-0.8495963173768055,-1.0281896505404324,-0.7706400816303012,-0.8567387215657212,0.32246727788286833,0.7661231768159041,0.9308736738285331,-0.8323058990187968,-0.7029110832671618,0.40661949884622617,0.27867417208608003,0.7186848974642334,0.9159586820636374,-0.36005886361766926,0.3252503230382957,-0.18924361575324436,-0.5601000203008266,-0.4682422111831225,-0.0793946653918222,-0.0031885330525285582,-0.4351064380094123,-0.044784255357805766,-0.25181479947419816,0.7170767653850637,0.6616919245136502,-0.39078353093686535,-0.28940844069750166,-0.6690586566661167,-0.7402433515603959
0.2725389917190726,-0.39955756668241493,0.27641149142552957,-0.6381084987869193,0.3560116699087773,0.5341824770959449,0.2412849237364313,-0.2853324130402498,0.44380387441716285,-0.3482372470525068,-0.06600885340437923,0.5966976829043326,-0.8426889340773052,0.5862507890175783,0.13501034740169912,-1.0378979862662812,-1.1716399926757142,-0.8528658116631591,0.5086768210822946,-0.2119737057731365,0.19348001047091776,-0.777000615157503,-0.7183926319810081,0.8716437892275094,0.5367144429320654,0.31222820848458055,0.34318729861175706,0.3316312038913231,-0.07727882555998739,-0.38047871337191275,-0.018928192620028678,-0.7464566453638837,-0.025991399936648923,-0.8796458362579135,0.10460402970048,-0.07198094584389586,-0.6024789303815794,0.8937130578709354,-0.858173094067479,0.14022881002606824,0.9818602402674994,0.5032123333558737,0.18387952753075013,0.9626629097255753,0.28333679647447585,0.04249050746925892,-0.4135401474942977,0.48153612125826856,0.004039085434704631,-0.09669846172917318,-0.04190034580269361,-0.5893060400699701,-0.8564163091831374,-0.32132435917416874,0.5845461191186476,-0.3599063881493697,0.23896387082957507,-0.3650078293919756,0.1697357698934978,0.8996937106622246,-0.05632760863181799,-0.32636535077052564,0.33744387811308996,0.15450321215688884
-0.18710398056799152,0.021959325786135256,-0.1352447891469779,0.3813953865243378,-0.602335507496158,0.7660704319594807,0.15995195827168482,0.021299449062431197,0.25222364307659373,0.5794892656784926,-0.8125180384249657,-0.1541372195592027,-0.11277011500025957,-0.32010378930750916,1.0973048351786814,0.8427147764315281,0.14496856854200557,0.3567602107259129,0.08906339184501305,-0.28721958504885925,-0.15894492514649922,1.0181221253151875,-0.2721195350395723,-0.7134950803184708,-0.1607944255635827,0.8453914140600907,0.11483423515948242,0.5539781468921505,0.9094765086376657,1.0519900590443516,0.6203004211564225,-0.4205741449618122,-0.388173136202412,-1.1356165577175592,-0.9176589864501423,-0.9187056539699568,-0.5313293178960282,0.6746598455245062,-0.7779011510485889,0.7089395957248147,0.5063881718859982,-0.6384477601024869,-0.2296670909803507,-0.24248258073001916,0.9004150158401072,0.14829210142779792,0.11850954818120008,-0.24867204002058357,0.7375276894555349,0.0015720124121902102,1.1610384405249183,0.5238824064342669,0.33724557957532064,-0.5251464914885754,-0.21902151253487484,-0.6436677834730722,-0.709524766514918,-0.700462245185977,-0.41928155924105515,-0.6476621542586777,0.8099639252067384,-0.8041793604669213,0.250552653941434,-0.5933250704404336
0.3645069098638596,0.04695137999287441,0.8340412536436766,0.26143493307004106,0.920046497564265,-0.4557267506708934,-0.3559712399082774,-0.49490318795864513,-0.18753107138381128,-0.521272764986408,-0.28830130106031027,0.06438554839389213,-0.022705116149322607,0.7217219548147442,-0.6347033795799929,0.5313379665658116,0.3328283202517487,0.4179813765137421,-0.7701672452202831,-0.06309042052084002,0.14559672232845622,-1.0266972208360796,0.976381668186004,-0.4449993486461553,0.8023567636838472,-0.6161745597497419,-0.8107474444981395,0.1055066498579339,0.7942337820891434,0.8353604330939265,-1.0042737672005277,-0.17778197215976882,0.2591559016842258,-0.2752872148073543,-0.518478208756284,0.024656485073221088,0.2508237086292051,0.798832806206816,-0.0070994858042801035,-0.28065762240084535,-0.7112237704215962,0.28987884900524497,-0.21179119271664795,0.9316894943958208,-0.601321724676083,-0.7093973267008137,1.006757485706107,0.6962070373212076,-0.5743481503168363,0.7994530869212555,0.4439886216145388,-0.007101582123595185,-0.758854502308784,-0.10860881677408585,-0.7571726671770684,0.4036715986004643,0.45148976695186305,-1.0316871095104576,-0.5749196869512001,1.039147076529655,0.8744366779636631,-0.2566245085731298,0.5181714055114904,0.1971818963456782
0.4505929179841631,-0.722568248017197,0.16261060451717846,-0.42825260204442184,-0.014088241571920873,-0.6076067325845751,0.7163682667540971,-0.29020568878988895,-0.5349252932696166,0.5552678180508225,-1.0035526535432362,-0.21316707593116888,0.933075233848959,0.1975520373020627,-0.3466416647516368,-1.0108419404269438,1.0667330735005622,-0.23787690405609166,0.025632481663787635,0.8147938416246489,0.762779512974515,0.8557605470215983,-0.7686048766048612,0.6995848326609623,-0.6493473992822529,-0.3668743483025488,0.2581794698983948,0.2626828916389533,-0.9277841921842257,-0.6794444427591277,0.7719474522195933,-0.7807906145593972,-0.48385868929710973,0.44747076199797475,-0.020405986476853766,-0.573166742843851,0.8043318511956058,0.6487584450299988,0.6850072309546222,0.16942803058931044,0.841776892337371,-0.2677541325458491,0.33882463571569965,-0.3605125857470266,0.1530293175830938,-0.042307907154950114,-0.23133939445464718,-0.21088526859998447,0.8791757591624707,1.0211035132684272,0.8712611317295097,-0.6068487615460213,0.011787094512495239,0.343023828353038,0.8971744945984815,-0.24053423189193904,0.08615103801634016,-0.8373839134304409,0.10506914608920458,0.9018983998756163,0.10874455396176316,-0.1177447745091032,0.7592674320242034,0.07860987267857975
0.7553409961989582,0.16592118983446572,-0.7251943329779754,0.6019754517267164,-0.8078619521936723,0.19015995524583734,-0.7437846466717446,-0.8687710773952526,-0.7524645087983368,-0.29657410585288285,-0.0641702099126702,-0.03857625232122279,0.5340644934440272,0.7784626486917717,0.22883090870134107,0.525962394973169,-0.5976322390899652,-0.5126283465518136,-0.7225459533860937,0.4820691185718047,0.6049118015138318,-0.6695877715065212,0.35822240602212535,-0.8483103329809321,-0.7122000919252551,0.8812633126871656,-0.7466959512211522,-0.8456252096867393,0.9317176199418431,-1.1026198657890884,0.7471730552469782,0.7135416586927761,-0.3084429723207123,-0.48686803930832656,0.6603448219730502,-0.7566493804269572,-0.21030563568573746,-0.33579783374890737,-0.6665957046038875,-0.013764818173931562,-0.2389424826399441,0.16960700205565074,0.6694445720069849,0.7275034115495387,-0.7540744915043247,0.48839713112538363,0.8729584005813958,-1.0004421507429084,0.588477942547183,-0.10320231887851616,0.28405997777827274,0.6915296385751868,-0.2394511783977633,-0.6554779692712751,-0.5677607341939431,0.4069125791685,-0.6677740581853104,0.5596766584721445,0.6232012175699192,-0.6678023786015073,0.7887846838522014,-0.7251734643041312,0.2709863107383714,-0.642758469471882
-0.7000442734015784,-0.7226502376737389,-0.013373877327818973,0.21296987102371823,0.9408334300156523,-0.9264702566117171,-0.7107533371278923,-0.6476962130437489,-0.14781820534229498,1.1056457757879112,0.3416482777128874,1.0148140981944034,-0.894778612381156,0.06658261048407284,-0.8452243189300118,-0.5761588955072974,0.24974435927144728,0.16870125066391842,-0.8732214846442453,-0.4474841337804323,-0.058372209752531615,0.3506614557007147,0.7414719011848534,0.16631550731481876,-0.8464433691597208,-0.755449528307857,1.1719404765481467,0.754524090985394,0.2934616017563737,0.4739832531031628,-0.11172459015349687,-0.679056263931463,0.29583172487094406,-0.12516321220825388,0.6054026488376022,-0.07100859591337041,-0.016060208176765456,-0.4260998473465314,-0.9983137862752692,-0.7866797365277565,0.7206452561958621,0.6496664091351938,0.7041162404547388,0.026795584666396463,-0.5165053476700292,-0.9257633603373566,-0.15405670113383688,-0.09612808855061826,0.22630156576380273,-0.7296879439550842,0.47928321103141414,-0.02209511877157047,0.8323742748848291,-0.5651035483214575,-0.8716645340774845,-0.003045423045534096,0.974328414444348,0.2931091040396159,1.1232656687856852,-0.22420434991525373,0.6686698613908737,-0.02662167591835103,0.7196561764103117,1.0401954682820684
0.6653574897588246,-0.7476069495306272,-0.3437754259099498,-0.35597531187146536,0.12343475167850482,-0.1101003302229079,-0.1218920958853576,0.8943888793167168,-0.37744495572270287,-0.9018490628257182,-0.6571791608724793,0.7052258222250027,0.17674680952974206,1.0046780385668408,-0.20532681092702562,-0.5201658735906654,-0.03908939767651325,0.7939536834767166,-0.07025198797277916,-0.569558736465283,-0.17345890719667348,-0.4040988351454639,0.2697954501522278,-0.8015154852117495,0.14062995049683563,0.15356881358213625,0.6102097884645633,0.5461607049655512,0.34686094978841187,-0.37916446682184574,0.8788984137673341,-1.0324515533418137,-0.1480381259248748,0.8777515344491151,0.746529981957545,0.5807639427734819,0.45099845624959856,-0.3227083261286603,-0.9357893651221919,-0.6031293141366141,0.08971456771213983,-0.8145048873492082,0.5637870834283458,0.49889315710557736,0.1875365909641465,-0.0009408377091351811,0.3307748029016054,0.41592216200230414,0.630878313795064,0.1964905176054732,-0.0961507738006935,-0.2924644090352754,-0.07952744833756159,0.9740454101720596,-0.38109103457692006,-0.33974034494395877,0.4325593397304913,0.07086340676385262,-0.7782439676198729,0.7815466576616787,-0.8546965831485691,-0.6208780438000177,-0.6016024247695857,0.7632604618024953
-0.18164766224841677,-0.8944425254305362,-0.19249646041482874,-0.1909541985029685,0.7130414719101488,0.31226312682158314,-0.5363922130336689,0.07878862670655973,0.15744086404287172,0.8476120778002474,0.2259444356906248,0.5125769388669345,-0.2782408137634551,0.16499539924948853,0.22665538685464218,-0.7800785184947687,0.3285801472808858,-0.8408213634000783,0.7657072064487304,0.4464926943282936,-0.02235297742867487,-0.7011196683243122,0.44258073054703306,0.2889074636018618,0.4304402184837757,0.45710454565278524,-0.6691215974528046,0.4317367201006368,-0.14704408489977466,0.84539883503229,0.09445920106843814,0.6676933998687906,-0.7449037703623209,-0.4017829044542922,-0.42294380179363933,-0.7188994611922237,0.6286450697617323,-0.42064370026801234,-0.3559814407359695,0.25937155415466423,-0.03364864710493806,-0.9931924977025297,-0.09440409626130167,0.3378383934975246,-0.41300386210507306,0.5832426937388551,0.5999401612862872,0.274803949601626,-0.6895712973036473,0.4765058943005561,0.26749576452408147,0.5418795973843639,-0.06881173852452947,0.620052836588644,-1.001177601470836,-0.6774177752065035,-0.4603263553262609,0.7991639383927305,-0.7145018983082309,-0.8818539556772709,0.3028934448685452,0.7225937878938277,-0.3089399767927537,-0.18113926903646715
-0.20275332027945156,0.9113665141218937,-0.37231834717633616,0.06694673577198595,0.07137275283521453,-0.5834754367786237,0.17828863622054447,0.36989330443129415,0.03300406617369468,0.06108498763126251,0.6394257916469039,-0.5146480985978898,-0.07592370911648881,0.7074285020969899,0.7015815578212713,-0.13412865187985704,-0.19975927349426448,0.45649870646830204,-0.48776451437545176,-0.41461300889823083,-0.6814338538106388,0.5786634097997722,0.6059630263971024,0.6978025846401231,0.6735478454263373,-0.3914084943036772,-0.6154093739928407,-0.18382061381731452,0.6547395653714915,0.3394699214920172,-0.3057100299217324,0.8570789444317397,0.670151838164935,-0.702300795307407,-0.18850649425335678,0.3020561984650809,-0.08400685173272476,-0.07890421478114781,-0.7520989459857894,0.6766356190953393,-0.5857561008965467,-0.23990393476800864,-0.5705521882924411,0.2697436878014824,-0.17990733025768768,-0.43896848380443276,0.206259413577037,-0.2629392874673788,-0.580418785521586,-1.0090056632836844,0.26272657506008235,-0.38600580730807293,-0.08994822415917883,-0.29064941504277797,-0.1508704536813703,1.0446412795087334,-0.32175635682497594,-0.7017475835698206,-0.6456949926214042,0.4977652355779578,0.85003945559388,-0.7385543539859608,-0.6269949953360313,-0.5622114747959722
0.08167946913465568,0.42249479407178747,0.3272115024366805,-0.5241189577365148,-0.41290480745729974,0.13329024587206334,0.860313106668366,0.12962687585478827,-0.5854306889953911,0.015536421083409399,0.5535605425401772,0.9845799736202916,0.8297538146070849,0.5996033025277809,0.36238591418260474,-0.10447857850074022,-0.23589528282682135,-0.04305207405132608,-0.21061834036072546,-0.5954276061488768,-0.42730006581965235,0.8881483163765448,0.27275294456386806,0.9771597413457312,0.16275625148520756,-0.7038951364736454,0.0059239602929210475,-0.573262352484958,0.14253767459984368,0.730368923929409,-0.16512076408639476,0.15607567949489337,0.6620169784587335,-0.8080119720647366,0.8827216574871035,0.4320864953447031,-0.24574592053567224,-0.7759257792436688,0.8504977159038382,0.38374969813844234,-1.0480981987720106,-0.5661834694666178,-0.8139097416676226,-0.7673201234386853,0.37414977868190485,-0.8471582540226709,-0.023157014567071324,-0.10687640630752332,0.5951213948334302,0.5849805816864788,0.6610369285491933,0.6901225490276435,0.055335380355247266,-0.07421311794307242,-0.6666066981226766,-0.4614303870844275,0.5842918902435187,-0.4036541297593226,0.03569866157363119,-0.691283596397629,0.14516196002351778,-0.027445279520037114,0.32659131271465636,-0.0925305229394554
-0.3233743152321244,-0.8789564272854625,-0.01819355756275698,-0.3255050250451692,-0.1479347478690312,0.11379017666324069,0.42302325341999136,0.15578220663500916,-0.6585709324028732,-0.5067134244259558,-0.9807474977401429,0.0028903366838680666,0.8239184257424711,-0.781024891839023,-0.0771963340225626,1.0122897843575536,-0.7174865776045443,0.3872711217875814,-0.41875586470017595,-0.3722208375947209,-0.5599019358850845,-0.4792926268275382,-0.9764255073754706,-0.8161915807625588,-0.04280066095087948,-0.5927672297911919,0.6684194984951048,0.20829588954557182,0.27343706751880176,0.07125556682595577,-0.516562393136166,-1.046831763435258,-0.7629547260662454,-0.8144730923044265,0.07971358310913965,-0.42742009580479057,-0.24648727565294384,-0.09553979104794816,0.12597316182767357,-0.0450069948274866,0.08991940889820445,0.14904672658655627,0.6639095010226557,-0.4619208294930458,-0.8664757277639195,0.8531661133116215,-0.2217599019626149,0.22813200775343018,-0.16958261798970387,0.5167350244470492,-0.55372894926993,0.37891813966452453,-0.7837537443083104,0.3998844289781006,0.6525064706178951,0.598470711477675,-0.6544730986764463,0.4107512593488452,0.7163543796597739,-0.9309350727206731,0.703291488622272,-1.1215280441741275,-0.8007159592356375,-0.07953465047477666
-0.7420037719437159,-0.7526670794945826,-0.05673897890986107,-0.13036449195025002,0.9745433825036642,-0.2056984787757744,0.594377646333422,-0.028109964810782845,0.2595565019794115,-0.6186703949234758,0.7592718234855145,-0.24381837312312865,-0.1895839435128354,0.6989652005509814,0.6201254553745851,0.3979027082860408,0.6404180223763414,-0.045670897648011355,-0.18091229953061155,0.025770532013691505,0.6677039333510653,-0.4399353946830208,1.0283957527985237,-0.26256355119144037,-0.785937561124442,-0.791575069509091,-1.0897324489056617,0.14785523278977197,-1.0652715078824775,0.2539216993502284,0.2550381806655267,-0.7433599903678058,0.7695718471593359,0.835443232012472,-0.10445243207110094,-1.0873976023312517,0.5580995262253493,0.7449565204651568,-0.30239546288590585,-0.9372322517072553,0.4227718842007544,0.7259653175660508,-0.44694581879194883,-0.6695516285295842,-0.1996267939424826,-0.07918551621879599,-0.07676895707332312,-0.2804800915870219,0.8306677080530047,0.8218161950919919,-0.39035155273166683,-0.579323121731422,0.7243958700349301,-0.3421186587806835,-0.5529328096126095,-0.29846580436176523,0.7090055986155351,0.7621545185475238,0.7336716189208015,0.2131995137576179,-0.23008958107848587,0.13663848199438,-1.0136913480130272,0.6241497419348239
-0.2557680309760227,0.6584442904244179,-0.953481278869213,-0.4735447085892796,0.45825194564808946,-0.1972422697110882,0.23192410992719256,-0.3342029774846269,0.9749668922498347,0.4423830831104114,0.8259178067447774,-0.680815598847422,0.7002734380519346,-0.475682659507665,-0.39872755176232655,0.02998324226719415,0.29170115632147275,-0.501920965555725,0.8771678754416273,0.41008102413141734,-0.7831758094891319,-0.30186588804048226,-0.6124133586980494,-0.7805073766690165,0.9173744308701932,-0.1479551892017155,-0.22687664613252997,-0.00586389244749079,0.6091925362982837,0.17887912816071247,-1.0084652382567503,-0.9280496778932867,-0.018243989427038837,-0.4747788942584157,0.14421274874536277,-0.2930594045126236,-0.8636717239013285,0.7154868637674708,-0.7126655255553638,1.0229412414971162,0.9310257526997021,0.3948927009868988,1.0087209148815317,0.20019844142633544,1.0109286654844658,0.6578495600398946,-0.37193001983923696,-0.8462462110030888,-0.15398747056949585,-0.3177136253417459,0.34785829933543533,-0.15365609418203285,-0.4651920152164011,0.0002448500739582471,0.7258505193203983,0.8107208831049072,-0.1114538384455917,0.7414619984232872,0.5910826636503981,-0.7462218797683278,-0.702919359302077,-0.6957841244840813,-0.3911821899545259,0.7482114472596691
-0.11791353177607276,0.09826440568527625,0.26057013049270794,0.053280209173137624,0.022447037749694018,0.8991257223007825,0.6801396368430153,0.8289222608408058,0.9069550114313205,0.47045123508960046,-0.1939522032797566,0.8404526851650905,1.030014800347989,0.7943617543268883,-0.28639357906458013,-0.7906351001989643,-0.9038627083242758,0.3157870755535038,0.7907357944452937,-0.49019259627226774,0.598159982408203,0.2722532416105921,-0.2129718718542132,-0.6919770036749577,1.1018194118485978,-0.25093858723738727,-0.07458651635204433,0.13904881140322695,0.01199243237885117,0.1920233401439908,0.7955260657223806,-0.5164499567798168,-0.05511040625787522,-0.885155010304926,0.6406631791079443,0.5474414158162522,0.9229024471313751,-0.0994305596189665,0.0965096477100409,-0.36718591415375695,0.37403558197005393,0.541604610462264,-0.20388582481553333,-0.022326054031176296,-0.7916066282339652,0.9438908768232602,0.2512678259889448,-0.11604765755755063,-0.8033305838737967,-0.10229786788854014,0.1967737903552225,-0.8628719441937001,0.8785970596056878,0.6775081805135623,-0.3899694327052619,0.4290836278166454,0.8850820903918573,0.049332930924522525,0.5536223036663128,0.8116387616937323,0.04825771833710071,0.9394985651492863,-0.8962334931794673,0.49904243155540273
0.566169631703386,0.720388531498115,0.09936750590108402,0.928911924381754,0.6810864077821683,0.8190539763105124,0.5842963730365822,-0.25569658975885634,-1.1074950685464076,0.08878159117002518,0.7557000449592902,-0.6569329892017006,-0.4639143936731128,-0.8651235774419825,0.1356153964034929,0.7365124161919068,0.941089659519603,-0.696507883948124,-0.058520228229103424,-0.7334406284374115,-0.2936949994381049,0.9938511131214419,-0.4312648538468644,0.33541811618764616,0.10272351074360417,-0.960481024858045,0.5108827435099015,-0.43395216808917114,0.628658537434934,-0.22462818085252506,-0.07842762675746738,-0.33706613543298347,0.9312724087836423,0.18745567608564295,0.21510459174639218,0.23944746565838065,-0.6492799137408014,-0.2800071715044714,0.6883138984919563,0.3512718700969281,0.7756695607107842,-1.0730038233018193,-0.6326318652887423,-0.6196104815616773,-0.016626581723268835,-0.5166934246893917,0.16800475752838406,0.02015504686331189,1.2003901848845204,-0.035311365375664594,0.33598757922775835,-0.8341121568257219,-0.8705588283060733,0.45820575006924014,0.5601862618439586,-1.045587535033286,0.29868530910323177,0.9575649247657141,0.5642255147780443,-0.4279517011086261,-0.400257181463778,-0.06757293782493437,-0.8273856127952319,0.5991406153039176
0.03742587941686157,0.4856902797269633,-1.0663869600000333,-0.021145365549758807,0.35748015009623757,1.058066340805679,0.20495678008781867,-0.35965519112780675,0.2867135538026089,-1.068455176532911,-0.23216239626518775,0.5312622302664912,-0.4155907199454758,-0.9946608380048425,-0.28166056791232374,-0.15209666512278208,-0.6671254872369392,-0.16487381694601366,-0.5723365185091546,0.8387971089295287,-0.8386787920537557,-0.6891946330028847,0.8511859583463993,0.09774011930025432,-0.3762164328493355,-0.41554163213460626,0.7237759014787379,0.128604618724309,0.7170686096699099,0.4089103522497534,0.6252725884013232,0.27920511809101,0.6651710118162079,0.6065148377356204,0.5422759493972251,-0.6110195819849228,-0.16044143352028245,-0.8087733113531989,-0.1515601686280431,0.663122473632229,-0.2400042114489957,0.4560694788146066,0.08716012603263971,0.3268538138005597,0.5983971531925157,0.1364917970149096,-0.9189588853917644,-0.7328571625475001,0.039544411741519854,-0.34529188405509903,0.9480368071341955,0.88919465143487,-0.6941447790203885,0.818884059563526,0.8941163571306023,-0.5592778756902365,-0.8625541082802395,-0.028513009285440233,0.4895135300367239,0.5549081564686881,0.515526958065165,0.545206345385731,0.7433899766995659,-0.4911519644929804
0.15389297051112263,0.3421671773397323,-0.47207738821479867,0.5037902623552073,-0.40615065733956957,-0.9178412783176128,0.5729768706646109,0.5601299336860943,0.3142458443089245,0.792341370727394,-0.42349906785459623,0.1551512190059768,0.5352306150076263,-0.568258162661275,-0.8244745442976308,0.5784757189521765,0.18366183982499784,0.011265040755102845,-0.23808480224479597,-0.31937149932197106,0.5403879831588114,-0.20001112366387439,0.11690366795327964,0.09073397135623834,-0.4897130058940536,0.1735377095636126,0.29165889379982635,1.0976512615096614,-0.8796418995450204,0.2478713112626788,0.8324324810855172,-1.1178386516810765,-0.867489447929805,-0.5658277054012939,-0.45764897265410504,0.07328386092787122,-0.05143935428705862,0.23052012229122382,-0.29598193373444176,0.3490249704367692,0.43446911415395995,-0.07147165609410426,-0.40923421059886256,-1.1895853648559882,0.4543122557893662,-0.3112114492181504,-0.883561916090755,0.5024611170631827,-0.8345812156109419,-0.41895915924471394,-0.7797920236685761,0.995136209628337,-0.8197536119464441,-0.14420473169628967,0.290944422278414,0.19067442709976273,-0.8513347563869517,-0.5625087068900444,-0.13301122687896116,-0.05109204942145369,0.6191415868061759,-0.38656047397363036,-0.08361749347857222,0.7715174838594854
-1.005099994931106,-0.8972597423441911,0.9840504975950854,0.2710768483382116,0.5084772985756184,-0.6742743604826975,-0.5177661761140284,0.9784809994715535,-0.9008019002204934,-0.45144751100063807,0.4441483043012626,-0.17751269992451169,-0.10336188746950464,-0.2743444166787611,1.0321250435989602,-0.6362660097063779,0.9573051128103752,-1.0129573825544655,0.6476965033796824,0.657691267289711,-0.408865299598386,0.6592151755031335,0.8094920439420393,0.46096054989140844,-0.4078909267343036,-0.3213464546682248,0.6950310392890003,-0.2150267394768926,-0.5964969867762607,-0.41717321922934575,-0.07232648929237054,0.4244895106837611,-0.23853770944451194,-0.643264317172209,0.9625235377243689,0.6535553797770799,-0.8055301600746818,0.5977848076038816,-0.1282462650658049,0.365605678636363,-1.005737156234946,-0.4815709663342121,0.24735197344399523,-0.706031749622228,0.6190997774656575,-0.41886027747427357,-0.9411960529623977,0.5992064276227977,0.20764805833290942,0.33991919365494017,-0.3911090893456144,0.9644205549155657,-0.5054194714976498,0.7052629584382271,0.44521177954154634,-0.09459188240371633,0.3710673912908773,-0.050299688699497996,-0.7065073334846071,0.9321876980732113,-0.2935431759098841,0.14844018534526313,-0.1382860061745825,-1.0189608566574766
-0.38060123314343364,-0.6091763741943268,-0.9837273451528594,0.8756780193520326,-0.5828893557564538,0.3868878425513609,-0.6957540864739505,0.11297244519420939,0.0678335611176645,-0.23002247262455666,0.4776037579460487,-0.3121872117919529,-0.9005387298854979,-0.5642232860586966,0.2685776124460457,0.07996820141474555,-0.09671104687948909,-0.37882117131497123,-0.16041511028210015,0.677589144834803,0.7973196808093197,0.33876386127808616,0.3890216203793196,-0.7557039717424637,0.35716697324773256,0.8837227074195493,0.9103621016988279,-0.5494921919505287,-1.0225587155258795,1.008049029082818,0.9786509226350573,-0.042438234840343064,-0.03235792538678853,0.06144451928304817,0.052922672156515346,-0.6715856526374452,0.930756935154543,0.6974260917716079,0.9757339841703957,0.6719701225977996,0.9833216133788816,-0.4167805303468977,-0.21498525236243213,-0.6187898797313663,0.04099608493202263,0.7728060807258088,0.9173233915822726,0.7780117007596492,-0.006755247513381912,0.7952210156040581,-0.5072807180758349,-0.39597637078854653,-0.5275924773035016,-0.43377026367174243,-0.8987033179634056,-0.5943980358571521,0.5368762299269909,0.5897718156938475,-0.8612325350604368,-0.11819785089694457,-0.7735318553830013,1.0584095386930308,0.12817494252019113,0.5160160951372279
-0.9638721911602476,0.6834406725056524,-0.9265486971655258,0.6113364190272057,-0.19789827694134024,-0.30099326847972446,-0.27484525720120206,0.40659652495052767,-0.36646041475295144,-0.5926707961708895,0.710939307118051,0.7929008648086797,0.5915076806074111,0.8890274590502759,0.22370938416443098,-0.4790329761886744,0.1079866746510818,0.8448707161755542,0.22597391600480934,-0.5120374110245645,-0.19384322380146884,0.7775184999614015,0.7290669496668167,-0.31750576975603756,0.5172115738294749,-0.5869848619793896,-0.8303728604452485,0.9043686583366267,-0.799567559971445,0.454079536929771,-0.587332799381813,-0.6562022769222768,-0.7980054793028675,0.7807084394360543,-0.015414453895319258,-0.5946853185386596,-0.13594604816478056,0.40814109454951875,-0.18137842596388642,0.023205539323745014,-0.8581700208023414,-0.3913179767406688,0.8871838935874652,-0.8915476107671609,-0.9754207895520741,0.2913465647089268,0.9458902175486691,-0.9345688494987745,-0.3812724661492193,0.10679434468742108,-0.5477735494244822,-0.6406086169557028,-0.06789776676191114,-0.5135649925364774,-0.495015759725963,0.8176991271344382,-0.0482550528028419,0.7638237710757352,0.3048579472906973,-0.41314407366385936,-0.2296249348430146,-0.41680092476929326,0.4526937795835358,0.8205853987351784
