-0.384412006090987,-0.3614952824120523,-0.3325639829513196,-0.17578072698832647,-0.8463179768803464,0.324693331657782,-0.25877270012765363,0.16579095489154771,0.12964979454217462,-0.4961534706012034,-0.8256087331061079,0.22115806070454536,0.6018702285884219,-0.6294516743264975,0.6407458214746011,0.00179975970923274,0.8785517728804415,0.2923143689315999,0.6499048035027319,-0.6635810958110129,0.10851709499053475,-0.4291245826938347,0.9197194972685101,-0.1415376394374357,-0.43728336273403934,0.6206671564984241,0.004654460205552963,0.7143744237223426,0.0777474045146167,-0.5651047927470334,-0.46536007505273236,0.43632117392036474,-0.30230561667394373,0.8467142770549798,0.7360520597137867,0.5284078252231019,0.9856978199609672,0.6096521336082379,-0.847984574828754,0.0022188280080457368,0.991567335767064,0.22916717652601015,-0.6679421870363218,-0.5503534123458376,-0.10987421337675052,0.7428888732595937,-0.0628598057824421,-0.30641973663989863,0.7831791631867691,0.8830723744690929,-0.3647651225579995,0.19318511871078003,-0.7847079162668951,-0.7837856366231262,-0.5491196267336027,-0.08209302773100546,0.2643548897528214,0.9952584374134572,0.4764013477024882,-0.05165774548158453,0.1544732084486553,-0.295853976259821,-0.07664830896206443,0.41045556465917343
0.464922683804327,0.5217277083335243,0.25992632411908745,0.8041687741028549,-0.802511187539056,-0.7985839445272125,0.601442336648188,-0.7559823761910303,0.1443295631229562,-0.5354514111200162,-0.20595659365620111,-0.27389397413798355,0.4838717481241295,0.566983351610852,-0.43794901140318565,-0.9150279729448625,0.4656290927975597,0.7330907712642334,0.00781235709664635,-0.7777181884534838,0.9998480028193786,0.10157018772580106,-0.25372693404375424,-0.5825824731403246,-0.3523247667830567,0.7642207931436167,-0.9936312388828492,-0.16106045616970088,0.1528142847067476,-0.2909750473549526,0.8790126595207017,0.6342010002750829,-0.16174225021747612,0.23424533690059124,-0.02198402063442284,-0.5187398113301718,-0.46468897405965204,0.08499367400126201,-0.2130207401821822,-0.44196678883785134,0.8525034484517888,-0.455779202488938,-0.8885008517988215,-0.422057937326181,0.5671943206923649,0.07476717980817615,-0.6500234831078455,-0.8599032087838069,-0.20498781902849106,-0.8699826195091183,-0.8367733595757764,-0.5799849750145414,-0.2591783601576265,0.4097402147732706,0.4219040175308635,0.017027392218011306,0.23874425734176552,0.42527251226797036,0.5077087199528152,0.3669785131002328,-0.9414980004875659,-0.33933187290809297,0.9376194683626324,-0.014163163725092298
-0.8354567410309723,-0.46196209786140163,-0.4049803088717454,0.15846393722145136,-0.7022654408723799,-0.3372069070096648,-0.38294706708002213,0.04709749944564212,0.2942183245434684,-0.5742764477551521,0.9512256073044376,-0.39531967223100617,0.2655915079031752,0.1668060980867816,0.18375150732466006,-0.06173578744933189,-0.04856868524713476,-0.5613459387761719,-0.7898954827590698,-0.9611529375439829,-0.26925537628915797,-0.4918530025757242,0.25910473633166875,0.21517641290781553,0.7899594872661613,0.6894273045952519,-0.22298299972112257,0.9879161370002207,-0.7966864701805962,0.21607102626211544,0.7749104491370955,1.0367214439702095,0.3514207926550592,-0.054870969760223876,-0.6737713492490316,-0.031185766160277684,-0.39181316978694725,0.9917474440323573,0.8059879435328643,-0.2291031240806738,0.8720631168019675,0.019357881088623907,-0.5248162717929972,-0.4350023469602795,-0.6799340578346671,0.928196253860349,-0.3619719880589567,0.87168682327098,0.1579252795162076,-0.9197509005416138,-0.9064397952012566,0.27194390644214717,-0.14575376789092975,0.8818079644126788,0.9274107425567295,-0.9829795264908356,-0.9171157820576346,0.7444802284020973,0.5830683956649387,0.6776922473540716,0.17502669729470854,0.8771047343553637,-0.6501082898403014,-0.5046432522236917
-0.49796285038320764,-0.11615601252869023,0.6685336267200637,-0.14163924125570407,-0.3981783659230236,-0.6635423572165988,0.9661807993589719,0.7927977234861587,0.5821018363579954,-0.8924515985813859,0.39062624183549755,0.7641771272315745,-0.9251113538113269,-0.3747424080613908,0.8948844879308497,-0.3994348777897214,-0.006725933942663742,0.07665756932703238,-0.20757546050137488,-0.032609672725018246,-0.3281408260077663,-0.6603819030730733,0.43857778590113217,0.8475511499750221,0.47043359485499936,0.5816525835567965,0.7608360040578255,-0.9703619257506617,0.8060971582727527,-0.6335265098695924,0.037119861574764546,0.22922433814149934,0.7698870704105119,0.9364931167470594,-0.4378893127799437,-0.6538047293256173,-0.8664069503443634,-0.9009544231017832,-0.8395119741112846,0.278409104074238,-0.8101837160672933,-0.02937513232508082,-0.016149094753767246,0.47788134779160507,-0.8866574096000055,0.9647601604238369,0.3712620726130673,-0.1580426708027063,0.7399608386953975,-0.42031985783583337,-0.25998143889567094,0.639338695670691,0.31180835649828786,-0.5047949848508066,0.11021576247332554,0.4702384158244477,0.23982554746025908,-0.7067400802280213,0.22839942259350465,0.7192010606344073,-0.9153421539139512,0.42524110701069184,0.7066419521439316,-0.9963658514453013
-0.9910868763468652,-0.8820349325168686,-0.6823242020038238,0.5518045147724511,-0.31671636989453633,-0.22488403010068558,0.48307296084819695,0.43315448164090475,0.5000513579576198,-0.8524185576907488,-0.8050473215779159,-0.5074313869447429,-0.7917046036578976,-0.975357802450652,-0.6734734484188608,0.7984834824435618,-0.3347122202639765,0.6576540499624557,0.21249442580358857,0.3738354906637871,-0.03583427711584597,0.39273602299885324,-0.6855962454908788,-0.27416283474786823,0.3504979728781823,-0.14349756097591304,0.21632430985631745,0.07271765325922708,0.3160232417132116,0.4349448599786112,-0.83717813406752,-0.41491296168103564,-0.13049514939099605,-0.3117582129552663,0.6991977785946044,-0.8190962131018444,0.15703285941731693,-0.6282892201361625,0.639578008037468,-0.14249114856995337,-0.9436181059409795,-0.19104591244248392,0.36575409544635185,-0.32902224760195214,0.10834799276404139,0.479224882405074,-0.060300759709219776,-0.5886386452969399,-0.4545344973957586,0.7166142195071685,0.015529371817352589,0.30038851140833356,-0.7634234098162602,0.4837883848477771,0.2465329373799332,0.9632693880437508,0.6565677131382064,0.7690440650022141,0.18277534878859414,-0.12405804966185496,-0.6867258559693283,0.17978087289698252,0.31869109904595544,-0.3996476879028128
0.03766808044808578,0.03951840897075937,-0.046961636071159774,-0.7384604194066822,-0.40478470055868576,-0.5372400346894988,-0.8358686793414145,0.6212242253664826,-0.10022620589931308,0.3121639830074139,-0.7654935851450604,0.0406560123093766,0.1475936272554963,0.024021286009065612,0.011255729186828267,-0.31195339532308775,-0.7723973947286618,0.3827056400717326,0.016195320332732077,0.1484666500599756,0.06685989899622236,-0.23704800308969687,-0.5633089635554329,0.4004299922893444,-0.7146966611805792,-0.028508821401187046,-0.12062831129389351,0.518868734035642,0.7163330805763297,-0.4157227638407781,-0.12327891013105519,0.2455396708271238,-0.37047853863186564,-0.6212808638315478,-0.0005051359378105413,-0.6352250559480757,0.8355171172083062,0.5711962291320507,-0.9162995333868289,0.7487426423168124,0.235767734751559,0.5772299739934879,0.7265469139712061,0.23414925987416013,-0.7884382832325594,-0.21877214083719765,0.8341731513569166,-0.8663112537739048,0.8042185059075988,-0.7678658001300733,-0.1382887213150228,-0.46975576206487146,0.1342691595271177,-0.19380482496208296,-0.9788768673144612,-0.0826500224686959,-0.9919292414133527,0.4509783597487995,0.5707469627938113,0.38823908875424573,0.6852879276033845,-0.46557447069195756,0.9044337961251017,-0.13312696094107324
0.8638331648846911,0.560784649544567,-0.13750112882905774,1.0934223262508902,0.6755532428982709,-0.5728942682776086,-0.5203493776415005,0.505030170733002,-0.1939730448460062,0.2967878201917775,0.1692366582719178,-0.965411252462979,0.9557100645683159,-0.9692059424169335,0.1930232632454893,-0.9906318323235239,0.3055470961501827,-0.922542352191551,0.6666185741095116,0.24985935880607335,0.12721477248526747,0.9683683951293101,0.9370959312520897,-0.022736839141958676,0.8897676875324174,0.4538827112310575,0.531110977120495,0.711939010607507,0.5315724103458903,-0.5775904353576464,0.10249648898616837,-0.3038838680933167,-0.6548185110391902,-0.022981226801042087,-0.8178069408577275,0.394466334932591,0.7774362180822287,0.48481581017486614,0.9223707078477306,0.0670163105219328,-0.7235968904475014,0.6627887289906518,0.5520663782688573,-0.16593682707922763,-0.2731382636666315,-0.28985556185475025,0.5895527335866833,-0.18470470140980266,-0.7185571307764522,0.6924662116486953,0.6880342854643258,-0.1568684207280986,-0.9264467160176211,-0.34608774729983005,0.5431596687527613,-0.8277130659663354,0.2427670619945148,-0.3672970800821851,0.3929391909910054,0.8037216449720006,0.23328693963641367,0.2692226608510102,0.7172078659768588,0.9751460933910829
0.6859960077471876,-0.3108117479404675,0.2961350036913317,-0.3321069548111888,0.22438689938846412,-0.9828349947210899,-0.06233428368776206,0.4981616682364547,0.9643423650026197,0.7739975352039754,-0.7182015863255531,-0.08037347660055194,0.7203518376014992,0.5768975338912397,-0.16167862480763295,-0.789663144314211,-0.7186629186368645,0.27114984913273665,-0.9181578362113175,-0.09821443914838901,-0.6056006890385452,-0.15002397979580406,0.18784992689637514,0.1120550968616405,0.2833437810687962,0.21304255713612402,-0.17094708752933863,-0.48869979478833936,0.7420816449379798,-0.002002161621547982,-0.8624474877805841,0.12739920182467523,-0.46711754059854815,0.8519952268654036,0.749736528706396,0.9423335598389517,0.519948545400897,0.3383771598596985,-0.9637830838995316,0.39501562481775954,1.0097114657989006,0.929274940119402,-0.5294154591732447,-0.08597306664573634,-0.8059721609281982,-0.6520995989008189,0.7225261676682206,-0.20069155892080537,0.1916340346482468,0.8176658103246877,0.037438609191627004,0.8152294638231146,0.756911797321813,-0.07747719575152145,0.528747989737606,-0.4038554372742609,-0.09436326105996051,0.5801145794875606,-0.8965524251962875,0.4017134708384533,0.46134943341956003,-0.2052962457649199,-0.9516939819312091,-0.10520017755633826
-0.01677704333655372,0.7671518444825147,-0.9526072437214759,-0.23368505057082023,0.7209887780005162,-0.35404516368304173,-0.7916283767449521,-0.6365475642705284,-0.22251830612986306,-0.7917166666055974,-0.49684450658560275,-0.44209362650878115,0.21348985631861184,-0.6164132076081839,-0.2623225610069798,0.9820841531731224,-0.395989917118005,-0.5492419390653707,-0.5691931972324702,0.8659641643057083,0.9954727007652897,-0.2550187833126558,-0.4603555075185959,-0.6169058822580561,0.6703626818667789,0.328306714826921,0.4013474119021956,-0.7505565845716713,0.45459691244098854,-0.5859739101984711,-0.9180571900032197,0.6086643465968884,-0.520093204803169,0.14944638940045052,-0.16986582084862212,0.6718994028557366,0.9352134928430214,0.03584400935062915,0.09630228050837286,0.1853137926233066,-0.24070586529888627,0.42179668630363376,-0.44095775335244136,0.011226147262347164,-0.1871041583153823,-0.4429492383697242,0.1443366259452834,-0.6244760300016203,-0.0789637576905593,-0.16419646712704794,-0.3911753357713026,-0.526023246188446,0.7780211379745237,-0.44907748342449727,-0.25580667477139807,-0.2015363079994752,0.70000418214035,-0.47299913861672527,-0.8090248199395484,0.776898385269511,0.12312368574598676,-0.9177129732874776,-0.9280938299068011,-0.3574426565822648
-0.9019746507200539,-0.8354045258112832,1.0600355053092088,-0.6732340436587776,0.9377249160979839,0.06538578187322197,-0.849799256951119,0.972437897545753,0.006138710596185648,-0.9674416570295998,0.9262592426746128,0.20924921382365724,-0.26569896933448334,-0.04146619751993175,0.8041912497645232,-0.8592577984309799,-0.3899169317241853,-0.38019397412949374,0.8488733957510335,-0.4657369185932829,0.035967030181509596,-0.08054249508254263,-0.3805220938702838,0.5083610462098802,-0.5485449398498181,0.344387828780778,-0.24764093381073535,0.7423270452002457,0.4637392238751674,0.8387735557698401,0.41072578095858714,0.19479940806048068,0.6172841584882358,-0.5743596004344549,0.13738683652732275,-0.8962229957784678,0.4565292996087613,0.8944067344702007,0.8982749395153806,0.7398409128624432,0.4243167226896969,0.20864613331866666,0.23779217600976854,-0.051613569458943465,0.6017812739834756,-0.2751463300226813,-0.26485161002631896,-0.6850347681929063,0.09817324531870542,0.04354810041120416,-0.1621519771490778,0.963096390638843,0.6007970240687829,-0.5761787600699728,-0.287907514418555,-0.9135280194484741,-0.9050520117367895,-0.7363686211209393,0.19651777180592456,1.1414317091258706,0.12527546558868963,-0.008558996558171383,0.8070793094010922,-0.017258013593645094
0.20878677374269916,0.29745395150397314,0.7711097634061479,-0.734261510518986,-0.031396497647062205,0.5452780039810574,0.9574075360737302,0.9381721692099643,-0.36982693389742594,0.6876370491133452,0.5592281267811934,-0.36143729282843107,-0.2091981815646453,0.2932700252570246,-0.08287733635877337,0.481880386181448,-0.2953858787341346,0.2240163129016337,-0.6408725363688985,-0.17408647946753875,-0.19226757572202824,0.6416709646823149,-0.18898748852362957,-0.36724184207525434,0.3846469654940736,-0.9102790393966438,-0.3364465225384319,-0.063217362982255,0.6438152820418539,0.23688370223060695,0.6343522257169509,0.6030144701049673,-0.5042280857912516,0.6757330631665817,0.8464946232036419,0.1387319575589212,-0.9461970986947417,-0.25529449360630996,0.8315826631787646,-0.2594294311569645,-0.8057000388956395,0.6125783894514634,-0.3073730625797868,-0.33752101010785207,0.2521339527357609,-0.4368026636518687,0.8496385462092508,0.6465890959233012,0.015557433796115738,-0.8458644205007697,-0.7184561649345775,-0.6286002463404083,0.9844416545107082,0.5197828025414393,0.37830435463285905,-0.6985912817801283,0.9787492245953462,0.7345463232542884,0.4773527484864919,0.4708599219177436,-0.2254633756876243,-0.1653556331172905,0.6169885695132342,-0.323536983799098
0.0017480654384385286,0.6594377466614705,0.2445514758122318,0.22942946154549837,0.8498177386381087,0.8193328705872138,0.5962508744257615,0.15850423550614123,-0.0798620604531306,0.7349190246429635,-0.8124418749452285,0.6196290911911202,-0.7100767107534469,0.4001687304954365,0.2862328331314339,0.5993102484359387,0.9286228962374434,0.2034800608656391,-0.5989622207875505,-0.7338082103399151,0.6808912808515628,-0.8940380269285013,-0.3776563580298664,-0.06087669686062802,-0.5124739340567077,0.39937821347034186,0.8442570662041746,0.763330564644559,-0.16364749477366103,-0.42458255336252204,-0.6971819033118782,-0.8369975674601398,0.9764664302675687,0.8076586390296543,-0.2012550985482792,0.3415120725900598,0.05732837761431919,-0.8750181239036412,0.5669717868585704,-0.04134360772133605,-0.15017163563805247,-0.8192056507316705,-0.06949522677004127,0.4193906777371561,0.9455221602148032,-0.2294431681480007,-0.10010041663680314,-0.7341545548945354,-0.6409069201647939,-0.6087889912453048,0.43569219763858125,0.7702683177265259,0.8880219641487674,-0.6777509409854334,-0.5094515509845114,0.49048240539766796,0.9473250563769529,0.6309156066758084,-0.14584018345524466,0.6373497226985665,-0.36411886700514795,-0.00546826519982857,-0.5157797923512468,0.6088048791661302
-0.031097709213319114,0.4403614182220559,-0.6910976428175464,0.6179910511465174,-0.6261400529847378,-0.875930262259198,-0.4092883088923116,0.9334565410547224,-0.2619842498607099,-0.899527537401491,0.2441715576408221,-0.994283156256059,0.18625376843979802,0.6357454551421748,0.7464105800493201,0.5915986606770334,-0.18811568845800308,0.08282040711503402,0.5156209343464684,-0.327965737832731,0.367592108509218,-0.9339525486677995,-0.11046825706084995,-0.464827125376404,0.5585903847494891,0.09680579476528361,-0.6119216963964411,-0.6081484538970148,0.6577001522753843,-0.27388941634436015,-0.42730801022624476,-0.9240525133747963,0.5751747720572407,0.6339142789501337,-0.34375858564237305,0.5179606272349848,-0.6504997853125596,-0.9362999456664383,-0.8743134985508658,-0.10082980178313483,-0.05219998759443195,0.48883430091272584,-0.9442143983099909,0.7753006551686605,-0.708958535859971,-0.5558974341740155,-0.2325103688314043,0.6882427455028459,0.06290160286093838,0.8951276729969857,0.09212785902163789,0.5539153769549758,-0.22721389670597003,0.9311175754586793,-0.17917022904451074,-0.16955029262739396,-0.7969890275048532,-0.1635859997582496,0.5005768643342869,-0.8366999449782324,-0.6752567250895722,0.652500923109609,0.29782154245525416,0.5419572001810101
-0.8851283075891421,0.6828102911022018,0.8246152294238223,0.7291151879941409,-0.20907167811314276,-0.3066897292981474,-0.16906211438607777,-0.2479462773194665,0.4900333977093245,0.22879776980747657,-0.9120078536572072,0.09279121181405836,0.23074643981214638,-0.7155168206442013,0.8456807606610475,0.7490728254268366,0.17218123936613372,-0.23127334183346093,0.5194539246139269,-0.9691386419675223,-0.22284942431620425,-0.812856522401346,-0.3888143891113507,0.4006236415460216,-0.6798788117408479,-0.9608112644275231,0.26274636461153156,-0.14041396671735537,0.6645554235347375,0.40618791050221437,0.42973470878381725,0.6353731571450443,-0.2582971742983753,0.06957115913578482,0.6306444675920793,0.035862768651354626,0.4678789035834501,-0.43437369186244523,-0.5701561257569383,-0.23685600252710115,0.03232587157193256,-0.17303423224754666,0.33397924761698583,-0.6203669589131049,-0.05168731782581193,-0.4243494582891316,0.3313937704377812,-0.1874393382505668,-0.18226072858739872,-0.36023815409828397,-0.6977313226920023,0.9250301668925964,-0.2452837647415842,-0.8103828461329766,0.2000681665372892,0.11103909889059138,-0.6037869107009938,-0.5827989901518815,0.34864375537743647,-0.4168818023708287,0.08609932651360519,-0.16193999598634057,0.6375693319004292,-0.19166206410478148
0.5954671214133118,-0.6903086258199713,-0.4570146592502746,0.23385715988723882,0.9682257710570195,-0.918542006910338,0.4445510278253393,0.5158766664236727,0.10480262932543671,-0.11377402796311009,-0.9926399667691372,-0.6707926805971625,0.8486737962212996,-0.6457888015059761,0.02388184475247135,-0.46129515550868905,-0.8948142846197831,0.6288050932505758,-0.7875923996395957,0.03807608848819788,0.4433000295186491,0.11123220939043055,0.2059068435603817,0.1971771671650473,-0.8755249482158545,0.6604961179777252,0.7931638529751819,0.5670539568369859,-0.3569185923534244,-0.34497882098262544,0.7352993989323835,0.7473689534830386,-0.4965144167316782,0.3072473738099173,-0.036969752912136444,0.3066044357729405,0.23419744436580436,-0.0881005142667487,-0.5032879535243068,-1.0836508456777738,0.06572522182081308,-0.34402677099948287,0.4227105154412947,0.9147630758979474,0.42425838733655485,0.8597505503976925,-0.9547032404387872,0.7596720294919899,-0.2785288360180176,0.7947347791808996,0.47706591747351457,-0.8980358343333179,0.6549656950772473,0.8490623137093523,0.32644619215722726,-0.5900059612977038,-0.1262636629822027,0.5391708375699984,0.6880791827383519,-0.2258792721625127,0.21802621323781746,-0.8116895849433823,0.16609770838602889,-0.9780518341467379
-0.4417199611135709,-0.7659495727993026,0.6746863103117864,0.33197382242206475,-0.6190028200656907,-0.6576114931215753,0.7804049062011202,-0.08263320038247435,-0.23853709576295154,-0.312526295941967,-0.5211515062945555,0.14451856166921617,0.2783016614290912,-0.4247588169345162,0.24022322341202584,0.9293390910978061,0.3032519895581114,0.5120077913459478,-0.25477596458743307,0.030811141466356995,0.5169539127626896,0.49464772894626274,0.6811226386377549,-0.07593164988433965,0.9562568029038592,0.28992498668835553,0.04070990298166732,0.7597465705011219,0.8422435636422032,0.3496672344106131,-0.43112722365277434,0.5732130721804929,0.2490691913163856,0.4202537607343626,-0.9656391275694405,0.6528370648892421,0.07735274273229154,0.592807521783548,0.09770641621489262,-0.043990772443403214,0.34674578451530125,0.8326402980481333,-0.9017160288255115,0.8075578230687914,-0.2622572080983214,0.974363766289602,-0.020882411836511405,0.16519377214994924,-0.9063735197655678,0.34137429839816447,0.27591515242430353,0.10060298784704536,-0.7148376146520925,-0.6346578124760951,-0.525595306815605,-0.10726397624754216,0.6570831555836667,0.5715723038163405,0.6595957584103773,0.9252634593454303,-0.43958712992591753,-0.11399362800557555,0.9023239823153006,-0.22070324627827076
-0.6505501634671504,-0.029610997496181346,0.9928158417464399,0.847549667480261,-0.20250745605468445,-0.9902914820139603,0.8872199604629181,0.9607285710737008,-0.6388422714363498,0.4859128425183106,0.10911317993461478,-0.36326297515107897,-0.20208535974882857,0.725556117276271,0.8301473626700779,0.444034686368884,0.045733932439587344,-0.2251088620993349,0.6808156298028814,-0.2502290212585201,0.2633958811925303,0.15299857562811875,-0.9656019602487347,-0.7208352236970308,0.23891804835999864,-0.13470804237657497,0.2974142935091397,0.6721049620666071,0.2981548668477667,-0.6598564335023581,0.15967449671566003,0.675032674896159,-0.9000376980387756,0.40702842271496675,-0.21911005379836634,0.4888667073570083,-0.9310884426456223,-0.06321735931885608,-0.45451341990375993,-0.45314728506816615,0.6205861806093793,-0.31812457134899286,-0.3203954191252947,-0.14057483703399293,-0.5909493396162377,0.4350314131912867,-0.11914228650749914,-0.5893796150893875,0.609127879266375,-0.5244126781234519,0.09755613711819278,0.10921224721422362,0.2913370295298363,-0.31903645675031655,-0.4720105108428361,-0.24586194435060382,-0.4324032442275684,-0.7499726502412698,0.9994741978192987,0.40050739644981004,0.5170605421645844,-0.5432957756653694,0.9552227502832817,-0.818299979346655
-0.11936598840039925,0.6169495629294983,-0.5986513499903761,0.7369354199442246,0.7212395460964907,-0.19815564499988159,0.862538935174787,0.8361254166021923,-0.3480370587730024,0.4142609185546191,0.5867543197269843,0.7777025689097605,-0.14346409356507528,-0.5252535059823622,-0.623018650265522,-0.47841348794592986,-0.2996248457487909,-0.08745794598408807,0.06240042002806745,-0.3435679271490033,0.8645771730509284,-0.911786283869096,0.9136214422776192,0.2475706564202178,-0.5659033738657782,-0.05917538382368326,-0.7389368182730156,-0.08107406169267883,-0.311983599649196,0.6210142452671443,-0.7339796892172346,-0.8575593877881353,-0.052759023904195734,0.887536728135994,-0.9402605208712911,0.9943018963287116,0.5080858998043298,-0.13629496586083,0.7770083950823345,-0.6819099014179768,0.4324462142320924,-0.2881501136048752,-0.6914813389241588,-0.8271898264867279,0.5767733265688504,-0.20630737692735046,-0.8925740933182011,-0.4865996589453674,-0.09638989174380264,0.1424966084882513,0.10374058526160268,-0.30794120649631385,0.832168220098203,-0.4925189290850305,-0.13419868325841677,-0.8665172176505824,-0.10696343286861798,-0.7014990815779116,-0.15067485801947278,0.6894890561234874,-0.8202627099471522,-0.09051201309055434,0.24763907846300515,0.30360957467549166
-0.6641733475842582,-0.4064491866416209,-0.45277322160659317,-0.9376541693267044,-0.8004766716658358,0.2318109857710664,-0.41642847149450657,-0.1549826254823088,-0.1894038299278531,-0.06063263155699139,0.7978547475635294,-0.8873277355188129,0.308257632939023,0.012717014623405909,0.1342405496721073,-0.700808996625538,-0.6414830563849003,0.5572199876948791,-0.44068786902847035,0.7900894164868395,-0.601022527007147,0.23823713542791913,0.6474275513614791,0.413123690904706,0.1050834282865265,0.28939008191495996,0.4626574711604037,-0.4670259905849041,-0.7019597975695822,-0.8400792350487616,-0.5415897435335628,-0.7348893285791331,-0.8284921012991864,-0.7410983434353331,0.8231263440616903,0.29477027270584966,-0.11230015964565299,0.9014356639129273,0.08501764484202678,0.9493256388390023,0.7360179137371115,0.13311744504201406,0.17346642128624,-0.5817458264860939,0.37266150626834077,-0.8029903316567959,-0.756245130240091,-0.1998425558037853,-0.458092305199697,0.3348244451434932,-0.73504401408813,0.5365958164528959,-0.907853039483639,0.7373956185090575,-0.03831546670882502,-0.022415599058543734,0.5693957707986881,-0.8745260737378182,0.7551640627810339,-0.6334861026653755,0.44060309835457107,-0.00242012202388997,0.10827411680325771,0.9699042271646321
0.3979047595195242,0.1961767920486559,-0.7583940054214044,0.3824286068148792,-0.7948691277699484,-0.199589069658187,-0.5700548492702402,-0.751404446963329,-0.3853986223357586,-0.059957067414174725,0.9801977556572969,0.23850146879154743,-0.3484283072165464,0.139988850665844,-0.42504384260784445,-0.3948966474213954,-0.8806822301600195,-0.22314505200055113,0.10024047340623055,0.6243197330625723,-0.9441490285298468,-0.9952456027535193,-0.1578662295530595,-0.17829650155475552,0.667919934582367,0.14141774544277608,-0.5390594609004391,-0.4712150320452946,0.39827905321910473,0.01852743418255165,0.35717212099255513,0.5531764413705589,-0.10059077611369771,-0.8215498384921835,0.5900767009915446,-0.23404288599911993,-0.9207284216797418,-0.07831439017721409,-0.07207770395728663,-0.9756464740446653,1.0456952999618987,0.49943680364398446,-0.15141471555589775,-0.16659166098025247,-0.5888261511513824,-0.9144107205126268,-0.2445693282663841,-0.5627647421963109,0.6493374365256486,-0.37805597180511485,0.9422265974615442,-0.35232050770508083,0.1982116089991428,-0.4986763598366646,-0.5795919468940202,0.2201462320047467,0.8956259268899252,-0.24388936953756146,0.5888878398228392,-0.7005831542798255,0.2949842258065942,-0.18419220727209606,-0.7271566447647322,-0.11381063094586064
-0.7096137938549227,-0.27843642940878466,0.8039014610417379,0.18434397174501602,0.295052455249579,0.5411356553163491,-0.5430590661087744,0.7371546611501827,-0.552451509810441,-0.5885253583450326,0.39840455132393515,-0.7498150451219077,-0.9705952175649739,0.5712985391744831,0.41381903726214686,-0.42470164298478674,-0.7075571699555014,-0.7906864861766254,-0.573232522029856,0.5448421970636781,-0.9985141675914166,-0.7137222026137064,0.1842220790688449,0.5000691889658713,0.6954776412746546,-0.1742851097690883,-0.5262376961063697,0.47006123538789235,0.5148408384817595,0.1379247604936158,0.4880310150318514,0.9596847968124809,0.5469204104290204,0.07558167949238359,-0.26977157987149325,-0.3082745639882647,0.44733051461637996,-0.9440402580960523,-0.658598656951328,0.14772210513491424,-0.05761650464821777,-0.17204096478964193,0.9260202476798021,-0.5232089129694388,0.33209126969394975,0.9213838349237677,-0.19245589219184933,-0.5561019043000506,0.6939774531437981,-0.061504421134879195,0.916300984983736,-0.5007331652742042,0.03610914501696838,0.720577780858793,-0.29098188332477526,-0.14402440131936145,0.6616331342516397,-0.8509452577623737,-0.26408739577562007,-0.49290982349259416,0.15915949915975586,0.4273316009743682,-0.4792388919550208,0.14777326372973798
0.5485347351050951,0.20763008929874682,0.8649261490660312,-0.6619805814955313,-0.36347923170578533,0.7598781485244184,0.2443367198196693,-0.070693748305664,0.27427977689423755,-0.8457030364354272,0.4430045362209094,0.6782814068914611,-0.8535786625201538,-0.6190428140785773,-0.31721646965715333,0.1437857955298245,-0.718132723277153,1.0182797904880294,-0.9144011045402225,-0.4350292406331209,0.9832552760862323,-0.6467449891783235,-0.31906085220858627,0.8755361221489009,-0.5762157344541319,-0.035075770949989926,-0.7774792961534833,-0.48974669846046837,0.5044360652122073,0.6158809741239148,-0.43132554633153175,0.7123087179457428,0.7058658129791242,-0.008589060352774958,-0.406687185480318,-0.4496099653403949,-0.1781399739460986,-0.6774313193805188,0.14903682107118232,0.0038050363076838067,-0.8362879855916172,0.41216526982221113,0.9971192114912169,0.021351814511897604,-0.24347527401154312,-0.33186294199938016,-0.567843531830413,0.47682965484675144,-0.589979367827111,-0.709122011138249,0.4550675410599403,0.12990210841286198,0.32259565035716764,0.4398007162328892,0.11314060335091947,-0.20989186309331176,0.13243322448902184,-0.5615945442018686,0.14450293272805204,0.6534931171312068,-0.027593879523270637,0.8757378396824715,-0.7216505010415402,-0.9884145261547936
-0.43836815719042527,0.9038741024610601,-0.6404423299250517,-0.3114815379222762,0.2556473650778541,-0.8576743561462168,-0.04176596665407195,0.3738989618722009,0.7162759939604584,-0.31158365916872555,0.7367040692418885,-0.050816162638443574,-0.6356611615568704,0.7905331699925868,-0.21537874002905433,-0.005741015807947836,-0.3971737423019661,-0.36216495542232896,-0.4754879443127069,-0.2265494519752852,-0.4580101564439041,0.10733307014008608,0.7480453779912839,-0.425070084779243,0.3062140004848102,0.927311364242634,-0.47240320237880407,0.111098204914023,-0.010395886591253012,-0.2576293785919537,0.23539216787624984,0.12398208140449962,-0.49274455355858354,-0.5718553987903079,0.6769266429251859,0.08501028384348275,0.8356282720906272,0.40741132918486017,-0.23179465742661054,0.6904465397641728,-0.6329559304814362,0.8860910667382935,-0.8691682942387329,-0.21631220738660217,-0.841559577270222,-0.1834854591886348,0.15630425577144738,0.7052200726144688,-0.5673105854925424,-0.9641314735704478,-0.5912292176611229,0.6756851826052523,-0.10383228926386145,-0.7370847385829327,0.6406035870780553,0.2780006140390844,0.12958472345185634,-1.1842490047200775,0.7311135155642483,-0.2147019802308987,-0.06864901351145192,-0.07658262889094436,0.3743010467644021,0.5177504733111318
-0.4632750010836777,-0.9651858288049326,0.23595585723238366,0.45297395335691526,0.8105108420712679,0.885833691357534,0.6657055270758463,-0.3487222969414381,-0.561597103388237,0.14992040656169636,-0.19280964690001423,0.8866364014287749,0.5572783754847452,0.057699567134065516,-0.36157724278556636,0.7952469398779123,-0.5377357741481359,0.3549390803280188,0.32872390198636325,-0.32693884300972376,-0.024721594354714327,0.3042193997637179,0.38409827391816354,0.027401796204908235,-0.8402123155447125,-0.7740931443224277,0.5729817259781356,-0.13637670439164973,0.286929294315589,0.4437907267426646,0.08806566509536595,-0.7142309041892487,0.7801276052146815,-1.0782120071635992,-0.1495399986414796,-0.5304769415835675,0.2260939389279506,0.18162938953817842,0.3374474588099683,-0.10636947432826793,-0.5429404782498939,-0.4003463503717073,0.302110723650699,0.09698997056864678,-0.011923561033825747,-0.9554211614925114,0.9319801121102615,-0.9855401224268812,-0.715524809261993,-0.4993830957023062,-0.8240148716237787,-0.39094833587996924,-0.4616221711121993,-0.0990411381761982,-0.04327689491335751,-0.24185149243711512,-0.825991123344858,0.9665483101293064,-0.3599892832765017,-0.5686272702623805,-0.6783127639946507,0.41470869945326494,0.27748915741413405,0.5097469687106313
-0.27139329691931846,0.6285339093362352,0.23362981554880774,0.8672776212948379,0.5263600210371406,-0.7198815848421898,-0.9029562211755948,-0.43459870742553264,0.912808179862253,0.6809987431133366,-0.7148133317429068,-0.08044248722327074,-0.8208381313955404,-0.9775866447733348,0.30606377052263944,-0.7547997091810297,-0.3864532084269565,-0.2503748719742911,0.3238916747144083,0.037147175829257195,-0.291820000763652,0.10300279022312908,0.7182657172731433,0.14637250916353173,0.9689635186409323,0.005653661266472154,-0.1318297939209664,-0.39471768695218046,0.18402760362520687,-0.17225499845094872,0.4079019591296964,0.5154811837967215,0.7827322419072402,0.38273831583530127,-0.5793974033564502,-0.6428982981746676,0.6635644715385494,0.35370744861689896,0.6676890841191299,0.6731849156306153,0.3208773373359095,-0.5875376605087226,0.6656916877494958,0.8640326784851429,0.4941892803539914,-0.35713098453085074,-0.6092903888072307,0.6437411541265194,-0.39081686855486786,0.6666239713227016,0.9994552129201795,-0.6380287107382465,0.40410139169313597,-0.04158273480305619,0.30760932567092747,-0.5195541987008971,0.4974307484151548,0.7856008681170834,-0.9789269819698918,-0.7305559105234851,0.54754745293801,0.7666382315723486,-0.25233951019882617,-0.7599635971623675
-0.9876700201776463,0.4581423990334499,-0.9888635073909533,0.34254138350200414,-0.18829059543589977,-0.3891666109352372,-0.050978055555950696,0.4930252466795332,0.5725228827043547,0.46663380371099383,-0.5566192949745397,-0.2860943970349452,0.3997910639019633,0.20867719752080482,-0.8285088772439295,-0.05161944300626664,0.8284767733237168,-0.3214471187971375,-0.08295210303610911,0.477630335580586,-0.10422588920519904,-0.7976454825341532,0.040668923345675845,-0.7901910348402443,0.41988405159999087,0.52868410334446,0.35254484176897516,0.7271616544848762,0.4081226008347334,0.725767335001609,-0.9515718396140582,-0.06545004878451521,0.1400390019433686,-0.843005055184473,-0.2816535419978745,-0.08685307944437937,-0.15874229886237035,0.007128536145632358,-0.8209027016771804,-0.7360231835925204,-0.7236001112005088,0.7396768469737749,0.0364977126830921,-0.7275422339095496,0.7761077292969436,0.4213028106224166,-0.8865317274692939,-0.1427400979129554,-0.689260600331755,0.6801132615521122,-0.005409689233853987,-0.28318710915834977,-0.2560147762499507,-0.8876310697839533,0.5839977978958868,0.691161245647683,0.6640214439504537,0.8754118246405687,-0.017554561356337928,0.08092196566917798,0.9169712670624932,-0.4258173983473674,0.20045665465392748,-0.20059441360491292
-0.5592254528153973,-0.7880378367260743,-0.4107711239093823,0.2330190598934756,-0.43841230769416195,-0.7385200846209121,-0.5256256292925159,-0.9989687405930998,-0.4165371424303752,-0.6933192292105581,-0.7730179520769211,-0.9587885710219182,0.6624838603257828,0.2112589510996825,0.3524699590337422,0.24263983332020944,-0.7219074936519796,0.8893068974113152,-0.8508226736933164,0.2961855755628291,0.460451372512628,-0.5447113023195396,0.6927566069414146,-0.585613417305745,0.4243073963295091,0.6728631910309563,-0.71442221888701,-0.13390217537258597,0.11682410340045579,0.0050322691692406,-0.47673910372011363,0.4098928245750404,-0.88208533779797,-0.901694080828056,0.27580651224011277,-0.42660140564890137,0.7744185997233497,0.8636003095841096,-0.22759364619938283,-0.34519999521773076,-0.18080205242881964,-0.09927827391166,-0.4087082740564385,0.5134359325713655,-0.12376907696843875,-0.17499172497931936,-0.4369130246695194,0.9994333453271005,-0.5100875733761194,-0.2348970506996384,0.6240591644030069,-0.8848075436784251,0.030412214499684564,-0.5642259752146055,0.5956164640832688,0.5367094518551563,0.04180905566136195,0.23053994024483648,-0.17229500803679487,-0.876886313181283,-0.4532412067265732,0.7749756071153888,0.3686307016191106,-0.07771933354098648
-0.424173837041232,-0.8089511746286757,-0.7457888515631572,-0.451329123069232,0.9367090690050737,-0.18437387986727627,-0.5478409095497254,-0.5294733562693237,0.7083710872083824,-0.8938089708796755,-0.5839874774888996,0.885327893844982,0.9277769069905251,0.23881505248410506,-0.7696996167111003,-0.5558729769077668,-0.3235016428984958,0.722548362220389,0.9563543351778667,-0.05979765454434238,0.4861733304230791,0.6124292634418682,0.2920789416959184,0.9064184977506019,0.020741795511586947,-0.7245320929608541,-0.2662564583511866,-0.399882199411832,0.8790983423310215,-0.15433762001765594,0.8457804523548924,-0.0444210138610448,-0.7023306925096258,0.4276386401458956,-0.5764160273512504,0.8068575425787483,0.9636064902851773,0.6325793081195235,-0.9080046633950147,-0.8958669272880049,0.2244609373212485,-0.21710862252239926,-0.7330705084148224,-0.43801752710978303,0.3031835998679837,-0.3759403327748784,-0.39161815162091473,0.6059307507775351,-0.8599182242025722,0.9234684662913677,0.037357964213387884,-0.2587766208111688,-0.8642429591779555,-0.7958046806662866,-0.9926886402461261,0.21194453690547999,-0.3793113816607594,0.20155921400890908,0.7845520733245215,0.40076479418959265,0.6396861520666346,0.971488393801283,-0.2076508561253978,0.9548816406078051
0.9724053535464978,-0.849296167802736,-0.22873020201056282,-0.8669627202191933,-0.12776121820344621,0.6869200059274383,0.6363373853778662,-0.46556155769266505,-0.944272492803762,-0.34267193743819213,-0.5521537928946445,-0.4091130929334612,-0.7666231658054088,0.8710214636432554,0.018906434772045122,0.2870164287082857,-0.12055330866398806,0.8085263228580992,0.09606017371322578,-0.6432325110888344,0.15138764875676536,-0.905715103651102,-0.9238214973397756,0.6269976988941273,0.3459026334684925,0.9812246244370963,0.17757452192082512,-0.25288946014665115,-0.8368294304305648,-0.690681075071595,0.5911571974947347,-0.20611129280420926,0.36460656473334185,-0.42973914129022406,-0.5619981342375324,0.4489656093939316,-0.7728281971169875,-0.31404770455075615,0.24030092103209078,-0.4619543177169878,-0.25714574001348955,0.9649911951337264,-0.3050585359498752,0.9461338675552109,-0.746738654602398,-0.16811631668029658,-0.39384371538577323,-0.9148847631629247,0.8447722418104173,-0.2581480376792311,-0.28662439308907484,-0.4933793743621182,-0.8440663415657179,-0.9698945993494306,0.22965140680146878,0.21750478622536173,-0.2269704073008576,-0.8845933531046968,0.3359945402333784,0.5645866949962148,0.19871878833043843,-0.06690453461453916,0.9364001286073689,-0.03492435677519001
0.2484672363279823,-0.4470117758636558,0.5560892209223176,0.13192468456499284,0.7173096328913993,-0.5677123528265793,-0.3926731559315102,0.9655127486283361,-0.965537783259458,-0.005195887179088032,-0.39154017446830497,0.6482473481489992,-0.6859462191657169,0.8548871682867318,0.6351169847676437,-0.9563299993077039,0.8462685005177928,-0.6219148982649423,0.738928991309957,0.8329305619836189,-0.10117708272302228,-0.49655488754424626,0.9394843341965424,0.8362103759910693,-0.5267274523783183,-0.3932827938402814,-0.14879220022643724,-0.7247334633582019,0.6837566034809341,0.7282930871959439,-0.7894343908502677,0.0285935832709463,0.8558349875040505,-0.5873622196512054,0.4954261275776308,0.16983704291169843,0.8102445101609266,0.7372574120372932,-0.5959313396363992,-0.6051004516351381,0.47199884459128816,-0.17502833968908216,0.6810038778770973,-0.9602482399328969,0.2257169579230509,-0.7553692170395794,0.7012971571399529,0.820975752924773,0.15851349606411813,0.0786271248822854,0.39172166509213513,-0.17102678521775583,-0.4775722232511108,0.5729276315458274,0.4905347459922731,0.37479622879433605,-0.968284416930858,-0.255727845899556,0.9967169164787664,-0.6171051198648911,0.3898708777745453,0.2217283146449005,-0.15718555111960275,-0.010374771490827106
0.6060981288757581,0.9345140146520605,-0.7379666594365424,0.4840807524158893,-0.1338552852587449,0.2766618789750257,-0.2684466308415372,-0.9553098744684063,0.08211696640696164,-0.9828338184957344,0.9499734010483631,-0.4839435297304291,0.10868896948396967,-0.7405263731985328,-0.9864356094896363,0.030683964100570504,-0.6587589087871568,-0.43818029932552816,-0.8819926640312545,-0.32321524544892655,0.6863435880022719,0.9997348697493096,0.5318227821958794,-0.7076426738421251,-0.7383473404581411,0.23394731219918263,0.5671070820437436,-0.2882726362650243,-0.3127648448098075,-0.1377945260056136,-0.30942871940958927,0.10751474607540024,0.7874310820515475,-0.614067105882103,0.7748285345476622,0.2682754951893896,0.7266158328819456,0.1663932624153721,-0.9070876426113534,0.2691735797499002,-0.7071697732285649,0.6958214943444445,0.21735180134469845,-0.0038902578863702075,0.16258767511208644,-0.8355276265961442,0.305814833981475,-0.814389543706195,-0.2600282301049721,-0.2651754590696396,0.5905643095813553,0.026633935859861735,0.7369061090701734,0.9201194578708268,-0.47554232799809815,0.6846684824085545,0.162857092624612,-0.8771901038478729,-0.3900425602843125,0.5304082611901728,0.40268937137096295,-0.8794157591356659,-0.26731070319463224,0.6891230023470802
0.6331201664440431,-0.7708922219094896,-0.7627890094714982,-0.9970013941778708,0.6347598270789776,-0.8290575692256164,-0.5068668741650557,0.5267300748225898,0.20598525341723928,-0.9924168346496398,0.007091572365759191,-0.010540188374298154,0.2241926168897086,-0.988801234916483,0.7527846599705756,-0.7157228607030643,0.0024640691426397743,0.7943896775148374,0.18976823386343167,-0.6033052788538118,-0.8885732854508888,-0.653621167996389,0.5550277977091387,0.855844871836166,-0.1284505039285322,-0.8764173848604704,-0.7765441080743645,-0.34762306444827207,-0.5570821199501854,0.792213212269733,0.8526066306916324,0.018599329811258336,-0.8664968387814268,0.004834152412260595,-0.8624350334196436,-0.7280304035398972,0.3837907153549145,0.12042340500673276,-0.9913784211085441,0.6135532397342005,-0.09582845195131484,0.551565941988716,0.9925755679570021,-0.7619338891980678,-0.5501083801823814,0.524633800322519,-0.028372161762942882,-0.1072154519632409,0.8983655635573917,-0.6099468148265421,0.2591070027715485,-0.06909444633254136,-0.7347498555598657,0.9446776461208211,-0.23236433998013073,-0.28651372192840996,0.4093057526213415,0.0941250202376398,-0.5688447127824607,-0.9529093551846048,0.7059691819597758,0.5161001032293606,0.9218388966319335,-0.5405130835039902
-0.4744251249011844,0.4540230966696579,-0.23435927047113503,-0.4138429852667329,-0.9383257919895163,-0.8644982586302554,0.7578215093269505,0.3592374928622757,1.1337798877637333,0.3819406869701771,0.4049841804504435,-0.27990921567572835,0.07809270754954767,-0.14188255836422048,-0.5145768362409495,0.8040967657226614,0.22405343924809618,0.6683170036588706,0.4778241726572281,0.663687041714953,-0.3247361182963515,-0.4812817132372893,0.4707207836883356,0.1754725551712233,-0.29870382181693755,0.8414191505644866,-0.0923166775130142,0.49786198909412516,0.5384995629512248,-0.39762193447420535,0.9635302209852703,-0.3221099102770084,-0.39474338240675455,0.15996488957892518,0.9788260442106533,0.7424894570537681,0.13068519997309203,0.7339137758148895,-0.10893235563999526,0.8443233094852025,-0.6196813618801458,-0.11880333821357203,-0.7168045723913339,0.11070984150867647,-0.2690591020071045,-0.5386284271178405,-0.6837898351059597,0.9883198402739899,0.6692044541683018,0.342294828198104,0.7349774529063622,-0.45794802126035594,-0.39729206880725987,0.22254875755153858,0.5487531405458552,-0.4984889448117593,-0.12263912202610988,-0.7324811106126304,0.5634756775783485,0.33211709152723623,0.007607379070638576,-0.5777609063766325,-0.8132153089242149,-0.17978485250484977
-0.4484977231930687,0.47038467902236203,-0.7705521481675643,0.8008166765381589,0.3721057172383473,-0.36625273931497127,-0.6834960149905529,0.9523329608174564,0.23994793263912806,0.9899178806412867,-0.7292100966067367,0.9854528102758684,-0.20713797211725327,0.10688439655498305,0.40203992428309276,-0.7142444806067108,0.8659681541540207,0.014185066797891999,0.2683371608232371,-0.23785512695359867,0.9102883490826554,-0.6159537272637725,0.33435741687378795,0.3010821750231214,-0.10850484693950335,0.31262545316548607,0.09558608539032587,0.5823933182573262,-0.7877466409919569,0.6218451244842993,-0.4456128650032656,-0.041702541720089276,0.8991549804176442,-0.8456884969900902,0.6573902728370539,0.08719017329418821,-0.692033077556526,-0.7556177453468336,0.32635937245975444,-0.6790315450534803,0.510187390107776,0.4799912286120418,0.0056084583958107,0.5380611960521404,-0.7961664249413909,0.5375216008247319,-0.8417148146219018,0.7162127890148176,-0.25243495997991716,0.2271615136875781,0.8256887847888308,-0.33182354612627707,-0.30845124404351787,-0.9133149434598973,-0.7430431474061228,0.4310616140144914,0.9894443566415316,0.3783206441654541,0.3762296248616732,-0.6228910713677294,0.1611404236020369,0.7964701056357337,0.2608116154851634,-0.8545062710184086
0.04755568369619945,-0.33797615920165963,0.0702543904782511,-0.27640480302094894,-0.24546581914932752,-0.9681833798617072,0.5035743349959438,-0.9956048964922632,-0.8921540008462703,0.553350832651567,-0.5525610677073975,0.9163230838040031,-0.010607605802861908,0.4251112230685672,0.565617941150875,-0.5623372423782018,0.6339095822958098,0.27127001642544135,-0.5384109521101508,0.6471946285699266,-0.15851782890566568,-0.7516435223700129,0.70386060388247,-0.2637956288211709,0.1632770230051579,-0.5659788506414667,-0.6082719074386808,-0.5494372877247122,0.6574841222800809,0.7039099123279755,0.7936500085098912,-0.642949446779413,-0.11517418552610614,0.8558903406157388,0.3317297710904772,0.21595854730154396,-0.5662724493253026,0.2353580540180793,0.8689264413945008,0.5739551737172495,0.14252019235817204,-0.1844385453766746,-0.37768829846883745,-0.9395104051429173,0.7997312799857204,0.6894868659083435,-0.5830505365937084,-0.053340129071384634,-0.8757521931814363,0.8500944761089755,-1.0329839808286436,0.9274864793944062,-0.599526430815412,-0.5933689928617285,0.5438030899939852,-0.20302448696383735,-0.2001831050013163,-0.9737402086356297,-0.3939766991866507,-0.20533862271132297,0.8948187301359032,0.5292790773758784,-0.15859496098223924,0.7321609712243471
0.8816031925315015,0.9986181047149185,-0.1770516450584032,-0.7738414436726304,-0.7370767466359927,0.7738752236949182,0.9785414204948415,-0.9260546592201531,0.1797644559837368,-0.5815583190056153,0.2567360031198751,0.06021468913266634,-0.08314207495632209,0.8789187531794855,-0.4459789003164658,0.6909788431133999,-0.8771730766420038,-0.7942563971211518,0.6912529246855947,-0.004754588280839744,-0.39574083401956006,0.056756128776743964,0.4217466909605816,0.0699716353839448,-0.45556948657524354,-0.7399356231953313,0.14681261841751225,-0.6273277425306418,-0.35304851023042017,0.6067433913381388,-0.12613881838228047,0.6868335187149803,-0.2519950943888931,0.11951816669868287,-0.19908204677303143,0.2565688181613386,-0.24987987524832245,0.5956377805820916,-0.7910552001552431,0.48024974277653376,0.029397000946238983,0.4958930129219403,-0.33608648921788453,-0.4600368427396977,0.47657961555092365,-0.14893215127911708,0.41661219368881985,-0.07054106201884314,0.18254599961817086,0.9655409003454893,0.9168311026597054,0.2738145896579771,-0.8344476668913807,0.54364287236132,0.5307971156382936,0.5561751321040792,-0.05745644138064754,0.4158994864136998,-0.3989952183102128,-0.5129583201283316,-0.8997994556907927,0.3017138680511575,-0.26710605977115554,-0.8785021624803286
0.15678713331832173,0.6939080229421855,-0.9945551368896286,-0.5744431425741183,0.4892148398121239,0.5696690972891991,0.059165956029537004,-0.5489191096081756,0.7523874313363417,-0.48676619585409386,-0.0860081132729349,-0.5503484145578272,-0.03311256601786372,0.9090233075037262,0.5428231286917309,-1.0143449083103355,0.26964649030445,-0.4237942191271591,0.48553730313977983,0.20568819262401483,-0.42637725240384,-0.20124667463177404,-0.821434802434978,0.2805339779212055,0.1903324853416437,-0.09951377322983879,-0.7262960767338997,-0.889204259381092,-0.8874517060290958,0.8235963166029394,-0.6970969975935994,0.7566270137601283,0.9635901634014141,0.6775815176865945,0.044991566532544436,-0.4698507718465694,0.00463384794127486,-0.012601589278212977,-0.7313951141787123,0.9092636410146053,-0.13205112491575988,0.5268847167070849,-0.8675081998910277,-0.6951565317561148,-0.004092005103060181,0.11292355471003601,0.9859938788980902,-0.16095224016377568,-0.17788493942816208,-0.5053742930731051,-0.06606543956339817,-0.08966379119268708,0.40143909230246955,0.44222795098243184,0.05850261207621443,-0.7778588472782662,0.6757585738155685,0.5383659675939267,-0.7078602971405321,0.47640053000340665,0.4462912558083201,-0.8146299117755018,0.3153123895714527,0.43179185142893406
-0.951154981476444,-0.25444919002349065,-0.7684492461173427,0.16575783480472417,0.9860239973750011,0.09271624882829799,0.29276354123016324,-0.6518628247294889,0.808733315310386,0.03370048590698116,-0.6855741796286572,0.49557805253947107,0.6965028115438701,-0.05381064069804564,0.5766053170920613,-0.6288801923655472,-0.6842051355953069,0.8446401412274214,-0.5316177312849419,0.08299062614595076,-0.06920339834946732,0.06545882340879089,0.13735416766875974,0.6644507483429416,0.019660864438395098,-0.8216474724604164,0.44886559807668625,-0.7266568491023584,-0.2805474427826024,-0.3078122268278376,0.8263207593809982,-0.859311314882365,0.1641899803770066,-0.29168203235343393,-0.33472465416236663,0.6894483421307553,0.50531122830433,0.16866867955075482,-0.831900296103202,0.10776792127269941,0.28631918817836066,-0.5089202769208041,0.19236805209097163,0.270160388863276,0.2626413181636107,-0.7693321311856616,-0.014018525866330123,-0.07582519878583782,-0.3638105350250458,-0.30132196246520615,-1.1293521107080275,0.8791614079734165,0.8761622985737962,-0.7099986646925394,-0.9814455716760118,-0.638709097938972,-0.30471759018953676,0.9027579147880591,0.9900608419906409,-0.3815258460444628,-0.7007003313452211,0.16853941351112867,-0.17488504619082534,-0.8166272600431683
-0.5355644103473525,-0.46027038933130604,-0.036032648257146915,0.7730666522580585,0.22438705869262976,0.13372043434037906,0.361440706475443,-0.901042743336756,-0.9441709936127556,0.749631549985734,-0.48148770875794406,-0.9442716021890951,-0.32412468125736704,0.28396680476177605,0.1535107741128292,0.8867598393495082,0.09816735400964283,-0.4700703089072343,0.8084952012633033,0.16279155734018125,-0.6549022004840552,-0.6785557028564702,0.3385877666983992,-1.0945221866347452,0.9958472364718818,0.07428953679787598,0.2721789555831051,0.39149254619149876,-0.28023536082653466,-0.44546125686062255,-0.7857730107976046,0.5015596193266691,0.17980118719688476,0.5145498372683488,-0.00878523272883558,-0.9313002116164699,0.1162270859993717,-0.24433303107034332,-0.9539939580221046,-0.21826769852570593,-0.4648620674751309,0.06271176529678213,-0.1568010560183264,-0.2536565206528367,0.6497212757645532,0.3351276088460098,-0.044384738073708185,0.3652342280810821,0.1967592151728368,-0.6144352602900376,0.7181452278516214,0.15503099527148012,0.7858598028787538,0.17900496452967274,0.8158156754836499,-0.05665154935887928,0.2853837008616933,0.3232676513114743,-0.8890059837957904,-0.9639827191035928,0.14342777920866578,0.8937409166951176,-0.5711696406147231,-0.4535609832918732
0.5699911857408757,0.773104294966755,-0.0757243135055421,-0.3106096007442509,0.3654083357542688,0.021063079085669845,0.0056110285813075755,-0.4489701902782748,-0.6602952264091801,-0.16836305707333432,0.12907189558776144,-0.6047274083094496,0.02352305294763496,0.9226848817653783,0.4806317466221519,-0.23511609615739193,-0.6832294419712994,-0.33031680711899636,-0.4260756762303428,-0.8591147399106116,0.9740000258202266,0.6574899670593284,-0.41746860951738307,-0.9918201116394549,-0.955997943470769,0.06580567939182536,0.8195833633475322,-0.5251527978076653,-0.45523434790162387,0.5821923006592924,0.5752096620968568,0.19425502931658367,-0.5842125380433731,0.7494783492304833,0.37527787880454366,-0.5714722285732914,-0.3755039573338066,-0.6639488274137708,-0.5802181382534659,0.038912893099388945,-0.3745053194238752,0.9006122131407897,0.06246688187420313,0.14471370034512354,0.6074554687336902,-0.05580764514119474,-0.7318839187860102,-0.5404160924492116,-0.1854062983435516,-0.9120641217893426,0.5462905138763572,-0.2623461537924936,0.7846045051845274,0.5485539726059512,0.34668628297642723,0.23509280529144316,-0.9532453916150878,-0.27305160889164326,0.5466445872143302,-0.11682244892823124,0.2988666590157445,0.6250282957920155,0.8478769115922324,0.7523756250500693
0.6216913805117392,0.06987404677452336,-0.5678461317217143,0.6550825775109622,-0.021775311864326685,-0.23848549305493694,-0.5289108744839641,0.5790204151091866,0.031966034054034864,-0.13810706488780378,-0.10628114922881937,-0.2698252145489546,-0.552991063043411,-0.7501755535458079,-0.4515106500069954,0.24490935156198423,0.8892319550242167,-0.1255800467647643,-0.28693316633181154,-0.9214823249356328,0.2619591527111804,0.4581342980715302,0.2914861256923189,0.43375608814489763,0.35957832602717565,-0.5736442586362631,-0.038831431808209915,-0.5762022270650011,-0.842779802074511,-0.4573298285855518,0.024415031358143713,0.8997233492669148,0.5084950528277208,-0.422456194191587,0.4190562094103565,-0.584195001629956,-0.4581967031628162,-0.9725349895508504,-0.07294909149512546,-0.9745784656160148,-0.9538760424281731,-0.3304474793384513,0.3971018467473393,0.6292034824570578,0.11127578310394126,-0.8548351442067357,-0.7747524064264317,0.9547846878741526,-0.3463816127432307,-0.13157762453462807,0.8289438951560104,0.9402121018287037,0.5151784569900077,0.8649886661883344,0.3165473659055267,0.26091078349521846,-0.8292164823156432,0.8176828753461396,0.10556867618125687,0.09097793435191548,0.11020171541639656,-0.22049875444056033,-0.4396053716453536,0.22088004185530008
0.24893654220218,0.7115358997583863,-0.9594500495123457,0.9924726002732778,-0.23440375224318633,0.4635405605582804,-0.6915555566021716,0.6120956934868684,0.26207582925491724,-0.9202601308897769,0.8806777879845782,-0.7146117417281586,-0.23334190445308844,0.24845405803797216,-0.07277579392553912,-0.6231864635271966,0.9118413301894834,-0.21588287188208133,-0.8451139018782177,-0.34271515635958405,-0.020259628910817673,1.0208394786005146,-0.29729123671434454,-0.3742722491884267,-0.027998726240417104,0.22770598456054714,-0.28626853724244294,-0.35579753021798144,-0.668561275869033,-0.7010523181792241,0.7772697079128887,-0.7688917230341182,-0.07987200205732425,0.22969161791705917,0.9127879439179982,0.2445913402523039,0.8645180656041485,0.29402515320520195,0.6573027250069714,-0.14387487278934663,-0.45096138102825956,-0.22846544025623206,0.003834176203379336,0.15171382089897184,0.7056486366916339,0.09173970935539244,0.10563830179671707,-0.4192123025689396,-0.8711975343531739,-0.6727994649706557,-0.4401528640493355,-0.4552422990085616,0.8818119888694091,-0.32386542719397626,-0.5345841153193476,-0.6389038471456503,-0.04714668638447317,-0.8693254731981008,0.8783903824908736,0.34810960850061634,0.7392358463913631,-0.6157673213324317,-0.9963973962788115,-0.14307461838197044
-0.5184838443376756,0.12362608267768938,0.2512167117775741,-0.5326506231626953,-0.16386528712446014,-0.2628358025270332,0.8192967098732276,-0.6859141716589146,-0.011953690409229889,-0.4232646709012638,0.5375745190888421,-0.7845049685333194,-0.3222827186687842,-0.7404486793188696,-0.670902661798862,0.594786338783964,0.867052838184486,0.017021040952918343,0.6684185951817267,-0.07147931953116249,0.8544115377788861,0.09728096908752626,0.8360746076999239,0.48799939217380617,-0.457432219751146,0.01176275285528905,0.8400540081379502,0.87356466745048,-0.7328711758627888,0.7449849989651554,0.9864195181440911,-0.4606731517714343,0.08843029251484036,-0.509768192370956,0.00033622085393192336,0.48100035559005216,0.49836992108398337,0.246547152375014,-0.45669381260726394,0.39885189331181303,-0.16023608642673737,-0.025442574583146804,-0.17265662415247318,-0.1511573934434911,-1.1181531069785746,-0.6381514404667232,-0.09097235697695782,0.8682062301752411,-0.8458938992123581,-0.23618661830075482,0.8468814982915229,0.01812215959638941,0.9268181139851481,0.5100669776800311,-0.9899611183417538,0.480517879569596,0.17288688087944926,0.6766463277223465,0.3869003981371739,-0.12400775888195303,0.3347093589574974,0.08473739168417706,0.9264535145907776,0.9144893425020537
-0.2782124215992322,0.4405733556330085,0.9113339475615407,0.34968078642232614,-0.6430385996841306,0.807699352527951,-0.29589204331502583,0.7406432131459952,0.1306728908334609,-0.8981693796765511,-0.18043374588428662,-0.40206532245497906,0.022721739973756483,-0.3171164299054994,0.8456813150455786,0.5751947214850739,0.46349725132372566,-0.9380273831842063,0.7414941987678243,-0.248096268147042,-0.890466936874986,-0.7721978761057658,0.43953643586167573,-0.8105240778031235,-0.3537538880353846,0.8905930526590746,0.3034028275379579,0.8165551749056859,-0.28371220939429986,0.6771100702551192,0.8279028013680143,-1.0035111503298266,-0.06052578006375686,0.8566464197720198,0.838838745477881,-0.09864832635012943,0.2110156442741873,0.8452226270509462,-0.9561714258993141,-0.7725592025181149,-0.21094298753860108,0.6871863065718964,0.04089116129530623,0.9032935575974339,-0.7725128011727653,0.4944233174434187,0.8372084781235551,0.42258987039430307,0.48523726426187297,-0.2227874723469241,0.054685027076563836,-0.6491956193725408,0.9722908642115713,0.03285959917198933,-0.5491449829586759,-0.25677260418182213,-0.918706404531441,0.8154698866012837,0.11306656689095002,-0.6083590631572138,-0.1534320336811712,0.5474593183833671,-0.014505659335060095,-0.6643859903408291
-0.014391692446007687,0.18787318923335428,-0.6966322245845631,-0.6071948846478654,-0.22505851505101582,0.6562686022738173,-0.847645622993537,-0.8996233568786451,-0.6806548583685339,-0.4350032042660963,-0.24196924666863695,0.36383977882819907,0.20200880750932945,-0.9876655890561399,-0.6069889743916946,0.9434231679529839,0.2625146365330657,-0.8578991156957403,0.6376346007210774,0.426990819791367,0.3225624773780249,-0.9223430940677149,0.17754372575555255,-0.42198028378574803,-0.30311845631159495,-0.763215316232114,-0.9224068958793956,-0.7480558993353785,-0.4744403218257427,-0.15935212773394425,-0.6817875663739904,-1.082681934024964,0.40164590764108765,0.646033987728498,0.9335616538065699,0.9588620505011087,0.9474948790251595,-0.4916294313297447,-0.455788697442693,-0.418201472764278,0.08741070709178467,0.974421944601811,-0.8959746065462975,-0.8652830829205842,0.6825162531061153,-0.6024020943203376,0.89405605961643,0.08994735411948618,-0.05468467991840553,0.3528678790577924,0.1562645585313054,0.8144064888800866,-0.0172441971488273,-0.5266746268352289,-0.1521917878827499,-0.08954236393836923,0.1641432206302158,0.9710568013807512,-0.301534710682706,-0.4006605844661218,0.14208578035398073,0.12308591336594032,0.6595455952060552,-0.7148610263300759
-0.12709593064630198,-0.2073014123603929,0.691179763042935,0.2722009205537508,-0.5361092710117605,0.7139335194846503,0.5160389776827792,-0.843017769571339,-0.006638186081290076,0.1934073375388643,0.3247525627978669,-0.46264685351758783,-0.07085594943242368,-0.2202029508528307,0.7460361396429829,0.09611357568497803,0.06450600162715348,-0.5449527991919547,0.6963512642688126,0.5973277361004512,-0.9369869926352712,0.839676257590154,0.7146553877273192,0.18467451100987775,-0.5496104126907191,0.6422816276519476,0.831272132845887,0.4264531180570741,0.22886931490729,0.196101139282441,0.050949480590570806,-0.8027258587826864,0.05214020219948545,0.3040655071326821,0.24654589726873488,0.5536555040817013,0.6501793838927945,-0.6133536193174465,0.37479063615794717,0.2448611782637174,0.06960945805515673,0.5390079671293533,0.3995178521799423,-0.8971846442516491,0.891065195602152,-0.7985382551168452,0.35097311199368453,-0.5250902370912022,0.5652148640426375,0.8714001210830666,-0.144139930919297,0.250747490976422,-0.6120064753966012,0.2913641300195178,-0.15123543617535007,-0.19376676353227373,0.04238537357147565,0.9107741072896982,0.7162528516179785,0.7538478414466083,-0.5856580483317914,0.6950940477879393,0.4604049371895733,-0.2856831050086668
-0.9938612838290297,0.6986192392909556,0.487477035575564,-0.7840406840878373,0.8161011851075838,-0.9922818106011144,-0.34608185953132264,-0.5235758349165669,-0.5562335865507544,-0.39795125571513945,-0.38319446426600545,0.5171662846084468,-0.5872941675663392,0.7267903950567296,0.2936764386054309,-0.6770999529756383,-0.9711918967947424,0.5412461181226089,0.18906505371993942,0.33720543131151537,-0.7163166164531816,0.28919787445342504,-0.3807680683852501,0.9529876052140336,-0.5728138504404472,-0.31146575509199725,0.3283638482905915,0.8467681700320235,0.7967843968675856,-0.5073149034656181,0.9620287362965665,0.7288915067925263,0.5048202857445281,0.8784367996534492,-0.21972087437400867,-0.08170692704615168,0.017795552472722465,-0.1536780673407383,1.015383394072074,0.919246116876228,0.2432197614244691,0.6507707042550563,-0.16606984187557017,0.9103069639673462,-0.4933629411322875,-0.8715931998099011,0.1821652915091876,-0.3139089735790921,0.41001488363595784,-0.05019877063890532,0.37337761028970506,0.842173340395385,0.5144211134343828,0.5546432430347077,0.9463659323484077,-0.9182461490007108,-0.46950349912481304,0.936748596902405,0.93414338768567,0.1977588567244506,0.10761857297466815,-0.3721319530060083,-0.7720860617698839,-0.6569665689726523
-0.8111379978638396,-0.31757404465724526,0.4697339727753058,0.5690729061992992,-0.2983175874286248,0.5328620011232139,0.6083120097358814,0.6976245706196733,-0.003719887638717445,-0.6964755940500997,0.21000450942045124,0.12337460295964364,0.22594823927049945,-0.09122867874039597,-0.5457103590975614,0.5880236470835072,0.14221277323879256,0.5523348335925322,-0.4277764350093263,-0.5265060273502173,0.9564200954581641,0.6989430541469103,-0.8733015487590159,-0.21632568943053632,-0.5909365586307939,0.4192012096607318,-0.34571668501741537,-0.17543065880670516,-0.04978308384791008,0.12901176611580767,0.1606747855833368,-0.5176419283363696,0.48559598404503146,0.35203826116676784,0.0907781263784786,-0.24022286088155687,0.19031774164957205,0.7412177383283038,-0.9230122673763737,0.10776598129545589,0.3563960803177775,0.0710501113129236,0.0714441561665109,-0.37920698548614484,-0.7261620545718566,-0.9128900710614405,-0.8340026497753987,0.7482812641511294,-0.6545266193832493,0.4597314146917655,-0.1584358611290102,0.8771188848148059,0.9544884893746601,0.9057618875282616,0.6709784126758433,-0.7503834675129055,-0.15856185644602183,0.15214517536435923,0.7921751347420112,0.6106086135557043,0.24147077891561142,-0.2694645852149322,0.9918238725018601,0.29745519200391723
-0.3991740880497173,0.9650828826700915,-0.41795009743174827,0.9138944977103987,-0.14103361840611095,0.5662155610190256,-0.9611840761652881,0.7632296431708765,-0.9168834322377537,0.7021965761639826,-0.6912264061517939,0.006416345828895276,-0.9182455000787966,-0.019583761747090866,-0.45256461715671814,-0.00725152840686713,0.9808008951406055,0.6691021392461902,-0.05327838005232044,-0.2280592817451237,-0.2457278078844931,0.4400059021822076,0.3569558713032077,-0.3778142907522479,-0.6789150176034866,-0.4510720912316837,0.49039126926406706,0.16592522358587147,0.4737020505682059,0.3269122689247464,0.6508353683394315,0.8164576625949922,1.052594665660926,0.5995023458151314,0.10056003609121911,0.9439631177404098,-0.48285273968569964,-0.4959828364236152,-0.3014748266903795,0.9845257810524661,-0.19225543832810876,-0.7723972680685398,-0.3448297007515729,0.4548937015413246,0.37001865941405554,-0.7521740904925527,-0.3339192596366709,-0.9653514271086612,0.5319499477557579,-0.05934616059448894,0.9578674423128821,0.8791783918282252,0.7811269526202483,-0.3519212274474264,0.836844710317922,-0.6741825073091277,-0.38853628462629497,0.8358369411998019,-0.4437680778839155,0.5497967686472169,0.15600982326030666,0.7111373367299878,-0.2814636801550092,-0.3023914701443575
0.48108583318398446,-0.7369433408017572,-0.33509551897326895,0.8547951037973135,-0.6487135980513004,0.03406713750864432,-0.26596206600740113,-0.8692401339868041,-0.673347719052779,-0.521127743853965,0.01730697361601985,0.13535560149085638,0.35066010639399714,0.3070900295056376,-0.3668078646256201,-0.34775271761731347,-0.4622540581760548,-0.8789793965168293,0.030205399267018818,-0.9925731101842694,-0.19493202802256215,-0.8300539703166454,-0.627344192936597,-0.47747755712798456,-0.5059529545502905,-0.3995422328424032,-0.20586927280155293,0.6814622679004296,0.08910718176076848,0.4033661201767167,-0.9290430947776296,0.6707891790554117,0.21258514362405756,-0.21948013726853888,-0.2655690519315972,0.5002835548061304,0.5190211679193699,0.7266652899255409,-0.4895001918630535,0.031749614949041494,0.3175865869526111,0.24502438534913407,0.11965962515870565,-0.3912559814132181,-0.5206886680560145,0.6098138073103048,-0.44259932591584406,0.8177611274646082,-0.5662412775151419,-0.2528862902815163,0.19811368304258692,-0.27517239062445564,0.755564056098837,0.5760414541833776,-0.7189824654835304,0.6556718833613802,0.2248489311073656,-0.5082307517218275,-0.26316104199255785,0.2913274244722337,1.0680087199934039,0.8956591752713841,-0.5292895367040047,0.6388723732033084
0.1924158530465891,-0.47160115667612956,-0.9000016374835099,-0.8557164431811535,-0.6157533390160226,-0.6533952996729313,0.3472712698870908,-0.23043041959937507,-0.42518195437499284,0.29018513471761775,-0.924463992311374,0.6940471586617079,-0.6921449624669436,0.94330432414741,-0.7421731820501296,0.4825341399412484,-0.9851845655355609,0.7749147196075326,-0.1824064285954763,0.5652698395959042,-0.5106185944859192,0.20117390695129123,-0.12007929627924252,0.17244686498469264,-0.7878552338176616,0.583853470535096,0.5925640093028006,-0.13181327366702678,-0.09059187516228207,0.6482411520683524,-0.14539792560040987,0.327655211344686,-0.5784025369924,-0.13656846991321725,0.5933758578910402,0.6357534053795546,0.8538783767564893,-0.7569671305874324,-0.32192283752843,0.410703915411198,0.6757022536885471,0.17005222470495251,0.5742989189643802,-0.39051768520852637,-0.25185031988977025,-0.003735046728837288,0.5466263548042631,0.4932214637889909,-0.507321710019945,-0.37620240455620935,0.46273731492311265,-0.3720776062585025,0.22216436536591033,-0.028190368314970238,-0.2914363477877502,-0.703561823691957,0.8224611672749262,-0.16076399895247184,-0.6291303773189625,-0.34013327030682117,-0.34980726210260626,0.6546956195298622,-0.8823755505110089,-0.6632978500197486
-0.5927415295968392,-0.9719789129581353,0.643483249430252,0.637281101204165,-0.7954471363242674,-0.8429072980360157,-0.8192626482388912,-0.7718298103054724,-0.780969154955409,0.6138065504389607,-0.2816226711568899,-0.05533498459201458,-0.910189453282737,0.40739127551599874,0.7080505716843324,0.13231452119243126,0.45621551011999006,-0.2013439617477646,-0.8423854120877272,-0.018046406996985453,-0.6311440644198325,0.6216191122531118,-0.4637240625871739,0.8571435651184311,-0.0408907968864316,-0.35969273751715036,-0.12827501850651563,-0.006644707669832259,-0.14755343581609948,0.7600391510434679,-0.16327239372985392,-0.6162509452785685,0.5526369698254163,-0.19345848735308957,-0.41228298233275074,0.34515357612042274,0.4736163070192143,-0.8270760752975934,0.08448347886730212,-0.4449167802656506,-0.5168180312753363,0.15147560828548207,-0.03749708957976572,0.35932125153487715,-0.656319210274735,-1.041054727535287,-0.3112383483248464,-0.5709752509564063,0.39177532275572857,0.48503861334169257,-0.6239423854774322,-0.16687123175839802,-0.38414621630963675,0.47284015423479464,0.5249456265989534,-0.41306644166093354,0.38533728763812836,-0.3414340800895497,-0.5732561201198003,0.5223994803587286,-0.5288210250648524,-0.5620740756331566,0.8781239132999901,0.5597878332656778
-0.5255451609754576,0.6453155404776723,0.07887087227401968,-0.7334250605666317,0.2897026096871218,-0.7197004461239844,-0.22860228278553074,0.1952457608114786,0.3571633575853468,-0.3860017585156068,0.8127251597876299,0.14183581856200456,-0.6405074951681256,0.16420680107431362,-0.9432335607959379,0.5138582016409754,-0.783310133803844,0.19094122792438784,0.7168513466655093,-0.19887741001770998,-0.891835644268127,-0.9668375648287482,0.7549446828739981,0.25386294022309897,0.7408530337543959,0.4540950983538934,0.3829100213190848,-0.14868462904100155,0.38155744974695804,0.701529433241664,0.9486792908367307,-0.7854915650580425,-0.8703913480636594,-0.4994143836798839,0.6526827180550281,0.2749173469257591,0.19405584687114574,0.3301411608787773,0.5227557616554372,-0.3692556205905304,-0.38549532994817226,0.5188011640799659,-0.016740428982158218,0.4199579426469402,0.32897905649665904,0.013550077497018753,0.5623157421389378,-0.9655611770163686,0.035846449586276696,0.4718776229596726,0.655494298597042,-0.017560310978002258,-0.8997663780961069,0.4391128138466722,0.4211828444651722,-0.1070981333746357,0.4186698301613893,0.7453176771729364,0.01859437616375148,-0.16694554809110262,-0.07625231322258319,-0.9224850989664904,0.014019778942386152,-0.04586884749137199
0.692911681943309,0.26360510597026043,-0.8538603927731951,-0.42909556221838874,0.23011293763531038,0.007690219579092661,-0.2453357768802541,-0.10677763299441323,-0.10823131970387645,-0.16758753751877387,0.5448802713403742,0.11906959257741168,-0.05611171359029221,0.17444148318780073,-0.033054425096386675,0.5836579345245685,-0.7654288573714862,-0.586126317424126,-0.23456855131043275,0.47388376646663843,0.1809277570073744,0.40525603707580826,-0.8212951760392648,0.1313957537356556,-0.12797956061578541,0.3029281612331647,-0.7911325153447766,0.9561749759924929,0.5402858789727285,0.33144527344815233,-0.9844440575311271,0.527977981572918,-0.5734493065093618,0.32758077984119294,-0.29426237555308976,0.7289766176689465,-0.7593741568729935,-0.9275501724947128,0.8680029001403671,0.7483662373331739,0.42011447267591495,-0.24144002165146672,-0.5537576096945502,0.3610618973729285,-0.2173836903975952,0.5553057349095043,0.4319216647818953,0.5619603342697508,-0.6052156199281906,0.9021701477223081,-0.4458701391954083,-0.5144903876613487,-0.9249826638050818,0.6716932973539671,0.018955351238849394,0.5261955979302034,0.7148656503927089,0.8349551267422861,0.8595468107654705,0.8581242100045468,-0.09666061060783315,0.08442590695557528,-0.8682115387964859,0.4358981679552303
0.4035508312546976,0.7401417441320735,0.7313749351646877,0.4724276371815086,-0.5600994552830691,-0.24772469285804277,-0.3015654768545404,0.33184880129459976,0.8432861414762822,0.4146862264229123,0.4754144945695702,-0.2852461133688995,-0.8222768150143673,-0.9798925368324034,0.3398233970719451,0.8253828206170704,-0.9696298008750501,0.02599321418362388,0.12738452098424813,-0.05165206211588891,-0.2310563458894932,-0.638073633594169,-0.9786543885298244,0.34896584207904224,0.3089194113564038,0.2548577897689228,-0.7781655914540087,0.8948914799680396,-0.29826922717639426,0.23340957730596812,-0.0986088058689818,-0.29230128448538806,0.25304599569705677,-0.284814478622442,0.6363312061184694,0.5217990256322993,0.34575181386118636,0.7447036327128502,-0.9086324935178829,0.12460396297243825,-0.30551062420378794,0.45663191459045427,-0.7779919490628251,0.7710037241639516,0.6747590164202226,0.6480814417604703,-0.32564360556565397,-0.34868601735307947,-0.3974233565784399,0.2052293231398632,-0.9070738923758443,-0.5969764694962516,0.15807979826849738,-0.8910383900957808,-0.881706774201664,0.025438553534317343,0.6997576065645323,0.35004998769175444,-0.5605204206167829,-0.3981126017922525,-0.9425595476704836,-0.7300205976499068,-0.302045574089554,0.6191531671633475
-0.27630975079549674,0.18491392926340877,0.060298866420437136,-0.995789523396962,0.42493756731203947,0.12254676201534798,-0.6568910424166368,0.8287015727844846,-0.10112879402123998,0.9300183086604643,0.39217729672783147,-0.5954243137985049,-0.47256997530132305,0.6280569321608576,-0.889777108318399,-0.1892679509923938,0.572732421342973,0.28975088175996677,0.687588439504579,0.3652654754949667,0.015166369296399251,0.5623869291297066,0.3005590612761851,0.0962091585097169,0.5297227306336965,0.4314961195080822,0.9082931851933036,0.6632573646548023,0.39455854893152664,0.5459859898868855,-0.6100312555326581,0.3180169153428484,-0.78418707271894,0.8803780626801105,0.6899346778600153,-0.9512276119893257,0.47544591208609077,-0.8986692578260782,0.05378990719587606,0.9406761513390869,-0.8085597271942959,0.9541733327928326,0.23043716469724296,0.9899629313679081,0.4971449660875935,0.6027035431502521,-0.6461339592531796,-0.5875353376160461,-0.7001701427263405,-0.2416386886900932,0.044994401033258136,0.2041123475829234,0.9183110079411938,0.07385701801226996,0.7706951566113773,-0.3919846383117178,-0.8621171916474135,-0.14923578834148105,-0.533785970232681,-0.15238152142392325,-0.22328894899908414,-0.6695315700610294,-0.5134514011511597,0.07857963407303381
-0.8893869673160539,-0.8414849467928951,0.6890566029853238,-0.9039237424254958,0.6326642493924517,-0.34735926620465984,-0.1355038077890105,-0.42619990293742016,-0.18363246300967395,-0.9141099566215736,0.9794694392251497,-0.5703258403041416,0.43510080883482427,0.6511594413207002,-0.557480989095577,0.8056387121543311,-0.11659003237151255,0.9119621429043898,0.15434867872026037,0.3555041901585885,-0.7401162670194081,0.06740849361310963,-0.28055515754638805,0.2763657451408654,-0.4032416795114726,-0.967862675069787,-1.0453529552379228,-0.10464423191092775,-0.8003402111680167,0.2968447628363018,0.7585444599166606,0.20143691967652044,-0.9551715887481731,0.11651461640630001,-0.4832543697791616,0.36079703642621075,0.778445527926088,0.3107532162097695,-0.7053821109423357,0.5266076063226193,-0.7644046608400308,0.5650469573786088,0.7800932780519843,0.4931478673547838,0.9133919870275469,-0.7380149827226972,-0.9308363326951166,0.1825426719331551,-0.4997199028093014,-0.9452383319177542,0.6890321912485227,-0.19972953582160602,-0.7311242704685021,0.7615369601534046,0.7920910851181564,0.6190256261228948,0.7861152835868004,-0.6044052960550994,-0.19204391162646983,0.5089008477137981,-0.45061728796266576,-0.9357086794142617,-0.557256994311895,-0.1343364265177729
-0.25198055634144967,-0.2867563312688959,0.5676520060593668,0.27447766082962377,0.031162172010820166,-0.8901312867370463,-0.8064283601485165,0.1277197605642375,-0.6977414052670101,0.022388949990982843,0.84920178828036,-0.700345626217372,0.6949141025469185,0.6131749781887483,-0.328593141716764,0.9228769458741772,0.4513893657197612,0.029705509240849803,0.38462179195263024,0.09755411471952669,0.048997820811450765,-0.03470690811545185,-0.9723759043151223,-0.6834797862935258,0.4818818599661462,-0.3181537338106448,0.5465467473876322,-0.8725271476910481,0.8999238850494813,0.266959391441973,0.4325286483106723,-0.3320993959417269,0.04752935437617545,0.2990371624098833,0.08409197506417332,0.835712612320687,-0.8539032643441151,0.037827897673544664,-0.16977971299052008,-0.15859730571715192,-0.20972348140921726,0.7037951640730478,0.6742685484178794,0.012825783571336347,-0.7101663746581788,-0.9365908867361701,0.840468030378971,-0.4989086614466176,-0.6409763116476057,-0.6928969571644943,-0.4851185981196984,0.10533049348816384,0.4068621398516392,0.42491983346051043,0.22681896388126543,0.25691760703194944,-0.7739575773480674,-0.8617932968457052,-0.3092303505288949,-0.09369820494404646,0.17081379089661342,0.9584879197679814,0.5602900889196589,0.2225323995804196
0.5856155936983987,0.9030510930641473,0.6544753518629378,-0.24757037696980005,0.3122959903164646,-0.09557461880805818,0.5590248344866122,-0.6020281778127732,-0.9914745368676372,-0.8397710069717823,-0.395694008867425,-0.30563438104819574,-0.5687291622690822,0.6721835132021998,0.5417628703531261,0.0414801339241726,0.019384646490060664,0.462075979204833,-0.4983258299376243,-0.7459154582424987,-0.9235156299917358,0.5873771984876732,0.25349371159766765,-0.9184301811451492,-0.14716547617448694,0.2747456814428877,0.20557279986635013,-0.5221884862817228,-0.9646452440136801,0.9261949118454149,-0.16575272074234793,0.9429052415456356,0.32867794746907775,0.371606385425268,-0.5806293577906514,0.663742351496313,-0.7432290953275995,-0.13175405407907936,-0.6859444223914888,-0.346785716212902,-0.9169387471236072,0.5729382542907192,-0.03786885659548034,0.882921248062867,0.8504995073364015,0.24931509136508634,-0.8151951813322518,-0.10766264391615499,0.1073984696339294,0.07475682739699296,-0.6221847068580042,0.8994175637639974,0.21687819164391509,-0.7227374174783137,0.2746043663931095,-0.23575655635279946,-0.36460300778164756,-0.44563212137673314,-0.8262093227086198,0.08589152545023215,-0.11347983007726792,-0.4589908579176558,-0.6094974292428406,0.04738886804611209
-0.9529502903465654,0.9842264033084114,0.18589647556470634,-0.09986302877651276,0.3433917833355904,0.2505758570720713,-0.9284734723121217,-0.3459787441632085,0.5191549237797575,-0.760524464318642,-0.39553227681112796,0.4053220638705146,-0.7336431945022903,0.1662934285899967,-0.5980746130106447,0.15420560183231835,0.7607035700139706,0.16090641145404216,-0.5027805682467312,0.03926172455609178,-0.9481325015655473,0.8287550582880976,0.6341314251648256,-0.6376475651975744,0.011709498976745447,-0.777107915810102,0.4597488043923734,0.36168388758028985,-0.330924065057812,0.2690915429564016,0.542231095955648,-0.6560666326638493,0.9041874830644574,0.5578908724127576,-0.5797685032571325,-0.757215053045494,0.5398183237429075,-0.5442932985997255,-0.26140387610946814,0.11000422218015737,-0.08075097216159621,-0.9707357619913817,0.6323074701561076,-0.44615573104208806,-0.3394955392955721,0.7437071218077236,0.4991154894873727,-0.8003152231210774,0.7471668677383172,0.5626164889546341,0.9452228429674436,0.37820705587288006,0.8053774638417959,0.043840606836647256,0.8380076110580819,0.28335854984851205,0.8768699868350684,-0.8670497705802185,-0.8969130744276574,-0.3266842846973581,0.46250052750529735,-0.5814820577405899,1.0868272913894874,-0.2842516866892082
0.09222023016205383,-0.8715551865043312,-0.4697854278116025,-0.8984780978680773,0.6640657329770283,-0.6681065814053933,-0.3277552804946484,-0.15349194518082943,0.5994688036534994,-0.9042545589499589,0.6671768094257429,0.46828064771818556,-0.5575228635422027,0.10948204638421477,-0.990957523679828,-0.12306711117455915,0.8069760184461898,-0.10960917393776626,0.7911688816560416,-0.9033688959314663,0.2685255777347497,-0.6500435292552098,0.70175555473117,0.21771733457535447,0.7409829046575847,-0.18482858862158458,0.38809557422180063,0.37564013736100876,0.527843883610642,-0.16549304017663347,0.09556667924796369,0.8947303464361247,-0.45100138077484786,0.9886947666617614,0.3443849604949685,0.17660773484659176,0.08523661414976158,-0.9303792863669793,-0.9512445745404436,-0.04916893365040376,0.9692684187388658,0.8400479748970509,0.4257768531779842,-0.7784541417152742,0.01878431576651729,0.4462854077428886,0.5681482366059052,-0.32317653449123296,-0.5052176003459938,-0.9974068037489918,-0.6544479469308448,0.6914471232370087,0.09919567323316247,-0.8875832266460872,0.028847903281902454,-0.023058111042220997,0.6026468636256075,-0.09014424137838728,0.917527420356095,0.7928798244336657,-0.27357739264832626,0.9716100306397268,0.8736730781705153,-0.5779481844637353
-0.6775561504646823,0.3488637624898082,-0.7443522904463447,0.605518565297543,-0.7478882401240783,-0.7783706777870907,0.1123409653447589,0.4288620935337717,-0.4475343389894393,-0.7260575615228644,0.638794770558877,0.32422095888383584,0.34542494487382913,-0.03627707099450572,0.7898422925411552,-0.9762923222042279,-0.05833576725489539,0.6669822272807471,0.5521233661731721,-0.9130576807595125,0.028020875273690127,-0.4779845742238254,-0.962305659872601,0.8396724497314376,0.19353119082484027,0.9956214385248869,0.5576127757952594,-0.08045543224215512,-0.43079629559305865,-0.12830779482774252,-0.7085772628644189,-0.6315880374375997,-0.8485881867430822,0.6007160861491874,0.9088240421057634,-0.9533665957761266,0.8715952086446963,0.8791434248563448,0.8326859122295291,-0.2779272241956423,0.2537815409782618,-0.6892066876134155,-0.8717401548102068,0.6353848970529663,-0.9970024495853027,-0.04467999938733841,-0.5759565002712164,-0.9604563806895987,0.1491846712302083,-0.7022431641136844,0.46256665683221376,-0.7244624746196582,-0.5643611815513994,0.8679108800646993,-0.23791402676637707,-0.4782413190584929,-0.40822235004354046,0.27306274462592284,-0.02823719360514576,0.41654583667652356,0.301536829368656,0.873816670784545,-0.8232033689798808,0.5410745776094465
0.5873973798807681,0.49812096894433944,0.18732475645782776,-0.5784285534306934,0.5644857606734259,-0.5323496929499028,0.11843395905374399,0.6468419569059753,-0.6515015526265435,-0.5869182584696873,-0.4500192875534079,-0.9648309555525334,-0.7994186303591229,-0.9832055456511786,-0.3442924238346281,-0.4864619239605745,0.35385256888519834,-0.5099342876858008,-0.08396098282600284,0.10887633373912231,0.2238363293757486,-0.7005431690720876,-0.38495725510297363,-0.7363508111759485,0.2353585466485859,-0.8876896204628733,0.42445003908502343,-0.43597721040692106,-0.33546486083011406,-0.42145500780732137,-0.6884692622572701,0.32004259429286575,0.24989969015091273,-0.03174829848128935,-0.15484500893538336,0.4250601633141877,0.32809972358707196,-0.40703482956218107,-0.8520295908544684,0.3247275855208607,0.9393379130777961,-0.5131240732791591,-0.307039839044452,-0.3224584374410715,-0.9198120725139409,-0.5448825376110178,0.5305667645458323,0.2507269731776067,0.31178828386523616,0.0076617580863043155,-0.8227645218492112,-0.11004493008706318,0.5807036270402184,0.9301885818106177,0.8600008413275246,-1.0309466101729157,0.06071893981897403,0.341625269781032,0.2120974684220065,0.9512892654472174,-0.5851306690008267,0.6356228992145636,0.2777510929885454,0.4189984073834463
0.798882386131992,-0.7494950828233432,0.9074957983253058,0.9714000133429777,-0.8150440334818638,0.7237037725070004,-0.9076449158138262,-0.9428921641410577,-0.9854513526456776,0.5243763503781083,0.46870043626693514,-0.20039058267276277,0.2797343246400754,-0.14975013189602882,-0.07637881837616933,-0.5377790155238404,0.44167440648537726,-0.7433399403383364,0.5449301912648588,0.06362490815868127,0.29101299107712353,0.0773651902230792,0.9177556428796023,-0.21018406551808932,0.5083666497688086,-0.09046017726905231,-0.634857257857586,0.3222545702397668,0.053410865186221734,-0.8366214836845047,-0.5865912205091988,0.785230513878731,0.7604760658588903,-0.49834323786268997,0.30834566791019435,-0.39161249533009923,-0.1268617588991705,-0.5187731619394405,1.012654711570348,0.5779631110663028,0.8588965535017214,-0.7260792420034452,-0.5836443529916489,0.06867022768098682,0.3675683784032835,0.2261727097310351,0.07579891470500932,0.842943804420816,-0.37287830149297907,0.11572753609924535,-0.7779683403915809,-0.6726171311553639,-0.1428295044314276,0.05058769518906692,0.8206181072513807,0.35508857873130184,-0.6016865471690032,-0.045297574124743445,-0.43810251005563616,-0.02411268175886394,0.4953214372801511,-0.11444505355188195,-0.9253848967698435,-0.3482008242220427
