-0.2133162837164828,-0.9749956592723352,0.419173318696769,-0.5508431520523509,0.5464843891560194,-0.8338760875106399,-0.013877867258592635,0.18570207836143315,-0.5725192554062741,-0.5953509345579691,-0.9363877526144803,-0.5815658461949487,0.9493387629564757,-0.9599538361582081,-0.9312264730958177,0.24995040776755184,-0.5651810612684292,-0.06677618573080787,0.3854716209997271,0.4886956729250702,0.8525950056784253,-0.9293124908048962,0.8113594552137133,0.17100619988271815,-0.7426257449436069,-0.8294945435022558,-0.20122818625547279,-0.18774326856829027,-0.059204503184123514,0.2707786607880138,0.34469133915880246,-0.35973362626314476,-0.9190271850703882,-0.003312827189074996,0.7447547517246338,-0.15089985155724706,-0.9893450885968151,0.8678009763011119,0.18672586445726025,0.7047786232217887,0.9413537341270519,-0.4899654064421204,-0.1386031192187458,0.38911706943832236,0.26063581980509243,-0.17273227295658988,-0.38741063264358977,0.9937672261764647,0.5491077833878495,-0.8628372270047449,0.904755299801316,-0.03134450024193902,0.096287141531751,0.7661351952473152,0.18649436661958485,0.15779162934516688,-0.8804416576783138,0.5208426743452386,0.8343360527532178,0.5003811381067864,0.14855621366889782,-0.7144889193131576,-0.6239318818211499,-0.8716044325975553
0.3421195949954514,0.959010016225385,-0.7414611069375279,0.5175442213854216,-0.9127324332520048,0.7636818460540864,0.30822272252264904,-0.8077151704649771,0.63459941070885,0.8226561943828756,-0.9438501332806424,-0.6470252960593659,0.5471666511280642,-0.33958559784180387,-0.5027810677948654,-0.31679846299340797,0.3144185404088473,-0.5264189381951301,0.774256080446688,0.14963579034881014,-0.9073555662775374,-0.5400990455214778,-0.585126270277128,0.026503908643866536,0.6756368853889612,-0.770911785150634,0.13708239295787106,-0.34455990783998747,-0.5474902467556504,0.04778773471897235,0.14731778301063514,0.880052008511087,0.6073468594703757,0.7284094847423241,-0.47212580662048365,0.5633137659504138,-0.49852813476552577,-0.8768435208069576,0.8115070044086716,-1.0980840211929475,-0.6471791496722772,0.9701401864554688,-0.9681243134576492,-0.981152424732753,-0.9898684296111462,0.28066715286127963,-0.018349572954031057,-0.678928748383498,0.9555977667904929,-0.09776782192014766,-0.7548831262363374,0.5222238483488915,0.20473833931825314,-0.5647726672131728,-0.7883968911765273,0.47460993932098083,0.07712276474980873,0.6864032930077557,0.05617449038296263,0.6778683024165106,-0.6476977153259447,-0.597197327432772,0.5186006723726242,0.8024393347909224
-0.514108206041989,0.8777498708915481,0.823670959744272,-0.5204517747931934,-0.7678782575023053,0.758363152631758,-0.1413686394516236,-0.8468294700000878,-0.39290806949307694,-0.6398210249367959,0.5942527487851039,0.8547281044590542,-0.2115362173587847,0.7840437179764213,0.22077821961445276,-0.8185373176778772,-0.6366977925948456,0.0715259930768748,0.6195949171058144,0.23485053034988468,-0.4048886221615011,0.8723352788875756,0.4835392258712272,-0.40949656440287185,0.5059150587597794,-0.46020191789716325,0.773071001909964,-0.5702642479248845,0.5967210765090358,0.9752189558364848,-0.4377186160441633,0.5597951347865529,-0.8495296277532931,0.03253888317089482,-0.5453179261417849,0.040696007505266696,-0.6288993864399417,-0.5941982129076644,0.14141134404642464,-0.28612367461296206,-0.5849736942099908,-0.7953709994662808,0.40707113809644335,0.1978623498111236,-0.9135653035386269,-0.5601083923569328,-0.9707466672774028,-0.6252617306399779,-0.3783263875642102,0.9416118105994291,0.2701450736589355,-0.15069025735415958,-0.15656875459954533,-0.4492755615190813,-0.9103575425878745,-0.8233117535506329,0.5683264884275281,0.8061336575065636,-0.8513979197001897,0.4600082840860735,-1.1369044347612032,-0.21622952284587993,-0.9550443928892629,-0.509539923908833
-0.43375353963435304,-0.07529936149627425,0.9023076758042796,-0.3666112352586024,0.2121348971365049,-0.0014648254891951318,-0.2378340865748029,-0.11488611275643912,0.5442964628274038,0.16438634800513116,-0.33207525962469475,0.9973732344662267,0.6172306828139744,0.5473344429846347,0.4371457486080834,-0.4811218172255616,0.47561167873072785,-0.17002048601488862,-0.552951626316533,-0.20918265418198412,0.4067511199981648,-0.3213403889440871,0.38031802743303067,-0.5502349391084125,-0.19586888485944715,-0.00910804105601426,0.7854156477253449,0.6519333542306593,-0.16455902339259532,-0.27937384340183447,-0.5312816412824386,-0.9369976927926551,0.28147344454777334,-0.20111378380185085,0.4401650874662997,-0.42360645177247447,-0.9762882335465319,0.8885882656216493,-0.1255782325100773,0.9708121220160009,-0.24840830661696223,0.21028305907547873,-0.05794565943108761,-0.35252739347552287,-0.35694705940456717,0.8659639244551167,0.6979171824856335,-0.7282999124649847,0.44115613291903855,0.40877530140583906,0.44185866835945187,0.2997061734168345,0.9742817676179509,0.5666924234339685,-0.9352907582564851,-0.36022919942844767,-0.8838949828056524,-0.48277372122460105,-0.4065527392643635,0.4727063038336703,0.6756873031754986,-0.1752553105346728,-0.01070132880289787,-0.11125261271522069
-0.8547214916920396,-0.8062947401008509,-0.938697370284,0.6232294591831236,-0.2642820282796794,-0.4607524811575687,-0.1460071101662641,-0.668658895645083,0.16155932033739995,0.9414926757237798,-0.24116788581485338,-0.8375217628938598,-0.16769961072178252,-0.7880824648594991,0.7447326117677859,0.7130857539481117,0.7215878989366296,-0.5866561147075573,0.5533161239762279,0.10203125914849798,0.3732194966236557,0.29125572736626126,0.08746028896249936,0.9719848045023589,-0.8079634953902028,-0.6884267963763273,0.4046990006598412,-0.5759861269706261,0.7773854629217443,0.39361551258764327,0.1773186466902621,-0.9262419330036891,0.8754507749120011,-0.08305034764602537,0.25630637045674765,-0.6767586418144904,0.41919160902645447,0.9232304322227547,0.43900276892270096,-0.7943832871355325,0.6451377760355976,-0.7920195975946231,0.49543558288925627,0.12822236484638783,-0.05359770915239892,0.19403197020822938,0.32795165181789754,0.8907117074740509,0.6454586889828209,0.8162062188391048,-0.18061692729732148,-0.46434431355989036,-0.9435453627402968,-0.05464173386095417,0.5756227263753382,-0.9893995860946033,-0.5656980545799315,-0.028872732266930434,0.6639321990404221,-0.7590149642897104,0.378363967999678,-0.7194736215255197,0.33445733013986123,0.9025991985281252
-0.3192745517540274,0.11738838391282092,-0.07427744646666468,0.3769519894557626,-0.4007004848772131,0.6534849579213706,-0.056684086281728385,0.41266310197176725,0.535012778817569,-0.5130651076730062,0.21196763609628988,-0.8391993284896924,-0.04158769485205305,-0.4050045203208823,-0.5128645517051895,0.6544077556790178,-0.8021993589504335,-0.6796334079941095,-0.9232964977499329,-0.3834446012277273,-0.22341651399083462,-0.9549490019869431,0.1509701455409833,-0.5374291593170628,-0.9595764420258093,0.1680991828786027,-0.5430677518185552,-0.7923662999624794,0.3686384802416629,0.03035003658063662,-0.012411448841878281,0.44503283363983365,0.40207382387347135,0.4744717551342019,-0.17246447458899672,0.3013526014677663,0.32325290861221245,-0.118161670708824,0.4110969443787764,-0.8821188771232116,0.09362287337321584,-0.14803066566710887,0.2044637924465471,-0.8673435074979081,0.9836597674418293,0.8568519035088387,0.9827978346552357,-0.06380057682199403,-0.7055681853000015,0.9156057889266622,0.8248379590367436,0.935206238716219,0.9087216605954029,-0.498337358525734,-0.47875477161568436,-0.618602789559896,-0.9554240563521319,0.05760497768943762,0.042329623307797215,-0.7315565788219427,0.7253327330315977,0.6635159465419898,0.21396747071520927,0.6109838470798004
-0.2598170995131306,0.4749435667285331,0.5478131254160648,0.32821177017820546,-0.8539593219492234,-0.10197992547152901,0.5999967279270626,0.43046962571490877,-0.979182203549881,-0.9274581203926855,0.12149082157303437,-0.9531893939847231,0.11563486931934164,0.573464273094775,-0.9889697363384817,0.34110433879371915,0.992326167533983,0.7273655052097894,-0.2513314426748485,0.07521637688374483,0.45209439929568296,-0.04707908451634624,-0.2967997300060594,0.8004377840262058,0.7985824116430877,0.6214836040297724,-0.08000598849697438,0.7402095316197357,-0.022834876104390167,0.5567075895859224,-0.02585605472750996,-0.005436096142989344,0.37239670478878106,-0.29690409243130333,0.4755662218513754,0.6034258133866817,0.14809335590842387,-1.016973487202551,0.66450406064958,0.15693621814582426,-0.21291596845573202,0.5184622873110247,-0.5776965432938372,-0.19252401660053242,-0.6352913209204305,-0.6313154392294642,0.5003303385389068,-0.8279564972729367,0.7940619015634514,0.257119132655359,0.2899601691341296,-0.5045039047079405,-0.5718366982770009,-0.4504380971526594,-0.42322278399201574,0.03938242554054305,0.2292275798494703,0.7982454296503276,0.025046818103792168,0.16190846225148747,0.6725789025747453,-0.3164600793618555,0.6733486790816141,0.6340919015461675
-0.6660448247242943,0.15697809828361065,0.21459864395583672,-0.42833959897690654,0.4792672040798902,-0.46672653400161024,-0.015390521169698745,-0.6130139894965823,0.75574559531172,0.47306669082443137,-0.8719926118809367,-0.9265156421076912,0.08086434760563299,0.9887779808567869,-0.5296144530261906,-0.060346442070112305,-0.6817523598624295,-0.6055013553522415,0.6647544364135876,-0.5565697325646992,-0.28395708780999307,0.6777761844254149,0.5730357882803532,0.45130650576255604,-0.30700242024316005,0.2800298811999278,0.5705006030456632,0.6253405023093246,0.7363186849456809,-0.1944578970332751,0.8374363498153545,-0.115090037809638,0.32454816105737594,0.7672352923237806,0.10793377389727432,-0.6843091663054881,-0.957216364106589,-0.6736788709979455,-0.7300197397050547,-0.6197266799309229,0.3008425277302045,0.9206848190155126,-0.19860876037226705,0.3121019211139877,-0.6523828233184197,-0.19292922937540102,0.12516031030613806,0.9114188115450563,0.8382553994039001,0.8750467229907257,-0.18587311165862785,-0.2985257260353471,0.951247844693732,0.12464382772538496,0.06723176180363555,-0.1210072498966317,-0.5943667813520743,0.7749398112290182,-0.9413082186837423,0.08258640399385242,0.7610717213184379,-0.24137064014633092,0.2596597315321105,0.3157793777228679
0.9716475083023316,-0.3508984089855956,0.3674748374963199,0.8326738846374773,-0.8522649441018533,0.07572640589632917,-0.4473147916223721,0.9484916408925912,-0.5730373499613144,-0.5613593092645097,0.7925317940283336,-0.22777773331420392,0.6557374210917346,-0.527126167502822,-0.6502078255794443,-0.17730235417450868,-0.8338704848535344,-0.23519322473742732,0.8600839274458072,0.6590385570357968,-0.6225696514447991,-0.037936046868108475,0.7004979089124033,-0.4036479318233883,-0.6012031777480142,0.427082632439302,0.36066635748745846,0.026623763099567155,-0.8531176026246665,-0.35117368853255093,0.14949181512752618,-0.16908187586426449,0.5015581338100561,-0.8963106323142662,0.06938062095135944,0.26132859640057604,-0.20824050568666186,0.2997048209275608,0.7588075595978303,0.48710749416434185,-0.5326564497059427,-0.00044048852694889007,0.31812112248844193,0.5597058586326519,-0.2649617625828331,0.6292963555846511,-0.4580752130692376,-0.5857120074649149,0.40197385223913895,-0.16400442694467565,0.9419974510983278,0.5306949422746947,0.0989850770691969,-0.3244072277737655,0.5990509221870612,0.229851165496046,0.6381112087593801,0.7510177919245855,0.41011680995603417,0.746188297013066,0.8808909104116242,-0.6148405124024199,-0.12865654695893225,-0.8147825781340934
0.2911500769076949,0.3638772575033802,-0.014947037342556424,0.8325554661591963,-0.004400390585739045,0.5505695675950819,-0.6521363723032267,-0.24122441787573123,-0.907723165902919,0.8211619309850566,0.7329264845682342,-0.9651229372283754,0.23188544342780815,-0.5385131644819767,-0.038509402294848505,-0.7606481799907964,-0.022879210433422115,0.8033387472258664,0.46272504215253707,0.6545906157186532,0.7825566766897352,0.9160520951686015,0.2159259390488144,0.023378760230869045,-0.07766846010724637,-0.7087814781183881,-0.31169925417804684,0.9611585736016579,0.6560404297796165,0.29911788916722415,-0.4003917651115102,0.9088115504954895,0.6684715169269493,-0.8812360219680935,-0.202887912820078,0.19409279239313904,0.49945878459954374,0.5492685899180814,-0.14531823328872373,-0.823658151157393,-0.3256678863159683,0.2515993144772739,0.2762502721357063,0.9006727588819301,0.8835486448635697,0.3954058127886113,0.8657988908264975,0.6004249849622174,0.43418963203459815,0.6162458919613643,0.054840804966520995,0.4234106937539639,0.24115967018952467,-0.35833218253210997,0.6571089488421833,0.7542181988788963,0.7162876373606932,-0.19320224209738335,-0.5865441821563624,0.5918533852652759,0.0058589404562330305,-0.41220085001786844,-0.9366106271431855,-0.14147344906167825
-0.3195480796712902,0.8835508061913613,-0.6881969768171159,-0.658016668850392,-0.26590823626257754,0.056906928422095104,0.06820961535043413,-0.7900510669501726,-0.3606789810320248,0.1536793844464066,0.2988894953703909,0.1394103732086267,-0.944480200103583,0.5931959126384327,-0.5479222670625745,-0.35131742456596227,-0.6045620711590378,-0.3562740508735909,0.625733553383325,-0.37977911553997434,0.3432008219434117,0.4118797835293788,0.05997318217892533,0.1400367704258576,-0.8146290100725175,0.6221457500151537,0.11676376771081354,-0.8076942315858995,-0.6011734501607464,0.5926254473206929,-0.4453925880850502,-0.291952021341763,-0.0373273830969445,-0.8346166542114903,0.39926213334934224,-0.49407833983710003,0.676121048208838,0.3744210382119575,0.45972894372021855,0.6014115333503431,-0.6442961126382869,0.8201708919372597,-0.5215274732686392,-0.9569199678443192,-0.0020639403411193413,0.5278494285373332,-0.6926515150529691,0.908801559206649,-0.3861276556339228,-0.7274415668023326,0.041043225050495735,-0.29758032575121107,0.32535722986241455,0.8744893457939145,0.15177411269699337,-0.34534529532471225,0.7868846972965744,0.17976481100420316,0.6040953354833105,-0.5747878580623678,-0.20261654957100528,0.6320099768998007,-0.7633323065739077,-0.5219381759674813
-0.9810887637572339,-0.2654580981348047,-0.3907155465700538,0.42922149974798285,-0.5418401102709349,0.022088291475448107,-0.5323462380704305,-0.6978125326010853,-0.7113693466238011,0.6684865620758558,-0.7270872251106839,-0.2783908186093327,-0.2853186671227399,0.048328408844559245,-0.4705438863156848,-0.7373033477744393,-0.05352469218405709,0.8172144306416085,0.7189342166594803,0.315513724691737,-0.16784512274283858,-0.5401525640487825,-0.31088950904794554,-0.7800806986987168,0.3759850720399096,-0.1488201268246836,0.8519998110919225,0.7649855850422951,0.007204109077518783,0.28401362827767174,-0.2788569714369773,0.034769990700680875,0.5382319590684996,0.237260152502822,-0.04558934621058053,0.4248470427679316,-0.1822986770326036,-0.812769977282968,0.24958535629766443,0.6327490315714632,0.006706575630901934,-0.9807287633360458,0.21854333539862814,-0.6018011396795884,-0.4127572270699851,-0.9115456617249296,-0.6293420987840712,-0.09928731831708104,0.827741684415632,0.8356443208133724,-0.2849294805341711,-0.600382613192781,0.027299972138450812,-0.9083193731268391,-0.30238961770796746,0.5820919850421906,-0.8477006379695478,0.017000290393289708,0.2986129427010198,0.15827377934183962,0.01704473871043133,-0.8652447375288685,0.8288652243831556,-0.7621148215982965
0.08200550763438258,0.3327471485103659,-0.4614585555038804,0.8783066364495715,-0.5644468863437753,0.9595191715537419,-0.1551612909665907,-0.13440668250434754,-0.016040568625237117,-0.34231917504258513,0.17719025670152,-0.09555454142651376,-0.5455037484044587,-0.4581757020458847,0.2695343061643851,-0.5349967403047236,0.5349062168836294,0.5227649719400345,0.3567571120817521,-0.014908171676280224,0.47644684870470067,-0.9466259647722217,0.2151047713937615,0.7390499779840216,0.5427830688357498,0.06110453113215408,-1.039707904962536,0.072042376886579,-0.6436037855006496,-0.5867158599672704,0.8926423834830732,-0.4001687404499106,0.7313405378814448,0.1201335216634043,-0.9684584581502722,-0.5680815599266398,0.0073258608136945735,-0.03929313754513619,-0.8836712995087297,0.4813232750118336,0.41903666711866183,-0.9658861907126659,-0.6145827153967605,0.17750388300322273,0.9656237115606354,0.2183134300509022,-0.43760529592146247,0.823910185848777,-0.7208231082456733,-0.7921241356144884,-0.4534663956833418,0.5618466602265506,-0.7379258978489669,-0.0026260590850240018,-0.9753242367424877,0.5959447227546399,0.6118072751930408,-0.4004746288559322,0.49376451035108504,0.8590222572301252,0.08859711304079498,-0.6847187976384197,0.21834076830320498,0.11467088456799024
0.054954100396368055,0.7062111725009719,-0.4040469006659014,-0.3175775706785278,0.04915213941826546,-0.15246648752656133,0.21959237621134675,0.26523957349527505,-0.9892856021596395,0.9017521677152478,-0.24740208918746576,-0.48007271832976706,-0.3360363156910764,-0.2672907748280362,0.8766705708783844,-0.9707662213386397,-0.9161149473306733,0.1042220614486582,0.3941928608613186,-0.9653358954844891,-0.7656395171526313,0.05998169124947483,0.6730349451103983,0.828840234029651,-0.4905499103762496,0.30597954749347833,0.8097179269311916,-0.5651933032029808,0.5413692598107533,-0.07897430460221466,-0.2506222593326959,-0.41064545656018625,-0.9215017970475561,0.23746940860713273,0.7772136148054996,-0.8810916976876126,-0.7296880908188923,-0.4126275319407797,0.8264463851469213,0.6736248517130343,-0.5338329289981278,0.9448666705260518,0.5428140332991878,-0.023955373239809674,-0.2737535942128273,0.89351295502367,-0.6525535697075948,0.8125826060806882,0.6327708810992692,-0.0019400804703826324,0.5275494320778671,-0.6106645333642999,-0.6927909303758255,-0.3573714370712162,-0.6414625175732185,0.9176956674811148,-0.15383869967773545,0.5305837427118836,0.9514584272355615,-0.4535300459143574,-0.124177784655086,-0.9360638095424694,0.9871573078457536,0.684127653955158
0.13293652665404854,0.16550509741462416,0.6619630641963083,-0.7642073274524406,0.0773620876660841,0.5952841356582488,-0.015706740229728622,-0.8116420057525069,0.5526338925031773,-0.7729485550875552,0.9697389415397493,-0.14580324948655354,-0.7948833160247373,-0.06333178527004191,0.3191457355442793,-0.8117409148290897,0.2878210175268079,0.6730235784509253,0.02368411081223054,0.5413002429823495,-0.21898027200263837,-0.33876699257043286,-0.44604696042572645,0.939124421630952,-0.8386532544365104,-0.04652494189883738,0.5362062294962586,-0.7919495138172754,-0.19776113146515328,-0.5593777128545856,0.3547144347433341,-0.89201722867746,0.20703681088944226,-0.6766623309130824,-0.7793569375591598,0.5695880107581615,-0.7343548544509508,0.8459252236846226,-0.805634100103348,-0.42266560762644034,-0.32205292952626485,-0.7724886259080541,-0.9490825883510967,0.29701522302532135,-0.9171902202554267,-0.07621816716886176,-0.894500958309068,-0.364574643520466,-0.16900871865510725,-0.3626130632419635,-0.40931570973008957,-0.5269303009043562,0.7506075350302568,-0.16617137003838556,0.17017508677711124,0.7921421878825274,-0.03883844612614684,-0.19773603220986313,0.9961977482987439,0.0440693913389226,-0.18347429712028718,0.4539050774140647,-0.024014822558423576,-0.42232912105792364
-0.2276223945468845,-0.44790575149446776,0.802148241741665,0.8314726555700254,-0.15237898559072338,-0.07783335196733754,0.8948016508059,0.9758860197763082,0.48936958828612975,-0.8583304677766848,-0.34380924489567133,0.37565371946493287,0.7221301310183963,0.8948122446730908,-0.42002139754334156,-0.7546837320607114,-0.26044352089517697,0.6514116841539288,-0.08913075482840654,0.36333779365996555,-0.7266742683653089,0.20293428652108836,0.05526735430713203,-0.6686152035503881,0.5990421124864451,-0.0801300742483173,-0.5846422513049385,-0.34324869985143214,-0.38701161920532834,-0.9886771403229724,-0.6129333237085431,-0.5975405067743804,-0.7577041163295128,0.9555164573811286,0.5267481973290602,0.23681814555013325,0.8491374415121027,0.936742442526272,-0.8032164161308286,0.5197694709914347,-0.7426981655232342,0.07158273684280236,-0.5670820953608031,-0.572806888404608,-0.7381034080977644,0.3728736573530924,0.39798910986383995,0.7303707033191338,-0.7591740768218684,0.8135280206679274,0.15633673612784132,-0.4682448494287714,-0.10344549055321184,0.7411061312434215,0.28196015648770145,-0.7409659815890245,0.4282063825638831,0.018926250148710633,0.9588416873402217,-0.812171146531105,-0.5766919738093024,0.860425218748615,0.7830025460122583,0.3888584846287677
0.902656025045584,-0.7093572442076199,0.8007066159322223,0.35298453881947967,-0.7907973573034517,0.3257933286396546,-0.27657768850710696,-0.43754406239536703,-0.6806594343587973,-0.8135791380687774,0.7956866754668375,-0.20814030030467356,-0.15701830567516956,0.5028258220724242,-0.03857794700173778,0.9402975209994358,0.4945360629581874,-0.8027275523135022,0.39076982022826035,0.8695932589216968,-0.3978033531400509,-0.5008191699218625,-0.9113080564651934,0.27473615027584253,0.8036214006262528,-0.050143216338272234,0.31169036055903987,0.7604926036090383,-0.33026541051020253,0.5908084421710238,-0.6434456784802121,-0.5353742123635135,0.12073442547041258,-0.31611509956401873,0.26960704012522974,-0.7584648119746977,-0.10706813283108874,-0.23612680804512132,0.24029097622259096,-0.769824201010624,-0.16675181040996256,0.6578371009564581,0.8031704217890947,0.2582415665106428,-0.8004545240926817,-0.5963986593913007,-0.6615181461246878,-1.1131828702019773,0.2977946054357343,0.41555837393669304,0.7548432079035037,-0.7752055382908962,0.04600486801214587,-0.9400992051792312,0.7307436725372847,-0.9855549473516767,-0.26421472061453244,-0.9645972731255141,0.4853300274458894,-0.931999490951062,0.21082090671392928,-0.01791458623535025,-0.7431296780168755,0.5969835716789955
0.8883886901971556,0.8487752984693204,0.2581661545945817,-0.4011406547732175,-0.09649403095152165,0.5387431092610815,-0.4913009399147823,-0.11711859774671929,-0.4569334010410764,0.9743187786830101,-0.10773751813493115,-0.894509150878557,-0.29528752618361565,0.7031699958644106,-0.4078725749265051,-0.3101288418196034,0.23986946272964604,-0.6913623247898946,-0.876639951659743,-0.9596588915008584,0.31446132190452136,0.3402245177560954,-0.18559654104304824,-0.5863288073639661,0.23484234547647764,-0.5972424295562806,0.5802074866932103,-0.6723025158245779,0.07043239342813334,0.821372156464653,0.028739221325774666,0.5580861832498278,0.9369773808401429,0.037997661101216273,0.3441635791347575,0.8988426325279903,0.012194056545271836,0.03375514383443434,-0.8303493968120272,-0.9825630092508857,-0.7074091135192744,-0.1659219857785299,0.02292517501662994,-0.364492298421242,-0.7231615646607881,-0.04420463552610898,0.11777111116582129,-0.6589012482898837,-0.5724061884190801,0.9545086899714723,0.5486835909171391,0.4342119693234645,-0.9585981595296482,-0.3956600151065883,-0.43986534284879475,0.12238835355493083,0.71797125708236,0.06828488452477477,-0.028255055326380507,0.37538516570591884,0.4274605416976063,0.18937910594481755,0.29642332652121095,-0.8340686390459928
0.12455652522616667,0.316323517408168,0.04826477699541476,-0.5884693617555463,0.6171685471920785,0.42141156848714,-0.37195947972219723,-0.9672756716146358,0.7392522404985908,-0.8885795687010678,0.6061263519803635,0.6864568915445539,0.4981276832507624,-0.9515669708879275,-0.6715923081149835,-0.8972280700282851,-0.34979268517140283,0.33968450668048056,-0.7314387240731637,-0.07706739975776111,-0.8841602712996848,0.07965871194197938,-0.09208058148201848,-0.036214200532201035,0.4858301597416279,0.49002875737540785,0.030897553706768832,0.6230185094978786,-0.5741332443163916,0.6163971010488445,-0.267038248942304,0.5601898554991573,0.358190168652734,-0.9967211854971236,-0.9776185869234473,0.28326268822104117,0.5453297750475654,0.697932513000133,-0.6990159310541886,-0.3534752551527601,0.6595433326805222,0.7743253002618944,0.7153654096114317,-0.9325278339430245,0.5489351955567741,0.6862934772198974,0.2809267555015533,-0.3039157712320779,-0.2761958202448167,-0.15574521588952783,-0.9315302977176769,0.3784926868550893,0.9859505821144765,0.3368808506781362,-0.11524184401489146,0.7919607854030861,0.0968483507988338,0.548159767212602,0.7845572638663854,0.056970415808736075,0.26118477250962546,0.10009626371837865,0.5165363540539312,-0.24586870777162217
-0.17733052807324756,0.7883019648922003,-0.8789248327206091,-0.6239490202507341,-0.3279905184338109,0.7811067210987497,-0.6318310848470976,-0.673810730906879,0.09780439604694369,-0.5306722644016508,0.9101719551405949,-0.14814764437251782,0.9511419162451491,0.31585207821751937,-0.6528691188957507,0.4164507965578079,-0.31962097238334297,-0.814859666329022,0.06838238886951409,-0.7110544705356168,-0.3558109468899048,0.23383751203994557,-0.31998762619623555,-0.23921824737508493,0.8133835440302324,-0.5608057085905522,-0.06787558765309099,-0.24914389624796107,0.6158984212277303,0.6884976904111733,-0.015202810174256953,-0.7987533093769617,-0.30220762312517757,0.6406077442642886,0.5800829986169995,-0.2682110063935772,-0.3364231867374725,0.875918129319571,-0.19829257584360138,-0.92546438356254,-0.8367136827657076,-0.6237407296950144,0.3163254740225413,-0.5857720107733151,0.18318484671692997,-0.9990042737586502,-0.7272156223788604,0.46928114792206466,0.2651939591044252,-0.4985643970781575,-0.1369721829050996,-0.5485246821259804,-0.1879135623037258,0.3465165828162847,0.8234593880900631,0.7838486241905505,-0.6591748845578007,-0.3279719016689431,-0.7430007800321634,-0.5938715428776975,0.8677345415890121,0.49720659134464495,0.10688183188832823,-0.37209431390372494
-0.6910968219512876,0.15930613669889282,0.9276241761185249,0.9041321854766406,-0.7232440917201963,-0.9959228088585925,0.19347557904914936,0.044733859101024454,-0.4709278962923926,-0.5716650581057787,-0.9827885096772211,0.9718707440919934,0.6044671227934542,-0.8352648651312042,0.8370836249156353,-0.30632845301450895,0.2150822453182919,0.5334908736871269,-0.8144622601276594,0.44730713182440107,-0.5062186487470686,-0.746462504652124,-0.9619512725033139,0.6787706904938113,0.45186165235373554,0.9926649400788656,0.8117649164485341,-0.3243879045365681,0.43644575318532697,0.0749012705455625,0.6735793854883825,-0.21838824809241641,0.8353096230594919,0.28148157471324975,0.6678394374550634,0.2461216230011991,0.3269785667461991,-0.5732155361918791,-0.6277843648250825,0.43783191288308565,-0.06957555122436276,-0.9103582584955883,-0.47481499518858983,0.7632497452103346,0.26371414013571104,0.9480381987376856,0.1908539663440525,0.5013299096670019,-0.48071935773313285,-0.6885933424048885,-0.2396819468450817,-0.20204460416983494,0.9394869640520831,-0.4171914631491461,-0.23836472583875845,0.688701870576621,-0.5543674594562393,0.19600492462106667,-0.6842362874667689,-0.7593081978152627,-0.14489546990553692,-0.9399580414879325,0.6460079926859092,-0.24316940671263954
-0.7580823316840548,-0.19116828768244498,0.25540986259511,0.9742919554387373,0.5743021846360861,0.7567764647321722,-0.5417605235096017,-0.7885618189048831,-0.9979582982606134,0.04368347819906196,-0.7519784663326314,0.7151454119087042,0.06186273981556045,0.18069181626604847,0.6160290253549152,0.05567988559820214,0.32005816565968215,0.25265606936720686,0.965783768221957,0.43849467858837077,0.7655760065130774,-0.4757674803131087,-0.9842931233071992,0.3749604604429091,0.7281705108036953,0.29085755700582516,-0.625663318062893,-0.1379332638628532,0.06675496544312165,0.11612619490384324,0.274515142956139,-0.12968145589212643,-0.9327153997356221,-0.0031404870016502606,0.7486489241649859,0.20525873594046007,-0.6894315642044562,-0.07274886894640151,-0.36462002593075216,-0.9359102779298976,0.8668933341400455,0.5876537057264182,-0.05737404199221374,0.8482377930111744,0.93057230211117,0.98674187748126,0.23985860349908417,-0.5592991185866001,-0.2392506063102809,0.47537874881037423,-0.9686639339892269,0.9105632754719253,-0.9713477126396439,0.3633341007150894,-0.9402179574480465,0.9056053791269219,-0.7224471296252202,-0.5358783242147984,-0.5493771253306272,0.24968524115904622,0.8087837969756645,0.5452112656727006,0.16077694488278205,-0.7538244193267984
-0.5704378811222319,0.25952784337756474,0.9416722641961492,0.6199367644876808,-0.973051027896012,-0.03017761949984621,0.019848310212483566,-0.8190708087638392,-0.459116596391963,-0.3245852509989271,0.8553989409732672,-0.9926539300039856,-0.3431645039998974,0.795902757578347,0.17207584928625264,0.8548105604171099,0.8983443007809886,0.2032106921226835,-0.7046583809706337,-0.5258184519365527,-0.16343990027725308,-0.21810539915385863,-0.4858589332481129,0.24378258671562997,0.13484212346293578,0.943927440730725,-0.7158117914641977,0.2106922296396918,-0.10921691187318028,0.7015804120194182,0.061958872899605,0.09523421297318646,0.3938729063837618,-0.5766805503216232,0.358248029940178,0.49118154054034147,-0.3239114765591351,-0.7693994832153961,-0.7646175914077846,0.7881718554550514,0.4225835866807617,0.20654030424708059,0.8657327159929171,0.5380445534258853,-0.1104394558432844,0.8387529091497243,-0.695727172860555,-0.8539252930680203,0.8951818979476822,-0.8950679102781778,0.1772933501944578,-0.7187187005623099,0.8879581743874045,-0.6803634984739839,-0.023236691781559238,0.23787012591868373,0.519682897741031,-0.9589350360523163,-0.3952741114996863,-0.31665487433061656,0.9255066587882097,-0.6565532512621397,0.1445434618485426,-0.972962404292901
0.09186766211936648,-0.030665788006948524,0.27524099798556123,0.3331422842019405,0.6609354065344213,0.8513750378193541,0.9101257842266077,-0.2181565721164685,-0.35814170938386436,-0.5869629408282608,0.8883629078182602,0.887429222915183,0.09731464987117744,0.2584282665789521,-0.23423533988682355,0.7961055494651061,-0.7273954934566906,-0.9509111010499998,-0.2540855540614104,0.2521982425009952,0.6694752512258995,-0.3518191773917414,-0.4640967943221601,-0.6388562056635199,-0.4923452197272453,0.8897922007478825,0.5361993345064349,0.5027829127234784,-0.8665114450506695,0.7549202816914478,-0.780411272674583,-0.5196159830742888,-0.6641929760157352,-0.28672125564033224,0.5053147017435415,0.49028786288937287,-0.3885910319245798,-0.09076941144268025,-0.48019597912293,0.6754099322836153,0.160053649545004,-0.6225848027867729,0.52894283313874,0.4965884744742419,-0.4348685676231101,0.04635327137788847,-0.3737724592268308,-0.869095427362073,0.7253929642425638,0.20620483126215278,0.05587395674681317,-0.9940057826627879,0.7634349697146441,0.845765409023497,0.41366471697050144,-0.21074600483143424,0.4073373521728645,-0.35658278254569464,0.24733960058382265,-0.6382184281857526,0.635652541079951,-0.502372103138401,-0.499422600006447,0.7405709738516437
-0.8048318490402167,0.3283166297996356,0.06614857830764165,-0.837538995862492,0.9399643540588067,0.1749463377264382,-0.5081784538873302,-0.19423983962742608,-0.15646618708354687,0.7585224019451096,0.4000818391388512,-0.9353407959859075,-0.6065719573010093,-0.6549217045962124,0.44348186709383497,-0.6839614377621872,0.9666928628279001,0.18864033944514946,0.011874637257388299,0.639424766918177,-0.5087484853371818,0.7933977487589277,0.4871820506477986,0.5661465369498577,-0.02341473400815164,0.04133830985456455,-0.11296092049304862,0.6458465732408616,-1.1822328694210111,-0.9390989909619047,0.6423493180751276,0.26554407049012846,-0.8525726975471801,0.6589165206829517,0.605417127501144,0.7831316005618891,-0.5542790975486163,-0.9679667080885388,0.5642498011738182,-0.1408624868395172,0.5803389341083253,-0.061655037055078576,0.031660255244797986,-0.882633325866639,-0.23317778696094926,-0.6275755853665916,-0.21960938857122025,0.6397191573957302,0.24323889844823254,0.014976857524995557,-0.6441865663760409,0.14778691894290819,-0.9157927083740842,-0.2349518707022753,-0.6293294529574371,0.35498817845716113,0.24360463712351632,-0.6912223456647162,-0.5782349818817227,-0.12360269310199579,0.19192074231981615,-0.682463970240645,-0.4743764020290222,-0.6718361604419802
-0.0934101662008795,0.8000176775212742,-0.459310092750028,-0.7414035778515771,-0.8006473397998723,0.99890200207122,-0.36295778649767807,-0.1306565434225641,0.9044765727204203,0.5751008265792052,0.658601180731643,-0.24059504704147772,0.4282155265144545,-0.7867806310601624,0.7740191262027725,-0.8769517125426312,-0.8586423667990073,-0.3838378325966869,-0.7585378200236614,0.32272959622818376,-0.8848913736042125,0.10615091691702272,0.2413294660312142,0.8719184772264066,0.8167750140757981,0.19200016786668178,0.5014110870159845,-0.674825432395326,-0.3902598573311058,0.8671104603518871,-0.39214241232589186,-0.5529597201575065,0.8180783910999112,0.8918946459415684,-0.514070469574458,0.760575663816144,0.021173342252725824,-0.4466225209765775,-0.15253191171236224,-0.7920599165632944,-0.49988550107945917,0.8747308503721991,0.4653818742671374,0.9336958157002142,0.19405767473591573,-0.07427074578782622,-0.9830351423617851,0.9836060970341107,0.9552487922226047,0.4336411038759891,0.6389090080517199,0.8107974232709148,-0.896511726552037,-0.29468869952494137,-0.2933142847872692,-0.9171693837589433,0.6231228978261729,-0.8820996826513645,-0.4630001937530197,-0.15445523198674885,0.7581309793574409,-0.22073920789321672,-0.9642363634094733,0.5577644263199937
-0.3334340686263144,-0.08597009924777899,-0.3528280351696118,0.870320223837467,-0.9031125381609395,0.5505841244110883,-0.09571192026673692,-0.819494938326305,-0.5496420625929741,-0.16844200404806267,0.20418481280396628,-0.1637246214508481,-0.42299544523117605,-0.5958707387467046,0.4185110031937216,-0.6910806757936734,0.7548620336063381,0.3343605012419122,-0.4148977490554926,-0.2765566029576134,0.46867618037254544,-0.4044691206897091,-0.7521324337035629,0.9358607650053825,0.11962645720590914,-0.8919937547218535,0.009339830833570595,0.8783259777592356,-0.02723287604715141,-0.7372385102119188,-0.6639512718768368,0.27459411406619816,0.8058498996963235,-0.22395286222846922,-0.7232964034420721,0.6640687449362226,-0.17934013449549702,0.8616769527834287,-0.3663688625556085,0.6824076368401761,-0.020190589980907392,0.7715095961568192,-0.454472531468888,-0.13797751485802268,-0.7270183368974383,-0.34929427951854697,0.3755043149746875,0.35296942826171374,-0.24940591882762764,-0.20737778171213517,0.8367896120456872,0.9921142020835092,-0.3689064145442613,0.4674491715764644,0.9020302431305285,-0.2676781146603069,-0.707166418885613,0.6359567980752874,-0.09945749180837793,-0.3615492254781041,0.9435858602853178,-0.9832541734085005,-0.9554487701741219,0.3427741462692042
-0.4427636275560942,-0.39391890411578956,-0.3511932244910223,-0.527476511459521,-0.07526391913150077,-0.17972190963753376,0.8312513719172214,0.6490215863460114,0.6565877479373119,-0.8508258172759757,-1.08811526758972,-0.2704704166809677,0.8189659654954102,0.31845033912081333,0.055436297257405176,0.5008056473889497,0.2474599759967675,0.9628039341733967,-0.554553424997047,-0.3233355794574606,-0.3398935271551913,0.8775163263701644,-0.3403165619885371,-0.954909637973782,0.7732174990416829,-0.15451584265585083,-0.32123672646459744,0.0702192525379961,0.3925734998404269,-0.4392583330714246,-0.14672316927131535,0.10374727703159792,0.3211022745040124,-0.9666992580978406,-0.16011512753274237,-0.18301645579421089,0.02238921490583734,-0.40276868208183014,-0.5308988322380939,0.17881796193671495,0.510436856584106,-0.5775251611015586,-0.23902235470666167,-0.5237427961845962,0.5105403487634055,0.8849553711081075,0.4939533039117765,0.5082680141542584,0.20354152040775686,-0.2254501880350035,-0.04473313362083697,-0.24868554190170533,-0.7865135564538666,0.4466069264097462,-0.6862421427896488,-0.7191236933581198,-0.38562921132438044,-0.2953434848505654,-0.718477712816211,-0.6868330627653887,-0.7550114618542254,0.2986207377402177,0.2531159915586354,-0.2934792856202295
0.9275350609099844,0.9618165886074099,-0.8984332176451655,-0.873351703526535,-0.0903727860711332,0.23311267951786552,-0.8685396943302202,0.38090383791108895,0.5088374501991051,-0.038415605859537294,-0.6888370620209872,-0.32767324016829646,-0.690411526768401,0.5362499288996823,0.3552290856285709,-0.912644131920678,-0.2274936335835489,-0.4792592276289811,0.3650511536820735,0.35630901940444226,-0.45877684463816637,0.4475298640192531,-0.8321446321499799,0.014569081624706826,-0.015178393410406832,0.7975483548983944,-0.40639686464065017,-0.2776466359638552,-0.08836821039758536,-0.7656123669402277,-0.06008939220439724,-0.9733639159079992,0.2770485099580795,-0.4233838328929085,-0.47971540641213517,0.2634752345365927,-0.9999518640658249,0.9954344391842773,-0.6152415732423373,-0.053433464090892446,-0.2871093311018993,0.8071728966817056,0.35500839787587735,0.9172613230211901,0.0002763111040287036,0.5376497557454745,-0.41762984660644276,-0.9661016227683572,-0.7153450438878886,0.5654852534359347,0.015249624881502832,0.9121004549004439,-0.44958942243124356,-0.8660276322601679,-0.3888953454678896,-0.5562332154973217,-0.12905142105344652,-0.2487510651973539,-0.6084273587903157,0.9372740442597483,0.9323863387938134,-0.16773246332454939,0.061895785052878516,-0.005254020090293299
-0.7576127886987873,-0.17817455648501546,0.15616743652816356,0.056748885897890844,0.319949078433142,-0.09012022128564845,-0.8125368020736967,-0.7836764178199032,-0.9784748016864748,0.10757018659992812,0.1297461309546235,0.3131592852326279,-0.9533637280158025,0.19542452030230373,0.1024728812196069,0.8154310637712354,0.47614840961177296,-0.1084510301683963,0.7816169643791158,0.8306394605100125,0.03096137725472406,-0.3350425918694675,0.341272778740245,-0.24217572223152528,0.3893429397152346,0.5943812830464046,-0.7518582401938492,0.17284258145807585,-0.8240041432488976,-0.725109373028183,0.14369804315813384,0.7114203935616028,0.7585339877771167,-0.22813746646396227,-0.1435863557238113,-1.0829904090875513,-0.13656956585651603,-0.44940972255285483,-0.5557725380592371,-0.12286931672229295,0.026093371156298062,0.3189779166355733,0.7101280671341574,-0.725607344093536,0.9935509380063323,0.7760868820321656,0.26025107795250224,-0.8381557491618774,-0.491916352657058,0.812697517957224,-0.5326735532117672,-0.3345755065483367,0.26005273961057807,-0.10749126966786271,-0.5333006324485383,0.7368220715520257,-0.6705454656216798,0.9698612582976058,0.0019097357815445193,0.6605672856080937,-0.9871893569271566,-0.7742563959821736,0.5593862571434045,0.29669093968165405
-0.32639215237634756,-0.6438375886041225,0.3763869425732906,-0.9466513344710992,-0.5764114488896921,0.09466674566021349,-0.21173630369931828,0.8935972336010121,0.58337921092188,-0.8591071037300742,-0.09357314140990747,0.5646169590542893,0.9681169903574354,-0.8717611905550837,-0.19865381479479854,-0.38374408912263913,0.18030783615584922,-0.02324042697743489,0.6051997491957344,-0.8714011290909767,0.057430505018399414,-0.16051165143753132,-0.5082273753933744,-0.9398481451627279,-0.9432926256765538,-0.7658208714742831,-0.6746816786142094,-0.6556841241930047,-0.5815320741843251,0.22090459508738736,-0.5034353354015102,-0.7879888875348477,-0.7805671588669141,-0.1273027270649938,0.8057611374092435,-0.38280913787074944,0.643481570586502,-0.5592483463228473,0.325800344580476,-0.47713150834121554,-0.029092104380624706,0.5477331627428534,0.15287988752727344,-0.552596009545878,-0.4438537319485236,-0.3680512176469768,-0.9946835122868456,-0.008187588649516853,-0.5172492680053977,0.2886460015424095,-0.7122598711036139,-0.597197266293463,0.34822400119896435,-0.8573034665835495,0.3781719698703119,-0.31267327922076005,-0.8818423003524392,0.8003712244012677,0.7309575450880323,0.2059219430524002,0.3908523521089309,-0.3703337571008052,0.3708668817847047,-0.7359009411409831
0.24901059173594575,-0.6508809998340874,0.780256608116271,-0.711487755898899,0.9847661353480905,-0.3714197729269051,0.41429798737047774,0.653675494912265,0.24404926246719527,-0.8344875795968463,-0.8995927300281794,-0.6851223059580034,0.0024172251335030648,-0.3955333770066021,0.09878756216229756,-0.4725149730593754,0.2433805623806915,0.02599619413946294,0.6051144937141146,0.8251020503610085,0.9442757781521662,-0.3593385915821121,0.7622453534551707,0.8569188091885229,0.27205084497835763,-0.20811907555870035,0.12865988241219883,0.455139997071186,-0.8062421684656103,-0.7081908956419714,-0.7947765094812662,-0.2761245648956303,0.06426275068862775,-0.28820448950494826,0.9878968645536894,0.7021526065823915,0.41152836884098654,0.48480465089999836,-0.4998532330484151,-0.6047501695605648,-0.7417576678880844,-0.7843886041349669,0.38009861039623916,-0.10951029678482826,-0.8262390316626516,-0.0813444981307383,0.506074794641322,-0.6236560845847847,-0.8732712269664791,-0.7883928605067696,0.04204916376186696,0.22042193541633237,-0.20860024591317905,0.25872517377116,0.9656514375908347,0.4870912803128913,-0.7179497133384136,0.5656965257845294,-0.6745332340615113,-0.5689011407382922,-0.8243530871882394,-0.390193293411645,0.6829441151365965,-0.9801098564116515
-0.5186901802489465,0.25946403920722205,0.14991331174669842,-0.14493777175979394,0.7865804658624866,-0.31532538117375086,0.3308705520994586,0.845612248885685,-0.055624463802628865,0.7881719998650956,0.5592361399628489,0.9716014243130413,0.2122807710078456,0.9625047676868237,0.9123668504651019,-0.6541943114427002,0.8723003480432934,-0.37268076631421354,-0.8692697201457038,-0.1145581991206886,0.03715645041284965,0.28368474221369655,-0.5819978617805577,-0.7489690797544204,0.10076041624255527,0.039748552465582954,0.29862585372495043,-0.30693604746564124,-0.4041533971490894,-0.8053970655727674,-0.8740539239359357,0.6025351588445198,0.40074737356940715,-0.9831154932993698,0.5972572352042145,-0.3359013280385015,0.8298453483815011,0.4612975501370653,0.7238282931262052,0.4561834913638365,0.18781438193666955,-0.9470842539659543,-0.9608971786782894,0.20903746074660923,-0.307903013672276,0.34787981591814,0.8513146783586889,-0.27575311487801074,0.09061182244804414,0.043623317049048094,0.20790200642769952,0.8564293076405498,-0.740376627127872,0.6476035903124946,0.2437201253279544,-0.5029715712060645,-0.8518706623080112,0.7226809453704788,0.10591557557488951,0.3807690066386493,0.07868378449577662,0.8769383571749008,-0.6858504008892068,-0.47601354817954555
-0.5449465193704285,0.9665776556476731,0.9700536326900682,0.6998276677337736,0.7797690841436613,-0.14860816580792835,-0.4097783648701392,-0.43218468094736084,-0.2652373017412417,-0.35032757213061183,0.35883284206925237,-0.7014246101463515,-0.3752271102237421,0.8119904371739954,-0.29764334269335935,-0.9478669823988946,0.7461018566779694,-0.271756896623766,-0.513007339230322,-0.3219728556102768,0.5798561368379906,-0.44005235892524586,0.6386230026634698,-0.45058499351046155,0.6936818917981993,-0.7780342783570577,0.7624731171880614,0.033969793368413825,0.8114595766150523,-0.5466742668658124,0.6542077014899057,0.28016068044790576,0.8297756943300749,0.764450417234817,0.05449371656677959,-0.0657584608446582,-0.9830056155072313,-0.7053474953221359,0.4576973120170018,-0.380959990163755,-0.6774814098439537,0.5801707177941011,-0.6487838485568029,0.8845383978150192,0.2302816964470688,0.40150562030651304,-0.09327781272764124,0.8833477742828526,0.45816923301124524,-0.42286939344327035,-0.6057861263272981,0.4883816028829273,0.09948774763561663,0.9894391295330689,-0.2964335120118684,-0.3709428206215133,-0.38711933102147045,-0.5923812540886291,-0.9702888123919315,0.2878550328270988,-0.05061010817379907,0.1485942527512436,-0.017953162488010044,-0.8207258945140163
-0.376892232920675,0.27796911140922664,0.34807387972483395,0.5098435345037855,0.05958474279037307,0.3124843052924755,0.14542726023854602,0.8492935517073261,-0.8088313020855535,-0.4990213126371079,0.3290751358987758,-0.5579437305116333,-0.16882885049898744,-0.42528421141290473,-0.6661057363041889,0.636386486632333,-0.356653010625521,-0.5472438280761207,0.05137940691235876,0.3230376418909766,-0.43648867754578613,-0.5180298414033977,0.567641931730718,0.6378598906776545,0.40374677871053444,0.5882325807372493,0.09345046513034405,-0.9896658275027252,-0.6437027427644555,-0.8836888174365414,0.11997583474109841,-0.1625510247052755,0.023969538790051148,1.128847257781162,0.29077121619158963,0.7199488694284408,-0.9127884141717508,0.538855395202845,0.10401952673483894,-0.665115363245443,0.571257091483838,-0.183338793475883,0.017318398164380744,0.19843791659695253,0.2355264630179712,0.5861338398961293,-0.07788090767484102,-0.40176775125428854,0.05926338451271507,-0.9429601708487776,-0.7962912985564363,-0.11968104706829519,-0.6957409890922994,0.5200664348253075,0.22921333432905566,0.6603515133546554,-0.9604033992708825,0.41531862738812997,-0.5963232311696405,0.7040609640023903,-0.4923317531130509,-0.6995884731257243,0.9411665355352661,0.3429280524404865
0.5127017238463698,-0.008679283418501882,-0.824934120544558,-0.332779138351847,-0.7537736977009268,0.387077215955113,0.9398065123620318,0.832570803518307,-0.36256607576208144,0.7450803778579467,-0.27918838022465287,0.6261913370757048,0.1746584780056326,-0.20016210897646958,-7.039593783075837e-05,0.2408107966687707,-0.8103413787597815,0.5288613343027109,-0.8553169498819577,-0.22626755354771233,0.9043211341393342,-0.10510887053253826,-0.7839863927519816,-0.7115192275768598,-0.8885014977311692,0.9616729829319248,0.34489526845171103,-0.10033689079604158,-0.6776272827533392,-0.8993914789931183,-0.4604720900796322,0.9970744210523848,0.02325561033740553,0.22195636345543357,0.4646697602374056,-0.9170874698428788,0.8786522643474128,-0.5779967875150549,0.5867539558455996,-0.6404729281756503,0.9708118646894706,0.5047988417540406,0.6274398401552228,0.9118894588339348,-0.07518784068375739,-0.5480916194975807,0.6461650850429348,-0.8282284393437613,-0.13627148817185075,-0.8719711722229107,-0.7811682222695959,-0.8142897910527036,-0.3358111454486026,-0.11697104601397168,0.9694656765745324,-0.1543135569579197,-0.2579687440467622,0.19368946742260817,-0.8324620176827202,0.8390306699455179,0.7143233152481542,0.40962543958915276,-0.8346146564459753,0.864224063346674
0.1685568305142069,0.5297633713881782,0.5654478639258018,-0.7496099026396095,-0.03413197387624356,0.671240133393227,-0.5060219132725674,0.996301531321039,-0.9945674025139972,-0.6919870342305092,-0.6055371922997381,-0.6460045785812882,-0.25576005054554707,0.5279192868950624,0.017413559723108873,-0.4811097662282391,-0.8891893848757322,-0.4347032490470187,-0.5936765368756189,0.9055093295147805,0.6218123389134308,-0.30153072044588947,-0.7684899865451669,0.847278574556668,-0.1904115175131187,-0.3761660319230402,-0.23552289076689137,0.30362576342446834,0.2571587732417817,-0.7639296448981685,-0.34063132990891654,0.4747717681224366,-0.2202824018521492,0.3234317383111651,-0.3042262797468265,-0.7793046201294145,-0.6732369274931269,-0.4723882928025094,-0.06018658532627974,-0.9827344328061367,-0.32185700635762315,-0.5175525483138435,0.9357321413916022,-0.0782341940126614,-0.4129359754974906,-0.7517543950991665,-0.062351900134636026,0.8882073482477846,0.585274169976221,-0.8665227202970971,0.8350089979121953,-0.05747623097019683,0.7865572323247758,0.16922159754250132,-0.9114107984203021,-0.5148878804545549,-0.8712349987849903,0.2033696020508972,0.4526182619926189,-0.39071953237510737,0.23234902071303543,0.2789642609945846,0.6387349578849717,-0.6038931233014548
0.003721127497054555,0.7977821060464689,0.9128858488504821,-0.953811065633615,0.9016729760434219,-0.45580164900939657,0.27678784664321787,0.898574333477504,-0.3847332229255853,-0.6555291704713042,-0.9811227187236362,0.21620686928417254,0.18409370983441997,0.5851816182196516,-0.014351199067290654,-0.9270213851324174,0.045147983756195664,0.8552185910271384,-0.4016774500690994,-0.20898352764207662,-0.28030720450758984,-0.921342298567581,0.9239958600999452,0.824967397647183,0.5251024615333171,-0.7128981568354678,-0.6228798574679348,-0.9030774768166052,-0.5228105206616189,-0.9428981406488874,-0.33907762419436116,0.038684952455809496,0.4469357045418998,0.9228970755378751,0.9519465387311596,-0.5952386079797771,0.020149558509634735,0.07453566954615898,0.3595469317713258,0.2667481403261134,0.018841900731817462,-0.5627520958429733,0.4227681813677958,0.8391627181139658,0.36088388738607424,-1.0780551165247565,0.2889635828959589,-0.10640960526340404,-0.8654240042903587,0.8046240908941422,0.28340594992318624,0.4814100183087787,0.8180028190845863,0.5537166975290557,0.4670260231320345,-0.7819152962800815,-0.7417993482561593,-0.5720160681846704,-0.2077108114225068,0.6598934672502195,0.5208814038648737,-0.9298535223370503,-0.2843211047294436,0.8584613999944086
0.5024268863552893,0.00848198365277053,0.6699752197496449,0.5338635868484429,0.49044999058800215,-0.6461565506081863,-0.7274118636465223,0.7876332430992252,-0.45456168263762486,0.4095221664475017,0.6204143335198784,-0.48980648466854393,-0.016109500717514713,0.4279451042439084,-0.8181362691713072,-0.07447101174818149,-0.7560270583623896,0.7419437365844872,-0.9693254566983318,0.2512648341088204,-0.02655051376639722,-0.3871927311020882,-0.19911370952186536,-0.34759098218715745,0.15856909537186836,-0.24861592528865661,-0.6828582876335025,0.6095555322927133,0.5069091748542047,-0.700781549771893,0.39877518299402426,-0.5776035374850665,0.3121714324823148,0.7476905962579765,0.600852046733436,0.4798120304172364,0.7626424133652323,-0.0704415412085051,-0.21201057881162289,0.9518334127898047,0.18451164843562773,-0.6288624012161879,0.9738562290250803,-0.9237610667663685,0.3798675046268698,-0.6494580512014403,0.8752753593047089,-0.9312527032345967,-0.9533528888120197,0.20255944515900248,0.3100989850227558,-0.21181423335532495,-0.7042731175677357,-0.8562495099264789,0.05248452705051965,-0.490372454178019,0.6070082604714941,-0.3443000144016344,-0.35584767358028935,-0.7988683338947644,0.3444352579895875,0.9843465980074078,0.7101677285530708,-0.038658627294197556
-0.13723797437472762,0.3292249463348824,0.260216449302094,0.3847440510599113,0.3270945316848566,0.2809851178603897,-0.35103875483177505,0.7251250167313725,0.459181548211727,-0.33584673460147463,0.5602858998198228,-0.13791929861397612,-0.7815434076451706,0.5487670174232575,0.7530875187596671,-0.24708509153229485,-0.6113604259307834,-0.7657782104095774,-0.0013033776823550003,-0.3671843806858712,-1.131752457066457,0.08089484937079705,0.4696646204364934,0.9137158936542387,0.725987631999379,-0.4319292072147334,0.030835247931364496,0.18297153209395423,0.5859587937902653,0.5543424676542041,0.6418141193282341,0.07526127558586992,0.18788817255646784,0.09089316549929238,0.2738522288615415,-0.2660986289083751,-0.25492161234726596,-0.36949119778723727,-0.5553990394710482,-0.3907809309344381,-0.20470404321295232,0.8635084175442482,0.21492524849837147,0.9757134001966885,0.3736258284802494,0.9386959931344092,0.4448471572517727,-0.9332144503240478,0.8700876486536071,0.9838237562575105,0.9971484991140964,-0.39182670679069553,-0.1985662739756222,-0.05979156903610083,0.7114987417590721,0.5460718681421568,0.9370886482728524,0.7721653045771621,-0.168291859438651,-0.5667217479704603,-0.8827002064855163,-0.9770112031147975,0.8916028481591547,0.8856071848995466
0.2290705165450575,0.5511292078863754,0.3463697961732892,0.7045870464698356,-0.5373032228601891,-0.22434772483938925,0.8895229789050141,-0.12177174472710295,-0.7500434020114028,0.9060204161342877,0.3978063014244064,-0.9612046198905511,0.22553087335834698,0.2204544703594915,0.8842047976130107,0.7404233863578698,-0.513648949787773,0.04145026461138146,-0.7240699824080021,-0.8671808232697225,0.7863613804947787,0.2538375831872186,0.25554526515279763,0.42059936559235855,-0.7056509798146411,0.8192261425655336,0.9839897911467899,0.6490417745633087,0.8109616429254392,0.4232870178773893,-0.4132117902031631,0.5853644954380017,0.08148833631580854,0.22114694324682738,0.8262385372702314,0.29275111379760643,0.6126677630729551,0.9297615738756932,0.4932908166798655,0.299390275532061,-0.9384514459563902,-0.6676240956467177,0.5189716712758843,-0.1666736518740246,-0.48597864949575187,-0.7555844895298987,-0.5951691595110604,-0.7671591236153514,0.7242868021805802,-0.5765380403687479,0.90066725415083,-0.07920512320578665,0.3406428913303945,0.0679681231572693,-0.5421107121316311,0.6155555727243789,-0.3017581140820351,-0.028087288842558067,-0.6962588442459128,-0.4919747791309623,-0.4144991488972696,0.048084282270255324,-0.36493105376784585,0.03273652929865667
-0.05945274753530275,-0.5633910636835808,-0.6951914137945041,-0.882986385026217,0.4938871801515867,0.61150526693122,0.7020980069409051,-0.055419011489998615,0.6134726172359297,-0.7370814454428662,0.31600201938764294,-0.8909511918884692,0.4241033096889959,0.5962395022544238,-0.6411247562570941,-0.2668882258301515,0.9591525158761689,-0.7078480875758377,-0.6491692517093675,-0.3945744116474146,0.09035128068185272,0.3971214809886911,-0.10391275998125016,0.895261191615152,0.35479226076759995,0.1622834787830938,-0.5150029629823112,0.8919564109525738,0.13423776935918696,-0.24084212841176322,-0.597642829448366,0.4528579542740059,0.9111299088101701,-0.16895478093600658,0.8397720244086968,-0.9100836817865038,0.44335222230921134,0.4606631322185166,-0.1863057307785907,-0.3603174050289669,0.3013073132557129,0.5528433066607561,-0.5513094560362419,-0.7778060335870365,-0.39585759222105144,-0.2367591406654077,-0.2773095002586894,-0.41544397754822193,-0.07867069348405353,-0.34484694810967187,-0.2943329856980059,0.2685828653093021,0.6886113602248449,-0.6789340864457005,-0.3856846723329814,0.7733042218110036,0.3219119050457988,0.9729817342854431,0.5466138526744191,-0.05980912705708996,-0.20058518771450662,0.8053960792712354,0.9737802101321595,0.5408614655506967
-0.3731742440914285,0.04672537713579583,0.5037410311176032,0.5491355045048627,-0.11191859911315971,0.34568409421255564,-0.024722414066564946,0.00455270303711619,-0.4576698703690756,0.23059766772443147,0.8974083927155023,-0.7663620457139033,-0.3671247463368329,-0.1743696074751644,0.6153271235336968,-0.6137369697326169,-0.36892124535165083,0.4934723402756895,-0.6072375097646923,0.6956568593361676,0.6399028818496617,0.5633767293821701,0.6502878486675066,0.8273484695258995,-0.21718377115452858,-0.17827197396632144,0.3472977157740307,-0.42928618697496246,-0.18495917176479093,-0.8149122609891011,0.3501947808654915,-0.4545405654798218,0.7254863933938662,0.8018295647690141,0.07219609599069199,0.3988727607226792,0.9941702642300267,-0.7257082968323725,-0.42712335450706207,-0.4539361520202361,-0.904099420322446,0.8531913419333481,0.4242205562796397,0.9455015430700864,0.25738637966063505,0.002455189073291425,0.6729567688391658,0.392952514177102,0.9610215438356557,0.5046327326714513,0.06144061875192075,0.35411796249246197,0.06283285146441342,0.2149108292602806,0.4798310800377015,-0.13596921129792983,0.474504904066654,0.20216034625060603,0.16206505389492687,0.8489961244597939,-0.0006598994920195,-0.28778654184856456,-0.004927308775645178,-0.20127431218769765
-0.3084348846918228,0.5443726952964436,0.3702925022702457,0.5365455763766351,-0.6733491335866264,0.5188386887431387,-0.16614809359048088,0.10727650198084948,0.4340920031636012,0.3175855409955448,0.7579020708581168,-0.8395422782882471,0.12574597199217963,0.6155337485241379,0.7922442905022895,0.9793070584004149,-0.7339312095064681,-0.3821022318286476,0.0009089587546347033,0.4017587311224944,0.29019892587165197,-0.5031366394883777,0.002866708146541219,-0.24103320992039934,-0.5031635125082723,-0.5041940943462073,0.7311260047464057,-0.539842566567736,-0.46668732192350704,0.868008419725318,0.3626545234627092,-0.3087514252801977,-0.39134868795604505,0.04983507525792508,0.8121128812945435,0.2964269659281231,0.022149895911184547,-0.49256049883258357,0.9931597382082149,-0.30203146257223,0.4045868045693539,0.08301182134799001,-0.94961738189384,-0.7051785765135279,-0.1745200516813974,-0.637601882098511,0.4188782387400547,0.15324703860951772,0.9540434536893339,-0.8023118455846028,0.6165307440730916,0.7146450725224367,-0.2730881145563939,0.5880399639233149,0.8264504774418426,0.5764061309567154,0.9849303541202044,0.712160188928769,0.48062275030338464,-0.46513574212717973,-0.3031837793240939,-0.013513238010936401,0.19514514754304368,-0.7773830969888094
-0.332666239880777,-0.20292978107323179,-0.6106690304233025,0.07838051070289653,-0.7427143833021164,0.4301898843187528,-0.14074543600948575,-0.9846374217826526,0.2830239549899718,0.3498273711147786,0.06690872016918847,-0.02994920684290725,0.12119274075950792,0.19690163271417593,-0.7336048755661446,0.5836959906300845,-0.9278606638921214,0.06858185087491253,0.14812970508890055,0.9262549404121374,-0.4702272604967067,0.739499511243976,0.045578197354380734,0.12404713145157253,0.5646048358997198,-0.9911579395042247,0.23824859284450922,0.8454409026463324,0.6244266143417135,0.658665889624944,-0.34824785331723795,-0.12741272831309347,0.5938872059907976,0.6825545475297721,0.4184260424285142,-0.8750128176129199,0.2669967908732831,0.713760141530271,0.12643208542832607,0.192304984648908,0.9512387519669354,0.6526295397709749,0.974370763726101,0.2824596771457193,0.6333744627193327,0.698651497613775,0.4313933224106101,0.168207811634425,0.7860914672837871,-0.6008430926078976,0.27914501814346354,-0.3527809494754739,-0.008528033062331852,0.45384628949084016,-0.7866040665688563,-0.6350487225106132,-0.37288629553550634,0.695981753252225,0.11907627160865308,0.7175616214016411,-0.20013601722384378,-0.8885067274441216,0.8636224691529282,-0.29564398793005475
-0.3996789477528959,-0.7688822334844538,-0.27542071997226913,-0.5569287172615618,-0.48316576962494784,0.6847050451144445,0.056718434494629655,-0.7396639765848672,-0.6248530111923087,-0.8696317053633671,-0.6805567880394148,0.8227914572128585,0.49928967731002327,-0.5668182885198236,0.8325942101688835,0.826170808146039,-0.8941436326023715,-0.8817910476271447,0.08349207664439962,-0.7409588859702492,-0.4710350632784649,-0.6574502609177839,0.21692825677679828,-0.34382175200022913,-0.8402879600957343,-0.33588741126292754,0.686671929117888,0.46377020896562193,0.22163328363869872,0.4081511164438054,0.12128315788608912,0.510096060262144,-0.1703769534696271,-0.2301720313056823,-0.10074783288877676,-0.6787616788890536,0.9779110124354664,0.7410027719270176,0.27760514953713566,0.5735488263113371,-0.054913212671656275,-0.49039612855094483,0.24613972008135354,0.07659545233052434,-0.40584495443265456,0.6385930222056573,-0.30748217269604283,-0.2145261574414059,-0.8793822944555441,0.7198331327361773,0.5135009266761668,0.015198138856124643,0.10164648472254689,0.20520372237840823,0.36331892552520206,-0.5287186735962279,-0.755449671109816,0.3792983953617739,0.4196757793942991,-0.7644654753526676,-0.8971088488936954,0.3525206320948976,-0.6754382796390868,-0.08509213087967021
-0.8620837142562225,-0.051430072270481464,-0.19978525175404535,0.465246609708424,0.3684059755029039,0.3309455625010458,-0.48392806429641455,0.7313426786336039,-0.6993364082143569,-0.4069763410246259,0.9044002099943877,0.9460903979753115,-0.3555743902704229,0.6178383797544718,-0.244259885681108,0.5157470755891058,0.47926135084758514,0.12705564318151263,0.9214880494861006,-0.08973712849418103,-0.8757751998949703,-0.2348652762705854,0.802270711781399,0.017273958823962543,-0.35587273495131044,-0.09223808762626762,-0.5988895989365641,-0.6846824135375118,-0.1443192805153089,-0.6352143367308405,0.9853866053740863,-0.17943160893536492,0.7184752116580448,-0.139461075647911,0.4946490201337619,-0.9869512834826251,-0.0526170043784111,0.10754409044024738,0.9334998957329614,-0.8400595541686497,-0.8075876958856207,-0.4729274747244556,0.9871495805066677,0.790655845040054,0.4970823706420522,-0.41351893340926704,0.7668775116926692,0.8686219591673179,0.0034392338252913213,0.35395549103071455,0.4573512615483648,0.6679706344477834,0.32755430639215044,0.5444319433909097,0.4887400739005389,-0.3524455972568836,-0.5938759222756955,-0.06006902183577556,0.47619377574123045,0.351499683509935,-0.011159367840430034,-0.3162382527757013,0.12146862984789672,0.01223490898695001
-0.3447430672659497,0.6013492337364073,-0.7377204139936997,-0.674326597269282,-0.5929654028022389,-0.9855700820288682,0.3289638096781131,-0.04347988388491997,-0.6365741580864519,-0.744985089278996,0.011809718854576712,-0.9538480447931843,0.7514951775349101,0.20758622026735596,-0.5641133827168721,0.612670199976288,-0.531816622802308,0.24937811303949026,0.45183710201854765,-0.03971109783542964,-0.773696795584127,0.39676096336261457,-0.72122111547575,0.14258128860636554,-0.6655046984006914,0.46054385067711556,0.6309828480734112,0.8859661006272592,-0.8111006521957065,-0.5779615273660752,0.7656848525899651,-0.43705777386487044,0.3826712492343647,-0.8241694610692305,-0.0414436566793186,0.4770468331429105,-0.7864080915963438,-0.19403178945190014,-0.8820141687113534,0.7012543220090872,0.04073356783433346,-0.0660070737666325,0.9520316532219,0.4841268127874039,-0.34405805275503765,0.2892434591641635,-0.3193859388917948,0.8809036414177447,-0.5646736726746907,0.644697861392979,0.41731569451245454,-0.7981285188606806,0.5378973108938427,-0.4218692981189873,0.6022249625812117,-0.2671173433588807,0.6738302263380398,-0.49270019000757403,0.09501938448666558,-0.5965128714798649,0.5025605197966327,-0.17954334498510827,-0.34629744317422007,-0.19201755973995743
-0.2475874907743596,0.45173852974551787,-0.6654020113473962,-0.7430457131245494,0.3354426835624724,-0.5647426797735566,-0.13546993706958266,-0.24819182579664711,0.4284451951946373,0.4290194543276302,0.39963229809365575,0.28052591041066544,0.518041310750962,0.3043665924289083,0.3466271183512879,0.827353850076598,-0.6874956914548953,0.6929383667535425,0.4980702500657821,-0.9044833014458333,-0.4648910555992518,-0.3199725820685295,-0.6109216063009848,0.46816002222714337,0.7625286656114898,0.3887505415789936,0.532245972470289,-0.38142724998415223,0.9295510756887078,0.3493779190338091,-0.027226151460134185,0.3411312143230998,0.09964711975084972,0.8792249565560466,-0.3226940143445747,-0.03834235398933629,-0.13766253596108347,0.612781912584494,0.09685063033211594,0.7350023285088647,0.036500155403277335,0.727928008385589,-0.7079827497903439,-0.4563917721904802,-0.8263182217582072,-1.0084717167820012,-0.8351051186860576,-0.7214616309372583,-0.42185093341355984,-0.08355363093833512,-0.8923186937147971,-0.5711087830217232,0.19417569644657084,-0.7912809934876699,0.492363601928381,-0.683892150467057,-0.08436170206535354,0.6529019246837617,-0.17868833953806784,-0.9066601496150157,-0.16983008772387986,-0.8420980435363317,-0.24152732931426946,-0.9529345939237452
-0.6966972573084516,-0.9846674559715203,0.644636766789253,-0.609376627992577,0.23626260470872906,-0.42511037735801227,-0.5163143888800765,-0.5686510453833609,-0.4518495286800257,-0.8583997211004659,0.9473170775035773,-0.04609321325018523,-0.3564758610605514,0.8798487374580652,0.015051333577769777,-0.9560213603713654,-0.5715392860448827,0.38726728654453635,0.12331461336384564,0.3164578659646391,0.6727314536048392,0.7961576692342303,-0.0985772225474848,-0.9855881391840167,0.4552717726393753,-0.6088729970003843,-0.6131879777437639,-0.6955702429868447,0.23352014027354517,-0.44843419807659957,-0.1577618123635418,-0.16385920637271756,0.13111960586294957,0.1664927327112146,0.1762265060770798,0.8688987747194159,0.9061666407303421,-0.7038608995666822,0.3051561853918845,-0.3205894413901247,0.04348860184307246,-0.7001804188033656,0.9907675242365372,-0.17751472626735776,0.9538536942945526,-0.5440757433105337,0.43906072002932794,-0.978447249810052,0.5848960345066065,0.1744002511885785,0.779677936288548,0.08044446277931505,0.8310954579615419,-0.03710408622953876,0.974325277180931,0.398835036841108,0.5770858693374814,-0.7924534116763835,0.33877400369394883,-0.49427818133272927,0.4822047733567858,0.03489646513051148,-0.12304192925678104,-0.8442397505939678
0.3857915705527193,-0.2046218731449283,-0.0961930695113693,-0.36720008980582275,-0.3331092222757819,0.6950521212878038,-0.48224313847543854,0.5322550092934311,-0.10475098943951267,-0.22770993930604821,0.11808927876167963,0.49723047488940497,-0.5692980264811482,0.7564293509786035,0.2109018831035426,0.6891768476787721,-0.3011326754490271,-0.6385474708768473,-0.7337280311057234,-0.27575856397638976,-0.08738570762367526,0.9895299417292756,0.371203341444557,0.6040462037853411,-0.5815436077722425,-0.47567327780111146,-0.9649098148727173,0.10026840017291572,-0.931793688113751,0.5951068401061481,-0.6986118749613583,-0.8876409028366714,0.5426783054540083,0.336383872851443,0.821169525279356,-0.36728315496444375,0.35939597635509024,-0.028582355383306446,0.8198413266652489,-0.33198109472041226,-0.16656510784484113,0.49466102919456145,-0.16564532531633813,-0.7681624936265323,-0.1982550033914261,-0.1668915450766355,-0.37652297786003297,-0.725727019709125,-0.9358405969639392,-0.4689363701181186,0.5329591856931475,0.9321847381480002,-0.8250424006360868,0.6349964149207774,-0.717841038468378,0.6533045048764166,-0.5597600830189515,-0.6538862412816124,-0.03919171684383915,0.9842011235676218,-0.3967328938471356,-0.836387132567084,-0.37426098877055836,0.8168525180510529
0.289123875164897,-0.2752801514411476,-0.9431631528677995,-0.8178083417158741,-0.2688307320675125,-0.7863242156071322,-0.32110441901719633,0.10317040152629642,0.06946413615616076,0.7666910835326963,0.06065047741181109,-0.5127986828583662,-0.82848873347104,-0.23119931908747549,0.3274732232918103,0.9152622037096929,0.5669862819956617,0.058730887973157175,0.9162112632239845,-0.229955881977584,-0.024388001271950843,-0.9146876845251468,0.11839123566452114,-0.5236149262730283,-0.2491025087600538,0.5845278504779257,0.5521487880429328,0.7067599619879334,-0.5901374502937096,-0.6568244547173583,0.5780128887360667,-0.7523272161601546,-0.8152696826703061,0.6180270412491944,0.7360678217971846,-0.15197203661013514,-0.6920872229814483,0.05268773700567353,0.37115723027299263,0.18299063658555048,0.643845977623646,-0.20902577619448462,-0.8815871137053168,0.8101908775224311,0.3260611582123911,-0.6664217712231253,0.23202075092035307,-0.6718999338714058,0.43912733550211414,0.2787630601452362,-0.08940764788737013,0.7821442809373851,-0.7754422331432147,0.7394383930668267,0.07097524666736921,0.9621681716394841,-0.4663788461736696,-0.7255230511315862,-0.7326340060954277,0.06961724414789505,0.9503507383642553,-0.06025693424747053,0.5711015181592354,0.9647755101077133
-0.11484147094017483,-0.6278344628930266,0.4997165230070637,-0.9541048074385681,0.36747372613268836,0.18324086706759624,0.04183077756081621,-0.5206867984809773,-0.44394845860051557,0.9742096001956801,0.7117314575669609,-0.436021174033312,0.8542900014353327,0.3085432216759225,-0.30686473162353733,0.6650081448912251,-0.7731802968358725,0.5594434148723257,0.1690704479228371,-0.3547731024020695,0.2286023599626473,0.7272569200091543,-0.4783197827141972,-0.26661331784939235,0.5080938849399308,0.43696563116832365,0.8971976381432927,-0.3486143649597999,0.5574022186301508,-0.15322766500584617,0.31315319770111905,0.0437915860814293,-0.041391208725026774,0.7592871921966069,0.33709847286752587,0.9690447854429609,0.7073267088174517,-0.6438364875992835,-0.3501810907658156,0.9887188067969908,0.7290388459849593,-0.4566181876770794,0.44723815299252556,-0.32796181541239905,-0.6453160664467072,-0.39692867596144876,-0.18299088267606423,-0.6892328145308033,0.6264413695033177,-0.9749021422062245,-0.007832857763609313,0.8426473715962504,-0.2904995922400335,0.626011832133053,-0.7491298929503183,-0.9267554397253821,-0.8117270790852469,0.42510258272332235,0.10399053956698245,0.40364021371612835,0.4307380800915759,-0.3624470527456962,-0.19533478903604817,-0.2741813673930078
0.7006236867769066,-0.30742969089988503,0.28856375900466236,-0.8569580352296544,-0.5646265148948242,0.49280018668531933,-0.5502868412170348,-0.434925882887751,0.8244848196881434,0.367631306999217,-0.018702551095864495,-0.7355276978555703,-0.09994473561161837,-0.9279342430819675,-0.4026421925277399,0.8739949165309627,-0.30729363800969167,-0.9391878075596736,-0.0035115032110724087,0.7544513589560173,-0.7548141698052786,-0.23888785541525515,0.45319700667497975,-0.1859652185842835,-0.5802540890347634,0.15988116593101864,-0.5833299161638383,-0.47642064639817705,-0.4292819824651748,0.09828156872487126,-0.5583987656830598,0.4061126414554645,0.11014426689938572,-0.8970185629101766,0.7959982214679122,-0.18394746854758592,0.6532681688850928,0.6722947907281458,-0.7266575430587849,0.44947491210065316,-0.33448492024476617,-0.6216400760208252,0.5165019178679711,0.7680108319037962,-0.34055441268730124,0.4068879608381819,-0.2786665607822614,0.32571084364708947,0.18273488319452053,0.513718783775827,0.7318185973835778,0.7860089378078414,-0.7076494797385444,0.21137937351694625,0.46554818145239274,-0.8623258648225249,-0.2576373154739151,0.18983746489581005,-0.46527589052805407,0.7155623998679452,0.028580944821711585,-0.9271540995903209,0.9210381583171501,-0.46478214800373674
-0.8035819159095712,-0.4812651551510856,0.10678674612855454,-0.441101141192509,0.27552018689129243,0.5605755325495163,0.9059112897500066,0.22984278431631622,0.4441234527820328,0.8123764823710045,0.39475825291796496,0.9148135308277876,0.04683787440748444,-0.7582301215203615,0.5106737963636745,0.7766053021294661,0.6939231872446221,-0.5525941966946997,0.7867930772184129,0.49253220075297843,-0.4369846266023256,0.991571636587083,-0.7902809551784808,-0.7019482296450482,0.6300868814773772,0.13978609014486199,-0.798184327610123,-0.5790289929619956,-0.15735564190368634,0.318216437401897,-0.08689562096464165,0.4197583854274003,-0.06478555095998284,-0.5104566539799982,-0.49814056013375696,-0.4452711156651874,0.4995967491237452,-0.6090296649805722,0.30420608547100625,-0.6757684227700347,-0.8541667549750547,0.943633278213085,0.5259827526037315,-0.45812358069426606,0.5080561011107916,-0.9079444267376261,0.8381898086119159,-0.10600146414512834,0.7798765867942334,0.8699229772297796,-0.6036909358645024,0.05180954725770048,0.6579531411033852,0.28337668261394966,0.8580351463847518,0.17563524489117466,-0.113248234909056,-0.9847378136493845,0.576050398159222,-0.7290239881798548,0.4770238970674452,-0.030109714769684326,0.7735099135009336,-0.011073185939441288
0.019655759099021175,0.9470047276310432,-0.6072943110646127,0.3039578484552026,-0.403495640628889,-0.9581267898038381,0.23103585527658188,0.253907925446371,0.18049466132944603,0.31600259352334925,-0.8460274084946551,-0.8088147359875889,-0.2981088542311603,0.21020538449533333,-0.8170594983317281,0.9909623461931933,-0.4375381201071563,-0.06125199820836413,0.019449815287941652,0.16418055532835707,-0.0933775918947084,-0.4945598284812284,-0.28986525224219317,-0.9301692698527504,0.3891507375618757,-0.7797964863354938,-0.7062779258841412,-0.3849223750477577,-0.9661411436944086,-0.8947853939349537,0.8427016904387521,-0.5229403233268304,0.5139659173974769,0.5463429985177976,0.8251079284074763,-0.9513160242558292,-0.16743691048917775,-0.46077147107088723,-0.8844003667888232,0.8459868643023565,-0.6213803622111123,0.4940317845689499,0.26557197226375306,0.6286518026480903,-0.9209992903258135,0.5632316148616048,-0.22282719247659988,-0.34859574762199075,-0.1976750169317636,-0.004517195615363123,-0.9466411090165052,-0.3709322217969051,0.6543994783506757,0.8931336335196367,-0.30040373639178575,-0.10387696848755423,-0.2105524323373551,-0.7681688579255046,0.15450201634030392,0.3457779799468428,0.020959606267627606,-0.8598549079028266,-0.199068452676318,-0.7116999588767301
0.30424551993952675,-0.010949373255833894,0.08308428483559505,0.5002274335751944,-0.1903597555877411,-0.08150849704346141,0.5175620227146911,0.03469130536816789,-0.9038348060959638,0.19877025223919476,-0.6263108308402039,-0.24524713868471215,-0.6164456859361382,0.930207797377067,-0.4104039477358794,0.7491124113878596,0.6667783515145504,-0.7691298595884415,-0.04988990893810255,0.2589842938769862,-0.15398898260435168,0.7222579095362351,0.39811834060525997,0.22486641635748494,0.7090853924308815,-0.04406112692255748,0.9278983660896625,0.5573699108442731,0.9003343493734977,0.2424842822258355,0.6546964408887408,0.7005055212826004,0.8290804130088123,-0.49187566228722734,0.8533579707287493,0.7735173480122428,0.24293690471345797,0.28910997672672223,-0.32420271365577613,-0.6341849651608535,-0.8856170391593243,0.8247770636034948,-0.061388148402515386,-0.23528313397695721,-0.4929567433261062,0.7889492650955379,-0.3922778704094134,0.9569895483573234,0.15216446208097123,-0.493115786213693,0.6796593833466835,-0.34731694357062537,0.5645841430659904,0.037226392943401354,-0.27092451840511345,0.009401878582692369,0.3059730994044736,0.011578598353737757,-0.36638125611602446,0.7809146740744544,0.8647882081431069,0.9158792905665112,0.5139988507349962,-0.9185230184238551
-0.42114742345439127,0.3206604236047539,0.8471788019084738,0.9141506406203597,-0.22708882789551277,0.18039177496682668,0.15398361429192287,0.6352134196062094,-0.7504760411723663,0.8510271979620987,0.7198661577851488,-0.799522749547152,-0.39377203065004873,0.515610226503681,0.08551611535708314,-0.6897152652071132,0.12816601959215257,0.055673604704239876,-0.38348282453294624,-0.3306517991871516,0.7694274404352324,0.06251384940634597,0.8166069266173845,-0.5784138330170825,0.4951601725935382,0.7974320780230197,-0.9751128657801691,0.183933878566249,-0.9279732134032499,0.8966632382186672,-0.35167065036471923,0.5626977390377591,-0.5453477441673824,-0.9140608722448635,0.9597691157095485,-0.380562665270475,0.5051605598112039,0.2747453442715144,0.45576701255655316,0.07230846154178197,0.9233251645164413,-0.009137247957011319,-0.40565106199572143,-0.16696830826342013,0.7183627076601697,0.969188962107701,-0.6236773612831541,0.9137466205614391,0.32255522096190337,0.38235371698981835,-0.055380287480420565,0.289621806773402,-0.20226872489925185,-0.49669413231068016,0.6660414981236493,-0.40548248709620993,-0.18647867755883918,-0.571627046113488,0.13255064678661754,-0.02484911577662574,0.728219368701357,-0.1546841247198416,-0.04166158952598853,0.45916326553708364
0.21848138062207267,-0.6540812831114138,0.808765627177086,0.9599123790297879,0.14599814376440934,-1.0083288742513008,-0.310610812064104,0.29217210065767474,-0.048689893532269046,0.2903948660459654,0.706961185921015,0.4797871371894342,0.7250367685760777,0.7707284899698486,-0.632838459347826,0.9432332309021663,0.34918051940654404,-0.2925871720621751,-0.6275245104143137,-0.019060577637808107,-0.7075657025076583,0.2524262207831589,-0.4988875758433646,-0.1472111176219566,0.7162964933564164,-0.16184036474735986,0.256321867469786,0.35825972583067056,-0.980792971350146,0.35602818793987057,-0.37394916367751363,-0.13150958881445352,-0.4649620802109433,0.9313227421754287,0.10036385505753675,0.281478175646134,-0.003922890508455568,-0.4608720675206004,0.5722224111172751,-0.07718395286355362,0.009551826964438126,0.9670685541230366,-0.6416799847866146,0.39432972718731607,-0.8658288441553665,0.3598934954100703,-0.1553928051430206,0.9254556119963335,-0.4099111298347715,-0.48119255521659376,-0.46858135855592886,0.362920432978469,0.6436492645768397,-0.4937741369879688,0.18674315427795618,-0.10519415078327898,-0.9440838200561161,0.6815003784692848,0.5797378742312911,0.18276083216344285,-0.7826063657418181,-0.31580598835893897,-0.6426602149239327,0.3347844596910179
-0.7336385617138947,-0.7565698332498851,0.7396257065510483,-0.4568330358665673,-0.9592294847254963,-0.8935129664933377,0.5357562002133363,-0.8324158999419138,0.32237708819772737,0.6558383169035342,-0.5245239532572097,0.5992911128144018,0.21162214037259242,0.37239582446088937,-0.7280582599830251,-0.8615554285817624,-0.6532891311070981,-0.8448679959659118,0.2598830301076669,0.6441912360235074,0.8638004802686838,0.9292544390309014,-0.2800641545533913,0.992653726643131,0.5705220318424624,-0.04741608807089115,-0.27622010155071397,-0.275747360156686,-0.4938337339369796,-0.7889520454195869,-0.6908967150956882,0.5972928968650932,-0.376632485704657,0.9296877965701693,-0.3768418180832349,0.9754978464974993,-0.2955915166815448,0.7660784417502007,0.08936761341795402,-0.5051677440495421,-0.6877217287290571,0.7457527118344405,-0.8655437157549479,0.9556861797160014,0.5133431829774258,0.2696540150224067,0.5056776073850835,-0.4164984552706108,0.14147938136735827,-0.3523435470153522,0.7230414347395333,0.0023590655658163318,0.12435150570813724,-0.6646328179184846,-0.007131446441979383,0.3126043195339772,-0.44745611299944876,-0.8441133046076776,-0.5759526150725953,-0.08118552733687445,0.18763344191298992,-0.7114620464821697,0.8502101577285885,0.13926775637259792
0.9888192850321098,0.0477836998568133,0.6571165276207149,-0.7142507145481054,-0.31394659413965376,0.3735146662313866,-0.12134845169705333,-0.8879514216934423,0.2211919893304497,0.9562366557660962,-0.9502642548371574,0.7932618033045384,0.4034077344349509,-0.7447358568763947,-0.8949397101937437,0.8190374607763353,0.6348608919646906,0.04332714357992229,-0.7779738918755212,-0.7895457877243257,0.8748919180612162,-0.6680384162903297,-0.6888343849315504,-0.4630393219887554,0.8512813872034781,-0.473088732842041,-0.9515082373246282,0.5260484838495294,-0.6512965851530728,0.605442091271249,-0.9999622071111767,0.5170863373417816,-0.37151610818986414,0.7240586875675714,0.830700267610061,-0.1501353761274815,-0.5669813850731269,-0.6932029142758955,0.39484926727080993,0.12200388223745762,-0.21763556010005525,-0.6798604384787663,0.4942509904171912,-0.3612736745454901,-0.6054057879271733,-0.3070499966699811,0.21549585875830535,0.5933325837230978,-0.283973345574721,-0.7491043025919597,-0.2372197948788617,-1.1181245687816492,0.686066595606383,0.3590265966281032,0.41753694107282047,-0.5422283965023793,0.889431409415455,0.4904435272038734,0.26762669634064284,-0.2680505362137173,-0.7822307935665602,0.27832564032274076,-0.4306265663760762,-0.16267914026875085
-0.14072786988412633,0.30679514770656313,0.13532883582033284,-0.30550480599871976,0.3588299684413483,-0.45785683775368136,0.9334438095074993,0.26281497378628815,0.32981323280667585,0.12366881116190376,-0.7685827307873112,-0.7629973852577376,0.23310865706061468,-0.7456763737628542,0.6241846129156663,-0.7972852719513546,0.5723801491418077,0.5260152194217311,0.3373941225034749,-0.5805792132354526,-0.30747632490938814,-0.9667947301021599,-0.5201928844293982,-0.6853168735180832,0.5023711887594451,0.9180641965516714,0.0696948871039409,-0.0798987684991268,-0.8556298676531944,-0.21890758692728918,-0.03454662475003101,-0.4902897104654944,0.6467921480422785,-0.7008134209947128,0.665495251267211,-0.04720955491773071,-0.6683776646307016,0.5637427200654741,0.946161331030573,0.18549375902609322,-0.27953781397596744,-0.8849783641097726,0.7259820370623522,-0.477003268168386,-0.9906217377537965,0.7246790584847524,-0.7583311927287075,0.11948973373304206,-0.8408362937003402,0.8610332821923385,0.10905275518694002,0.5307609982533548,-0.2799489228487696,0.5641534242196857,-0.8214682506288393,-0.8011334637111265,0.39811479409993233,-0.8036063934986037,-0.548324347193768,-0.8289241468566213,-0.294054728704092,0.5814014711192352,-0.6915506156000022,0.4570398205304125
-0.9861900910363888,-0.06128536713175037,-0.9775365328790933,-0.2613550440992949,-0.9649483797483471,-0.7154548177248834,-0.0790563585311237,-0.4074125776288795,-0.8583656672106477,-0.5625808271242382,-0.9453612788406498,0.27344690430292085,0.12118714871599345,0.6677616776371513,0.7716868462994608,-0.7788299849838882,-1.2142075567433226,0.26726198676238,-0.5665739034278934,-0.44784264020321984,-0.2209445921082871,0.41011012994119334,0.5745753048375644,0.040438218809153215,-0.5625579864344024,0.8301226211889239,0.08944588498619388,-0.6829142992900645,0.9078753793769678,0.22131460081280463,0.6061486970534986,0.0736050515151192,0.32480710108847344,0.8824958156036444,0.24965351077849368,0.6512874761629641,0.22186597687574183,-0.5374218778935138,0.6210112697730257,0.6526930937056066,0.06502624790417388,0.5543229195658943,0.6081487718166371,0.8287855467230765,-0.831340752047889,0.26349797617688675,0.5253824093709563,0.9023787272248331,0.44427998585388506,0.26596331126751815,-0.32571673141828494,-0.5540591066480163,-0.10301624949422833,-0.8117403396555545,-0.8875840260953429,-0.7071282189941888,0.31726664225819645,0.9696136152179002,0.2754965493004842,-0.07041524183970571,-0.9608854401753872,-0.301138899291721,0.9221414749273305,0.7923272522234885
0.9995238152734345,-0.9225818362607461,0.4379840259457104,0.27491244954805194,0.22372220386060881,-0.502598299345705,-0.2705052061567892,-0.03770423552738911,0.49558844256922546,0.23788394518406442,-0.8954853638739924,0.5226476720444724,-0.7670308543825242,0.25839703732720287,0.8893103124472692,-0.6742953222403858,-0.08668565162848707,0.79164388716995,-0.26524269512172727,-0.8774628590767997,0.31391810787659913,-0.1983304430792341,-0.06895944130827458,-0.055463505700726806,-0.6270844336495214,0.7599444403152453,-0.6982558901493428,-0.5809342912590822,0.4227867341605449,-0.5818663091145848,0.3073175793905003,0.4288183959012981,0.12803885253506153,0.9954685824891296,-0.8055438061705213,0.8983778103285824,-0.19120001775453788,0.7928959064415403,-0.6930755006180822,-0.07902889522254308,-0.06893425785920626,0.35410191351061604,0.05636581357328896,-0.2527883847822996,-0.823205526853455,0.2524592993617438,0.23085602934824045,-0.8529615204570764,0.07208862043801534,-0.8745072037372311,-0.740147051952863,0.7394035231158573,-0.2577097456205977,-0.14644920378833204,0.25522877820699097,0.2240075871342453,-0.05369807516141356,-0.9509185553410837,0.6597539714393912,0.681718808538933,0.1523709370825479,-0.2776728138728364,-0.8512608059986826,-0.945177429618909
