0.9069117387420018,-0.07537168257655746,0.7682838632335347,-0.14435867640455124,0.24940487786208299,-0.26436798002903805,-0.850913209246432,0.8797515942996512,-0.4941796515950021,0.3513456329426974,-0.01031253228162865,-0.22669569304027837,-0.006073527232079767,-0.8148177300805727,0.44524996652028326,-0.9090711419240614,-0.34582826612074724,0.9324151983856966,0.06300984458882282,-0.6312125677963638,-0.06618489746684708,0.42305517520181163,-0.3461964506114905,-0.8722385729295397,0.4715678662562981,0.24378420038883397,-0.2742032780192602,-0.6468101562449557,0.1424271387443543,-0.16039345678625572,-0.4402576598631266,0.8150764190662811,-0.4527169688380204,-0.029066976203814487,-0.9793212511169906,-0.5363010721415467,0.5413169299426781,-0.9897962657762236,-0.6569124716070474,-0.8435310011068247,-0.07649826090262175,0.8926689105937688,0.8328521354617173,-0.17247576508455253,-0.7483577752105115,0.21380169356295498,0.801521992258919,0.2435214310436562,0.0030230823277566377,0.4860576944658767,-0.7703443416480186,-0.20163499061777398,-0.15071999456339324,0.015247757340349777,-0.7554352391447896,-0.19700537485816483,-1.0785316052572513,-0.7651940516941254,-0.3730423713256683,-0.013687657213123261,-0.5710835353726205,0.06460606541143601,0.6514982045078876,0.6314619976346179
-1.0645411791532053,0.12276335502408764,-0.316402665303422,-0.9055337241273531,-0.7238604542297541,-0.08756147785833068,-0.9812173904278787,-0.6873961320602473,0.21302991081454653,-0.7066257844792897,-0.5239535468572378,-0.4942652287827687,-0.7316641294824887,0.43450151217089716,0.024663142929809423,-0.24675073046115426,0.6180334824344101,-0.30300927978855463,-0.16121159232212645,0.5487135053444638,-0.48946387490338683,-0.5220579834360994,-0.7117143935800412,-0.9436393974179595,0.706367952849148,0.5357825037556243,-0.7208698230222319,-0.3892039257603312,-0.25824385823929763,0.8305774441824794,0.7025122895974827,1.066699311119704,0.21702322573060473,0.9905599389131192,0.41958977341435233,-0.8178796864271696,0.34854236937580274,-0.4624703306494917,0.6524916296691403,-0.41490138295990264,0.7521199077408578,-0.460944267647756,0.27191171141058135,-0.5078040646155679,0.015911880618692947,0.2598127568690952,0.6974629673290198,0.4606165740868662,0.4140638792938336,0.3532813141484601,-0.638079034280731,-0.5735484201256908,-0.570778072812538,-0.4644029375285459,-0.3536691312120678,-0.6011789735265567,0.6618920269732997,-0.5175084314728504,-0.22353554885859528,-0.06952961651519196,-0.8762667264237329,0.7851548356550844,0.7761669730906715,-0.5486512350634468
-0.2292279306142857,0.6798481575533128,-0.7881191923115896,0.8264502028995786,0.5318553806851204,0.033704311005743726,0.7972288968893431,0.0278283040961627,-0.7442544345656671,0.48534607229633364,0.7792498918252031,-0.9828404762001135,-0.2900490049927773,0.0735555500832965,-0.4931524911688261,0.12108892558451823,-0.8063813087588064,0.9559980878357099,0.8725810251102348,0.9462834269460318,0.12095080852917078,0.13821559353335355,0.2812050127554728,0.9280655041550327,-0.5421307221126672,0.43787104351657513,-0.4999584834048687,-0.7880766208870107,0.8201683425235455,-0.9347382552657297,-0.5734491748159556,0.9435113932137453,0.9929923686203573,0.5319716123771954,-0.1908718700755614,-0.13617933999712317,-0.7102586721011164,0.466708562454782,-0.5110710663757378,-0.9320484999475834,-0.29744114575463565,-0.6512822877775952,-0.24803561905316096,-0.03467705604872018,-0.3580746863071974,0.9092598124092642,-0.4319249693356653,-0.021783873613119273,-0.6910296465366665,0.8210362462725226,-0.8336520850460982,-0.11498259075466127,-0.9193889741494798,0.04786614652339835,-0.5655442737228685,-0.3345831040568773,-0.6436911107841712,-0.067609355872426,-0.7584348113815949,0.8996211369450418,0.4553066273681843,-0.605562319912114,-0.3431692557202759,0.026237349656075534
0.5327057809365825,-0.3165294317905516,-0.7537653422129287,-0.560136011365354,-0.5165915212587122,0.40350938651975765,0.034612080201384995,0.223770240455194,0.3251361718821436,0.5624234724137189,-0.27028278465921707,0.28602692442506583,0.09088844013761244,0.627631452074292,-0.17163031485086755,-0.0019731331600036928,0.7858352075055153,0.4473057521258153,0.4833173748492894,-0.183572585474146,0.7741095517250227,0.7562968404642736,0.565759052373943,-0.7285065877043071,0.39328823612261465,0.17134729412849836,-0.2465623500747629,-0.6951432265171069,0.728142397140442,-0.390384641183547,-0.4858825541584609,0.3674635857941615,-0.47814736920722867,-0.5966031261053064,0.233386552552326,0.011727463013466277,0.6318091695504651,-0.5812319223086995,0.6797799682650294,-0.18421108026994681,0.6044215564915973,-0.7893501679573318,0.6079404002990381,-0.40516069530087817,0.44235771490674464,-0.009970787898999023,0.6954042047203977,-0.18259418353085843,0.10729725734448636,0.2011910143978628,0.7247530193212359,-0.24690723802137884,0.8018262758994863,-0.5335653603066126,-0.7888753288773978,-0.19554294235366276,-0.6785582474350389,-0.7153710502146884,0.6354391245824091,0.33857117268805603,0.6213539377892368,0.17073791854754128,0.4362873402493399,-0.33807251502741315
-0.7558028489859748,-0.8991642370643784,-0.20755643186236933,-0.6622087073988766,0.15016013374921297,0.39211549043964256,0.7177185912065653,-0.34221278447227754,-0.7026024080316553,-0.8141073798358309,-0.598180950130317,-0.2351166229658935,-0.9693108256587532,0.6418118342707153,0.30128795211072545,0.8918125465559714,0.5855305271573576,0.4677675128861196,-0.1593165264087823,0.9353292011468961,0.798072374864707,0.40342413738519367,-0.89633270719426,-0.48739636960874355,-0.7225413416085928,-0.10383111837179806,0.09013237104411974,0.8235495039565564,-0.8169550382265358,0.030998240124106985,0.7546009350327396,0.8734243211834198,-0.1660593948335276,-0.1607401223454158,0.8381509534021767,0.9137863925805039,0.7365094355888413,0.6508028934637199,-0.8103062653821931,0.5561075264305485,0.874275191500751,-0.29061541557603343,-0.024864280382570714,-0.8270759501442031,-0.5665608252482222,-0.6153123942510812,-0.06472034478398081,0.43095228940003416,-0.8416674389143266,0.8732915061445385,-0.1991265022885767,-0.12385884554032556,-0.7782039034803192,0.37913436086971664,0.5514211844455325,-0.9016332269592005,-0.23717610165076802,-0.1454799015626156,0.15325557643444876,-0.39536178568584524,-0.7636315587112761,0.546150413487431,-0.009961225416815322,-0.6594361320955726
0.6635782381940267,0.5903586083805179,-0.3498594652066722,0.13030290802114253,0.7811010957136328,-0.4545327554961733,0.6983444357668799,-0.8063544776361076,-0.5759451052457885,-0.420655137943883,-0.08751122883956833,0.27358444329309706,0.8565542384682305,0.7401207775192817,-0.14941401676722085,-0.6021043302602233,0.18367930969590734,-0.4847243874557623,-0.6079796806934972,-0.07357837537194892,0.8605661567579428,-0.4336766066878559,-0.8849477054377561,0.2843408470112012,-0.7424217799543429,-1.0118885791448684,-0.6826508875842355,0.4654968927446447,0.5806626454784096,-0.3761756753541259,0.8597502456876236,0.7250849729529814,0.23926710755921748,0.07312331469743144,0.04830649209644067,0.7078399320033616,0.08119444436207021,0.12810693999913722,0.04099132564080654,-0.18883971283865253,0.33946949161066253,0.7205578904859375,0.7509581125778791,-0.496044117768653,-0.3865253776414394,-0.9455357560942381,-0.1068886906393946,0.5512814725761279,0.834828384948143,-0.3117324392347472,-0.7961340749936505,0.2897617724897211,-0.12145828226061761,-0.11387738443581696,-0.7004719402987472,0.10644261415603284,-0.7428894215347341,-0.2621221354596597,0.7247260406317135,-0.5040420492813794,-0.8567760452243713,-0.4611970053800711,0.0742025249883666,-0.42451780036473985
0.6666169333745094,0.18535195228289747,0.5027032600032504,0.5988636967623824,-0.0054394976710687715,0.010411516492221162,0.37820096448503254,0.4235589986898459,-0.6421960244114682,0.0978827051615685,-0.9003155754435386,-0.9173847761330551,-0.510329892505677,-0.03845498510987396,-0.8858190970158855,0.4643455413616442,-0.7594970859933917,-0.0262644694976127,0.7810926369919653,-0.7392647611685775,-0.13417769616380415,-0.6963677193669029,0.17228803628369987,0.477962171602597,-0.6868769350851192,-0.4998914451430448,-0.6063982070463256,0.8040005684952429,-0.666353322254803,-0.4917455659004854,0.019621949372471192,0.25308054037398686,-0.14233768432038896,0.3957169465656095,-0.7307275873071313,0.7959757968865524,0.5180799353478303,-1.0443508123758387,0.6225569246473464,-0.26899785075753035,0.5017776676673654,0.6603150968980476,0.8356372498602904,0.41283187127367826,0.6922179065004235,0.6612725287961423,-0.12090099424332304,0.08234753334080167,-0.41020909715970433,-0.060243727660028515,0.5929532669732756,-0.8907374433495161,1.0504696224471886,-0.3886999223446934,-0.2880195221702788,-0.7172421065894574,-0.118339090479461,-0.11217347836724634,0.5686171470886552,0.741103709732252,0.5478577030218277,0.09408905858260508,-0.27727102200582654,0.36764048656971915
-0.27346938360252376,0.3607146829090702,0.8978998472018642,-0.6091339655166108,0.6444978961846333,-0.09892743389648828,-0.7726544055707959,-0.87710505229489,-0.3556987813294494,0.9502297886972733,-0.05545543336190782,0.4010862833800418,0.9003443457726386,-0.8086417700777534,-0.5324202908508027,-0.4768829155597365,0.8325713655607501,-0.4966890388521479,0.6511104946968967,0.1376775493079989,0.4475895510714051,-0.16576720807420542,0.27700421279993304,-0.6896117110094006,-0.43656231099237197,-0.5795730713959995,-0.9255021127614248,0.9620718075274841,-0.6025640568929699,0.09459260886974685,-0.40834504245681447,0.6853722699803468,0.4248789805297628,-0.6622123641858427,-0.0366283239314813,-0.12200071873030374,-0.13376157443981632,0.6444936128995762,0.1685422534216559,0.9243504302940498,0.2274955827920211,-0.04634635429090861,-0.43666309696560557,0.2623034922964951,0.11553754314554321,-0.11444302859841193,-0.8043913239180094,-0.6462339928346938,-0.8982411722483925,-0.7443511480522003,-0.8343973591745777,-0.5285680914887264,-0.2631277418919058,-0.6860595393577925,0.5824552340602939,0.4824044765069606,-0.9171922739991438,-0.7086186859090986,0.8475167027699961,-0.0325840508950499,0.4747957349545875,-1.04807622840948,-0.48584747373550585,0.5056932620934751
0.594733789443934,0.01652433415242524,0.0990691903497869,-0.6798676839949197,-0.9969559899376801,0.2516729125774444,-0.7873005890146945,0.16809965256969375,-0.4224615866943632,-0.04611142854208605,-0.38336342440999016,0.8208272669718233,-0.7384089580755284,-0.6475616170593339,-0.6641142398638229,-0.35100272269433885,-0.821978513042912,0.9510311339860535,0.0020569069745588475,-0.6566364071498403,-0.38577867037856484,0.9615964462452387,-0.060844203421000165,-0.688054902810125,-0.29330505011852936,1.0470272907569973,-1.0386298643197276,-0.5544717779394539,-0.763772090884182,0.18558804806009932,0.8386412107953638,0.6622257555331171,-0.43807288908844577,-0.9095138323566978,-0.5878542628888016,-0.7124913819599638,0.8722837305495849,0.9905076158164343,-0.10834065553104755,0.31877005475808307,-0.23686236292201435,0.39033873267599106,-0.7361067569609967,0.4759096677165486,-0.6126961185687603,-0.9247749044167022,-0.42708791293298776,-0.2312263751066798,0.6203808599857396,-0.5472955092802954,0.874599262745497,0.18163288806658073,-0.7732340966827933,-0.9975006491404097,-0.738199812444218,-0.4113994767949094,-0.9681891627811934,-0.2244824280516864,0.6399330259840577,0.34825076623798096,0.7950197123067679,-0.7021779525812983,-0.8646106864437458,0.7821036012755458
-0.8095402655315318,0.2057943344636406,-0.6515959277174181,-0.8833402689559673,-0.4523011359654834,-0.3267730944744821,-0.8715629134197633,-0.5424292334669096,0.3812216929696749,-0.8957098647373503,-0.42610660702283343,0.9026651898917607,-0.050871007903852794,-0.8965417419834644,-0.16458780853240706,0.3944716225454092,0.8927845632212377,0.51522157083656,-0.23480625613613682,-0.26650944379339525,-0.2459282846685495,0.6934933414293961,0.6970968078076509,0.4528541314951988,-0.7144494003998649,0.22821152867028793,0.646100819274756,0.42999779258968185,-0.5670629302074868,0.05224033271344081,-0.8756902703337415,-0.09639569680113436,0.9137459227303695,0.035530650204716574,0.02392538229640806,0.7039168401329312,-0.79106773251715,1.1175885801402328,-0.40626587571332906,-0.49367322582715034,0.15292238663652657,0.7309577041457969,1.015639214046857,0.12968363546238337,-0.5065816010171111,0.661062448848097,0.0021998102209113135,0.5049733493066886,0.3798893655708875,-0.3848963028887531,-0.9735689875950849,-0.4283021210711232,0.26596504834175105,0.19122161422451875,0.021624073075050987,0.20926570370720982,0.5001423449183057,0.9684857630843751,0.6544497898512026,-0.06623434340270173,0.08096127215751184,0.864382235949273,0.19845820017096122,0.32601821488181293
-0.03554099093961227,-0.5772708358811759,-0.7068661126470932,-0.03237513022804439,-0.050280574420501045,-0.19194997765949418,0.3977779143672937,0.8795833580435465,-0.8065380962381052,-0.9678304954997585,-0.1534581242844618,-0.3214267194105599,0.32069856450734663,-0.20475619592027683,-0.7562923019940176,0.5103525876139138,0.6239953685747006,0.3266159985558381,-0.3119668279934664,-0.41999822459738057,0.8115896607634292,0.8579744144831687,-0.20156121140769612,0.6294138663555917,-0.5676263325172002,0.5986737975908845,-0.9972034943947392,-0.8080038739738808,0.1642078705449288,-0.44571276900153345,-0.2828293192478353,-0.07908955284658833,-0.7035404309864005,-0.23911184930081109,-0.5439984657612046,-0.3046284056735067,0.7746681514476177,-0.46548424395238996,0.6397862172574866,0.41832296390292645,0.24864380544607476,0.9158744497779574,-0.5767507783032606,0.9509844010426982,0.03127042380923606,-0.3232464274753235,-0.5997072841884812,-0.6401188510689442,-0.9865001636285309,-0.37999151021213395,0.03889106567756673,0.9070917152446114,-0.3630245935801073,0.47873573577786055,0.03296821796304639,0.08154588189316714,0.9764425685067812,-0.19508990400178416,-0.9385638359457898,0.6159097408715366,-0.9601903933575731,0.8614999709492162,0.36233719107867646,-0.16799125422597877
0.5797783003694372,0.892827832874443,0.7542841661967938,0.1890663303076587,1.008256009216306,-0.29352859751309324,0.5199940203175986,0.8979100855937813,-0.2977345427428776,0.76782707116001,-0.07866004160296532,0.5672970025341071,0.7124107005996803,0.5096840861110989,0.38887727747603185,0.7585923155755893,0.6751024798211733,0.08756647020611363,0.5993402252812137,-1.0306495971993213,0.6200805155474194,0.2821616385843979,-0.7928060158351059,-0.7253983238585993,0.1337441746173158,-0.8089540824744484,-0.9200808821007875,0.4081604947643349,0.8568573951714028,-0.2825681095738053,0.6674019454374298,-0.33822918377434164,-0.799288854505507,0.15726846838353764,0.15984813554009794,0.6335426054071704,-0.05490451875757743,0.0025792874256658216,-0.2857984007935725,0.5741881592047313,0.5374457901813194,0.21506518462092866,0.952415028568212,-0.9465931107575014,-0.923777615063665,-0.9338621493740369,-0.6368678594398569,1.0527336731631893,-0.42337157979601536,0.8490766789996107,-0.09208078624715862,-0.9900022208826553,0.750160105998083,0.3123847909879233,0.8258444174944943,0.19778126454466635,-0.3381471764613819,-0.6170860766788857,-0.9946528265771414,0.9476774321080716,-0.23196429512871022,0.7077335020939852,0.3576340915369294,-0.6548033960054972
-0.6972459415453458,0.24830703044791558,0.14487374708056855,0.001525448685933073,0.39620169908271885,0.5762161645836279,-0.4863507589831326,-0.029834105335749372,-0.12176664715298435,0.08872595348785928,0.491794611217377,0.5971564312003478,-0.7505169132481742,-0.5890978225998431,0.4802155901568875,0.2447757123266514,0.9326486694409396,-0.9388210973654509,0.9156065642833537,0.9722072655088714,-0.5943029471082529,0.5503103756093012,0.4249415713920415,-0.02400979242383125,-0.19198787908985115,0.9296507554150363,-0.30091421346462444,0.4687509570731978,0.3509871299000804,-0.6144075961334559,0.46199655650956684,1.0599785825304766,-0.5148552824702337,0.7912164334340697,-0.042859811294371664,-0.9900758240003049,-0.802949451757681,-0.49940084714284616,0.581339475004331,0.8186581489047964,-0.14144772265498629,-0.3735264816979147,0.5113675712959042,0.04640411915876827,-0.7194827390090721,-0.9009453227073847,0.08700381805087358,-0.5050446690398791,0.11974049690425692,-0.7580569912802158,-0.01836246627760274,-0.4818601009103328,0.6361916305501516,-0.21100006008640498,-0.43055646323750524,-0.25799950949829253,-0.4220483670614901,-0.8525119368323786,-0.8726682053428974,-0.38833498793066207,-0.5479129746055701,0.9470296765337295,-0.40919383661122377,0.09579417647809779
0.21060310695948714,-0.9136378191478256,0.4059989785893848,-0.37014627120972055,-0.4961982378824832,0.4615121473039778,-0.34902337412263046,-0.1789646292128697,-0.5221584588147424,-0.09642588702316873,-0.5348014259370253,0.3113192485980245,0.6048641372625403,-0.09305198147585614,-0.2575895569443558,0.34345476785782436,0.22462508105601064,0.7290013044282457,0.79763626404425,0.1846021978618031,-0.04419403159533547,0.29529602648802056,0.20357463391576514,-0.03787572596203126,-0.0009798225534464189,0.7179158073527432,-0.5613794128612264,0.5310390938824171,-0.5852383364022182,-0.059465322962970024,-0.09247073355997851,-0.17838267584958362,-0.5162523117857618,0.1184188828400407,0.7320543590543223,0.7795366721928549,-0.8698058456398132,0.41120053793345457,-0.2987426884701135,-0.5248877163454978,-0.34640583741301556,-0.8880089179433946,-0.6489500095409797,-0.18634314758803683,0.3712298673193397,0.46878147415780586,-0.571928774395287,0.2141393792544115,-0.9014258590733366,0.5307333223716182,-0.8959003821531837,-0.3549703994078679,0.8205239392398973,-0.13651814548588215,-0.12234240839387892,-0.46295248576592885,-0.46589521019594704,-0.6947908148415614,-0.9776112353567128,-0.4500620668482702,-0.8398839490334649,-1.0436482842401453,-0.38332849590472423,-0.6338533636005759
-0.3552734872511869,-0.07607227430205121,-0.25662630405241005,-0.07611556196363148,-0.392650809760938,0.4357790338070282,0.7126231277502393,-0.6722382913143006,-0.14965258036631182,0.780522674308658,-0.41107571287792405,0.02047969377933631,0.4283276444986655,0.993065219818264,0.6999310538001344,0.04289189506506319,0.7528302839216274,-0.6887936522941505,0.4135889742353861,-0.019210604217163807,-0.6630524449749385,0.7770630272930112,0.22938745177048148,0.2544783405906027,-0.7346609820059831,-0.0959208363699862,0.8928737558629389,0.4871130843233651,-0.37843887365231604,0.014495234106933999,0.21639738905143968,0.1913522897848352,-0.30621809254154675,-0.02284840796242711,-0.6703298868249122,-0.3106991767650699,0.5147777465586625,-1.0240531590654012,0.27105799206553555,0.6055223858167667,-0.7056441547547729,-0.5154640154856985,-0.5568765321108351,-0.6933123938531531,-0.10888888028506072,-0.7023676245351337,-0.12056054019685902,-0.554750132014362,-0.479719248100361,0.4804247392180654,0.7862049632199126,-0.23256033904769394,-0.8433087895807799,0.22355210737024644,0.5360507294195355,-0.0027406599543524507,0.6117022696203469,-0.9536940014204716,0.43095799140971813,0.19135812241118377,-0.34478434385799706,-0.7798857890069959,0.01962222405323949,-0.671300266962093
0.5606810975135035,-0.054513100584896224,0.031610935164700704,0.4416134449117206,-0.31187232889492655,0.46112822756636246,0.7925406662937664,-0.16866870869366735,-0.9571760700903809,-0.28150536812044596,0.22662045429429925,-0.8677046659566519,0.03737651824054011,-0.04200042825137702,0.38069144358593365,0.13737244404850713,-0.03700535458683968,0.6156411483789977,-0.3190278003997181,-0.6135329743339197,-0.7789551706951883,-0.6796475100852841,0.7517436640775728,0.801537873160939,0.7511740473339283,0.7258683840985152,-0.23374221021089472,0.3098592167669026,0.4856347705135018,0.9677666840254261,-0.809946768830307,0.5062134493827886,0.8055295175290428,0.431024232846824,0.6998435173988276,-0.352608314781776,-0.5830592042380975,-0.6714197316487179,-0.7727655402126343,-0.5251787904290162,-0.31954888097733924,-0.1649916767454715,-0.3401824889021561,-0.9718907426857484,0.9047121362285553,-0.2658406156700375,0.7870511307483758,0.0695170575766677,0.7659422534965734,0.4999280889648606,0.6963536286814223,-0.8606966549914727,-0.5897204551431858,-0.19385236169450337,-0.8146416866563251,0.4780477770920104,-0.04956470233757582,-0.27882293280721415,0.09845753489069911,-0.7550123325461817,0.06820631852965509,-0.4156985196342025,-0.9796239902888599,-0.5899835844998604
0.5674774081742016,0.20405314031908728,0.5227933986216269,-0.8512675910795653,-0.8598583540418032,-0.8920448712344173,-0.3865502378084167,0.9727910379902744,-0.7932757886201225,-0.9656589975616724,0.5189589867584039,-0.4639401203130087,0.24415616469017984,-0.1335556367335995,-0.6880884210452994,-0.5528245919898114,-0.594408599712874,0.1839323794962884,0.8615179276536078,-0.04643542788168238,-0.22957662744128557,-0.01855674534712276,0.6485665453696416,0.4651607313651072,-0.7875870719670974,0.5014271297809039,-0.9086102594036718,0.9240350274549962,-0.3175829710307713,0.33182787603976793,0.7377153777533714,0.49001253370848186,-0.43337435479703457,-0.6438763559566635,-0.8616317943630141,-0.1965143174014361,-0.8905590507173111,-0.11637627206226742,0.26102877665323687,-0.33151898280848346,0.5423560174253099,-0.7283429902493408,0.0021616210867585472,-0.8086593070895631,0.4063775802803439,-0.38377630290222553,0.011263134812567993,0.8534586672646853,0.6457026932157535,0.44065581452073554,-0.5017369985054021,-0.8214316386769756,-0.5410163508635095,0.25097884483165367,1.0517565178330266,0.9348942308954884,-0.7147180083594322,0.9736533008995099,0.5576752534595538,-0.16583072733902698,0.5630382299575417,-0.21260440872476494,0.8992018157457755,0.8451721692888361
0.7201960517075766,0.9651033139352052,-0.5600195106346153,0.35798796559829926,-1.0068505151378806,-0.508436061616139,-0.7459530424159773,-0.8251841184155226,0.23427642551797767,-0.27369145327828703,-0.24864898581629502,0.7119299980701144,-0.15236592109510938,-0.8801925616592816,0.7032817851749698,-0.17194942887196996,-0.08661798089084138,-0.3541949422630143,-0.6280982135735362,0.9870833688621847,-0.42220843544304354,-0.6237077718492352,-0.7442095915960691,-0.09190730436540806,-0.8400534511831135,-0.8344903259164171,-0.13777452342915097,-0.15050150809127924,-0.8799294341269581,-0.4458789433699696,-0.9208698813184946,-1.0165316406935558,-0.31647296885721043,0.7922342791484076,-0.48462996964862076,-0.7745242214379235,-0.36106637544675935,-0.21018255362439864,-0.044371864880112036,0.4878183691204198,0.5376608860007824,0.6065607920360534,0.6292357587130378,0.14065160982319633,-0.33031358826195545,0.1125811240816735,-0.10634906221515195,0.7673680924370723,-0.4249967435088968,0.40427601787124656,0.013516345725403722,0.5550894173305615,0.7510825492800192,-0.16204870321375697,0.1236426692964594,-0.3996166180922589,-0.39628034269265777,0.2508137445738925,-0.8252501584903964,-0.6228177743589793,0.2295821810773253,-0.9347924104864253,-0.6782760581159242,-0.08174169724084313
0.6583796616718688,-0.0012223505831420733,0.06541070362150947,-0.5034277477574377,-0.9820250438517704,0.16551217870418494,-0.4719021529857357,0.7811543906543261,-0.8826570249488795,-0.41550532809784735,-0.4272963443387259,0.554723724148031,-0.17679388079433322,-0.0879344189803323,-0.1514788396674822,0.5787861240298107,-0.52821369127855,-0.242785740628209,0.9834501008472367,-0.32712281599977655,0.2613674092856304,-0.1587622328871754,0.56893772947262,-0.41097520428407797,-0.3613285041103676,-0.09024002144835178,-0.39042512495114495,-0.11586060783394947,0.21320618802953661,0.689867477756652,0.04484398508336129,-0.678938855482538,-0.017819154156636374,-0.2379081638015799,0.8904959445062373,0.2714144226619828,0.4539865514415422,0.26608256471083513,-0.5655891266111364,0.5219258508403875,-0.2638312491544934,-0.5954696605956733,-0.29190996955446225,-0.7882939141257146,-0.3847690559328867,0.32969893111188153,-0.9011070382187922,-0.3912185222980704,-0.2550801379488099,0.49741170144690644,-0.9165623168022369,-0.92392589917003,0.7532937320126594,-0.18465576501696376,0.6883061770795711,-0.043951275533882034,-0.8946871084513491,-0.8491474241925865,-0.08371186432702607,-0.9006771032524863,-0.5190936351306044,-0.6133711613783964,-0.243057765425899,-0.45324419866637333
-0.6397745717709775,0.6538045183358867,-0.3081126837164483,-0.03388887610040173,-0.16612724057953093,-0.9746951506077581,-0.40370487869362626,0.2708083708218054,-0.07412053238511507,0.2898424540489619,0.2039417887863818,-0.4588794762580767,-0.2785347080152982,-0.5009855999633999,-0.1935901184765254,0.48688483937167615,0.7294267412037829,0.2190160179035506,-0.5228131534624594,-0.4628304393566407,0.27115519600923466,-0.21428833164896943,-0.48019577626788656,0.6683172594833957,-0.5072724752479727,-0.4442560454851378,-0.9170034859722791,-0.8424137400480226,0.8490862460934159,-0.1392970556695179,-0.17976858388985373,0.20518949625177108,-0.23316412038284975,-0.30797869054899984,-0.838607119471394,-0.06020137845519158,0.7612072453564205,-0.8057703423900884,0.7172101927992822,-0.9664360390106894,0.8822719452785076,1.0519767380359841,-0.07512227903189284,0.026214714290427973,0.38391831484588945,-0.456977433254558,0.5561029622835081,0.2316003448409747,0.255905975155803,0.8062223873440575,-0.3383746168110593,0.4266101772198708,-0.6275262179087308,-0.5950824045646654,0.7360749976726411,-0.7944198827778726,-0.08595377495494372,0.20912548076536178,0.5486580147299338,-0.5942676736331678,0.8183967370554239,0.4763542695518681,-0.6102072663674415,-0.8783224212795204
0.47048657382561476,0.40617590502370704,0.5981986639181912,-0.21404688228934596,0.003031337965957004,-0.8544368060779941,-0.07566343159623257,0.8023519503202198,0.6278054338047445,-0.993020201673894,-0.7426462724654376,0.09322846713354543,0.630649847748032,0.9715130178810394,-0.10657960919279263,0.9315055094654185,-0.8903936414943402,0.2514412269298003,0.9116008042850567,-0.38024908997517387,0.8034090015341097,-0.959380478248223,-0.4842042321993294,-0.04618463927361671,0.8561702112572327,0.04070467814217054,-0.5800783236793507,-0.3420763347756436,-0.35012517589946035,-0.38518748140672443,0.8520972353711136,-0.7579744398559749,-0.8011477969079781,0.2518986713347555,-0.30370140909793686,0.5838756266303111,-0.291457448476582,-0.6776772115930771,0.7590197737408231,-0.6404403149173241,-0.6928033813299648,-0.7909064045298678,-0.5489286075137461,-0.6342587286581516,-0.830175189194331,0.17336665474204893,-1.1583776418408347,0.3353764842436258,0.038838401830039615,0.3870284835311415,-0.3425872337822644,0.2952071642341753,0.21309933662145197,-0.1072276477981372,0.22793055684858254,-0.6088311570161669,0.04935295286117847,0.9105477998656455,0.8809407142700802,0.053899465608970853,-0.39765377079361985,-0.8056797027234959,0.35471174336738476,0.4742949001770762
0.11976175798652086,0.7044352123188317,0.1300062631656549,0.27088433403028134,0.04661205230273202,0.08325215679676812,-0.9582977701853188,0.9162354827831819,0.9175064092377047,-0.25965742527688884,-0.6234606235616404,-0.5539617140147981,-0.3654870347807979,-0.5129303997812131,0.8472582545658816,0.30002832813749225,0.32369959719687813,0.5486871021832007,-0.7968867099273637,-0.2691843636663553,0.9113794218859894,0.12466429372454543,-0.36730185768479573,-0.11617306040099745,0.03637015385707687,-0.512991097503501,-0.858881385892015,-0.950660395340106,0.5009770843172886,0.5611749569397146,-0.3073324110073783,0.8708767887464203,0.05383499303963732,-0.4987182133515461,-0.009560531152380536,0.969217190114851,-0.32617995745832595,0.5931579883296209,-0.17676076262514995,0.48662007121409384,-0.4684965628713166,0.6640252977063044,-0.40133723860415227,0.09212026797647163,-0.7901157134185663,0.044478581670608294,-0.3750122416685739,0.36132861315524956,0.1449047735130815,0.46843288749583745,0.06601160337661116,-0.8003318464454164,-0.07737476044588565,-0.6395820268643821,-0.8835432992583677,0.6727515869723115,0.627953304317989,0.4975612685915141,0.8353272489817862,0.6457818728577965,0.812219885321553,0.4815775898925474,-0.9942611930221794,0.012827914645511654
0.30264789133803993,-0.2402625344925713,-0.41520186883177357,0.9559735139653615,-0.5362197996466205,0.12002261541308434,0.4905079829754715,0.5067235128746364,-0.9370333957286945,0.6709664287454753,0.9673599131228292,-0.06749761136079313,-0.5151457237759978,-0.13768855754551995,0.41231763264726884,-0.7618926595940889,-0.6545383870969177,0.5890466298375838,-0.1520836699859449,0.32895006316271386,-0.06207811635485,-0.0008485199684301614,0.0968773018824875,0.46383173851621406,-0.1770357239653284,-0.013165086437356546,-0.7124149794550878,0.41104516330877416,0.6756947706780825,0.8204445710442565,-0.9122813037291759,0.3649403346070643,-0.07172016318801067,-0.5461301940748191,-0.2617113401925373,0.5522891799077558,0.33145058243314335,0.6829611583019343,-0.03771806763990604,-0.009932446486143304,-0.5488394555000988,-0.8638588716955806,0.30299158515435765,0.7940990214728054,0.9414892880391794,-0.6046511870522178,0.9621306637090103,-0.5403743593840732,-0.6067094747984203,-0.028722110620956753,-0.7373219607384529,-0.9351245165635884,0.5987086283013059,0.6871730144596613,-0.47944969750114197,-0.5520292560318991,0.3206012618973013,0.3060679439431615,-0.8193788799631925,0.407063015687386,0.6167713821253762,0.928335595327558,0.37407191959158803,-0.9423597688110088
0.33145740835771825,0.15057299143857028,0.9418116892837978,-0.5323164694787708,-0.25158570343794945,0.8870076024923879,0.8518387430619567,-0.005446231269739421,-0.5780235489778061,-0.582143910153451,0.4036212075198544,0.578177919096309,-0.33809730676432226,0.16844796015878427,0.9016998535830664,-0.056524393459408157,-0.273700774224231,0.23299771136220496,0.309094297886763,0.35535143151409354,0.2362531999688611,0.6264186204018493,-0.13593889217362332,-0.28213847505760303,-0.024912995834966423,0.9561926253100042,0.31724160999533746,0.45657559980816886,0.4913333938924076,-0.7305976909339689,-0.8772433831848407,0.05119438364079132,0.7393915324317959,0.3769094017251691,-0.9006076401221459,0.3914283793115906,0.6477920057082656,-0.21564068289472327,-0.8095565390675099,0.9116574955102392,-0.3800928444837517,0.6014724803436546,0.1719351951062873,-0.008799153199541054,-0.621370847839118,0.5142805343882868,0.9359574180574661,0.5141216041334833,-0.5666674322418901,0.8393630154985976,0.5316400704119861,-0.8004102131177033,0.8975822642707654,0.20576923765504596,-0.9104995440292403,0.38139814690741103,-0.9486774266519447,0.27011380083915065,-0.3024006085832549,0.7548695684555675,-0.7484029549407991,0.946364118572242,0.638562276991314,0.058875168635566764
-0.9599617140738715,0.8025993759126235,0.8748811061448418,-0.6110948086026422,-0.8827448490894223,1.0297891900283416,-0.7038342467783842,0.9590149444814879,-0.5031321670991127,-0.6120736103394134,0.4292955096096858,-0.6507849842137954,0.14327340167274283,-0.811996542597691,-0.21395279393315936,-0.8513146179893655,-0.14168686848369194,0.06406515945296154,-0.31619594654214733,0.7557217339418436,-0.49845237268936066,0.9671097057379281,-0.5290455667555511,-0.6655863523411344,1.0321607201650513,-0.5170068922669305,0.3314253390258286,0.9547846098299131,-0.0964377753805777,0.9068346264954978,0.4309124865071293,-0.7693852961998604,0.5074354922074769,-0.05534189835552028,-0.0269033134765313,0.7039047420164353,-0.5682438640088636,-0.39153663653486565,0.14605562001136846,-0.48943921975445814,-0.36285715143990566,0.5521428343264765,-0.09839517570836723,0.3977662657784571,-0.6264457419429319,-0.2373048550532136,0.06516499094347124,-0.5338122090157986,-0.9048193201256549,-0.9140640152254677,0.11921572222982801,0.5965488946402344,0.2600121220141192,-0.18158374701881996,-0.9887615148003187,-0.855697472680464,-0.3459074312346665,0.654697240216084,-0.20472932766989693,0.532945571281769,-0.4041429129137797,0.48676675782318996,0.39125458032414,0.890210142206032
0.3166425540385762,0.6607062551935637,-0.13083660761573634,0.8622524281322412,0.9099023049369139,0.6788785336179188,0.49693254632377165,0.11056479396438597,0.4468467406480252,-0.9321677388513991,0.5800262034554978,0.6578955240106097,0.6408717635473206,0.2801340443272986,-0.6183695116466583,-0.6540018463265282,-0.8329569783453357,-0.7364612362495251,-0.9826980945139225,-0.9425018764726666,-0.7135552450712386,-0.354837714009697,0.8570076764193172,-0.49991924149947486,0.05645283691816383,-0.9515381738251197,-0.7663086615487726,-0.1171220345224433,-0.8278525005649504,-0.9241795834730209,0.13284355819267057,0.18914140596662432,0.5242479610880177,-0.7093331474561614,0.8076603739677062,-0.9722688351915678,-0.8789250284244503,-0.09424809813648705,0.767738339379384,0.674074070785216,0.5954288253896742,-0.749314272621008,0.09093496256690736,0.7003155979911516,0.8094311721257101,0.5425817048015604,0.09655140786148841,-0.29748822499581773,-0.8923910482361714,0.0002454242140537133,-0.9915707270472283,0.15226699280992056,0.4527075302232597,0.4602989002251458,0.9187652053440897,-0.7960096414907016,-0.33859053436971903,0.4783443224725088,0.21495356713131364,0.738125741582653,-0.7188941845551342,-0.8717646037077605,0.559512890580149,-0.7438236928119568
-0.8385039836878989,0.14890618349427964,-0.6200613527161533,-0.38229119927210076,0.6077922293701719,0.9744434683471987,-0.681300072193289,-0.018457303740645095,0.5513081069974001,0.5064113036179427,-0.697587324660351,-0.383136094030212,-0.21096375274082668,-0.32487037094881877,0.3750326918179854,-0.5390132895444855,0.5181164059662067,0.9518289570642466,-0.6248063463684406,-0.5787737604334191,0.04736143366746241,-0.02878199012611358,0.0741005575175839,-0.18436175519039466,0.8618396243948965,-0.3283149201844664,-0.412968627867324,-0.042768516628450826,0.9030455656415917,0.194460765089291,-0.21723890856450948,0.05310116622766414,0.9616006184740604,-0.23536392395059527,-0.706464944905161,0.6904409753181374,0.4394251449599176,0.22065096311704502,-0.5422404032750463,0.8702614116705554,-0.3557547776047165,0.9425316947277811,0.945707594868991,0.1451631562221798,0.6305358537669792,0.4211712869364562,-0.8970809475299824,-0.7210731339228287,0.3102125893587895,-0.40822860419456286,0.592488948892669,0.2585305499059084,-0.2589089217817791,-0.8784113113029774,-0.5856943984715952,-0.8687617825754641,-0.9943427260456157,-0.4696987012926608,-0.1740888435814718,0.6690986020804323,0.2681899462539101,-0.7407369378909621,0.2907411993655262,-0.7745103824012423
0.6925964324649274,0.6088110600765915,-0.4957586188452896,0.11330855798659356,0.9322530176700929,-0.11577406567272885,0.33497493737345074,-0.5549509478014507,0.21092467807659354,-0.544926447673617,0.578743286168989,0.256076337409346,0.23152682303444888,-0.7950218316723674,-0.056014241967673045,0.8391441299660167,-0.07527411484777091,0.3375000165556171,0.1384287167311664,-0.8867132547935921,-0.8257929185283649,-0.35714296010061264,0.8496019656797229,-0.9953484535462787,0.45126304992121713,-0.03986704558364537,-0.5163986763035162,-0.4142351096249188,0.0025774684204373788,0.7670924154017615,-0.47154999249707674,0.8483211245462345,0.9285290690999706,0.7943042548749868,-0.4837835155792872,-0.5685465549078774,0.4076288658793406,0.5398196237380328,-0.5527831175520019,-0.11910236981576694,-0.27794564938558763,0.7950978598906429,-0.21267876567838306,-0.531521548096507,-0.2757334454471443,0.11408150814465756,0.3514098420811122,-0.40119937822736507,0.25758137186629715,-0.406856269959624,-0.24766207387462336,0.4342544586098656,-0.2547440187387299,1.086013904257142,0.7407235080329884,0.37260430010126827,0.51637334421119,-0.6717037158954449,-0.23816802121126934,-0.23309750835242138,-0.7334708524991906,-0.06104409379212328,-0.18202363866289528,0.06802633148311621
0.1245605765350774,0.6266190718771065,0.7506003444959728,-0.43507584816042866,-0.8480177517460521,-0.3999917726750457,-0.45236025840406147,-0.9965891291931561,-0.5892237425323268,0.23529145600024426,-0.05661307738378456,-0.9275132377934632,-0.496284731943353,-0.4462890184361413,0.5388423345954128,-0.745421182073938,0.7011608886917637,0.19075414064726465,0.41518308139229243,0.6540236029994999,-0.7045826136297918,-0.651037096604215,0.6702241510210852,-0.17742446551007302,-0.21722965774813313,-0.7848632922690741,0.3838934448098327,-0.08931686426527903,0.47207464721098513,0.9056488204363642,0.7150409012202821,-0.823082220582347,-0.32332019359047237,-0.6026277632908388,0.00843229908311599,0.9971899379485611,-0.3309442491052157,-0.8798994740582471,-0.13050608165823643,0.12191006903810431,0.8805534049543887,-0.49566374712690386,-0.6608736025954974,-0.4653732013640257,-0.6949793006429572,-0.713562300016404,-0.4404889407387041,0.3419868631784405,0.43164061848195456,-0.7598301016973243,0.3008685182915336,0.5835160311877379,0.78156830223167,-0.17521844080737625,-0.9803527907705039,-0.15833816646842064,-0.820860333302763,0.4215000502736226,-0.9903863494600095,0.16829141561071626,0.4609069554972634,-0.11110704090025703,-0.9235043158172593,0.6498257447144788
-0.5726294290194439,-0.8553315077199405,0.26578577484236154,-0.2597650196981618,0.3410943403763951,0.5167015111481328,-0.7791966088707414,-0.1486769023606726,0.9892111108582831,0.49319062336544683,-0.2900423006912425,0.23056067768783428,0.9947526646626477,-0.36538650536355105,-0.3141868221405503,0.280852444101102,-0.3730920971456265,0.5336500233038005,-0.3819663937323868,0.4774885171368894,0.9840769339752806,-0.6339887972715743,-0.49696202969438086,0.9873807531313845,0.6785030123595615,-0.40238651259051483,0.1593897198461288,0.18350311895922433,0.10328955227242576,0.245683501973059,0.15804129555294003,0.16968950514798056,0.0798403078941925,-0.8251381651401477,0.80682637968649,0.43017916986353455,0.25186541893069814,-0.9271257081087273,-0.1268643714331752,0.42037849187510723,-0.5093052556963624,-0.4066386763484915,-0.8998877569649061,0.5704242902606527,0.5700646600420645,0.9676983124765348,-0.7578642834296845,-0.9062754723135562,0.6860367303464106,0.8112538174938186,0.5466476159116584,-0.2811041336113793,-0.5534997206735845,-0.2624766551305959,0.4543126677677884,0.41564931891078466,-0.8543203232833123,0.4548677549585476,0.6545497762999598,0.3982874453256564,0.8575342149891161,0.49735272019010135,0.35640455163359536,0.7295999840829551
-0.9162099133909786,-0.7218567426305411,0.8385340442501349,-0.10285400421308682,0.874833483758146,0.0257446925629585,0.4863908772152107,-0.5638840652836925,-0.8591996316773247,0.39289758058320945,0.6877153813900727,-0.14211276516801913,-0.5427223583579659,0.9156462484151054,-0.07159496282960576,0.5376318500928468,0.5879302818214758,-0.7553913616723767,-0.40864009534387324,0.034727331064400124,0.4936108564105321,0.521118931200679,-0.38663375237508,0.2787058334516656,-0.5117641705381808,0.7716970455624497,-0.2005169149901872,0.6657152288191208,0.8754007248731491,0.2526098347553125,-0.43648336876514116,-0.22635818670723418,0.7879619553818232,0.46331404087557493,-0.22553773078348546,-0.5170145634005381,-0.7739598436631228,0.6012103366433104,-0.9170997557209126,-0.22927377189083023,0.9949268235189588,0.13263573667420792,0.7367285681206756,0.3747069127863796,0.6869068402421673,0.22818099550247495,-0.6865918685713561,-0.41305934508040115,-0.9928351328182059,0.7482511409400183,0.16935421875253598,-0.29215941170041926,-0.6625729448280304,0.7877400358090287,-0.8714016447416737,-0.38113516084203414,0.9069544257911036,0.22414704871234387,0.8523452800276561,-0.14327761867624256,-0.3737554587600058,0.01912008410122623,0.7494565516350533,0.12021681990517585
0.9857271243557195,-0.035229971647534816,-0.652305823794747,-0.05584908180347825,-0.7349086055588389,0.8056721889738914,1.0690589334991685,0.30304628561644775,0.46938488979372883,-0.2191941671882996,0.16224168632482006,-0.4407283217774991,-0.7692791748888121,-0.9281466730454362,-0.8876386869055057,0.12041111276301462,-0.052946509915302815,0.1859161571969644,-0.08634467449970465,0.9310444583601876,-0.40274937036280206,0.4010831615092401,0.6491469909546254,-0.7371164053966366,0.3649394758324884,0.14814315295599137,0.8007159482383412,0.9738728891999476,-0.584856323456891,-0.8779244932013675,0.40260345146867516,0.4484770206080466,0.8354285529596484,-0.411994133441721,-0.05105705156819318,0.03316729837346166,-0.39495103576823315,-0.04903825128911499,-0.9564506529110283,0.7700503179414202,0.3427161456236356,-0.9312234114319342,0.2608812543374267,-0.45060850325479107,0.10846735210165939,0.4606446765335208,0.940953511504802,-0.653429082285841,0.40147494151545926,0.3278188133860973,-0.36594372544363885,-0.16748909215856989,-0.8505881171835086,0.1806436585304873,-0.3923346209460027,-0.17840360188830223,-0.4051873302622637,0.9536623319939614,-0.43814309993876266,-0.23091929688192647,0.4952527809797054,0.2137016115205862,-0.47533823450734336,-0.8215501396427303
0.29759021924317686,0.46999513006858595,0.9407365829325112,-0.8958164272543843,-0.3474234221359024,0.23197477343703388,-0.22688298611969282,0.45691508257071667,0.756788848608251,-0.2740895904378537,0.5648058192092071,-0.3853246677736637,0.28001995900607657,0.22805991664987887,0.7864221623922039,-0.2511158482278566,-0.12561769677443252,-0.9149583831719337,0.5589704962610347,-0.5679373658895294,-0.1460530913139459,-0.8962359344935498,0.7904879561292384,0.9161908019085909,0.7622936326570389,-0.7256689999110247,0.4329515372112931,0.1277405447983933,-0.0006917113616047299,0.14619788265271505,0.7746884701589147,0.08482150006460398,0.910449065015386,-0.4887692045379687,0.16073544841950493,0.7610854187155935,-0.6614411239566537,0.8240629362873514,0.8231270853982835,-0.0764740222079009,-0.24704014053907009,-0.4087995389076453,0.4378394991107777,0.6999545214033709,-0.33771384833170326,0.03342571722148978,-0.21747882550595032,-1.0101505561646262,0.39441018401039085,-0.8481011945778495,0.3131228573773417,0.501856867952631,0.889654438113405,-0.17932697617143045,0.4607585079954318,1.0322199471054039,-0.8564821634521282,-0.8634729909361205,0.6454348581721817,0.258478664983955,0.6171830227457253,-0.6818911797600039,-0.06078328385374954,0.8234380015053542
-0.7084556105507385,0.8248138643071259,-0.626615762169288,-0.1457111429693843,-0.16063437049831686,0.5491996296477705,-0.1250033670939734,-0.8264524985929164,-0.8543986987526428,-0.8148515212284285,0.6018064904268435,0.8408735743881877,-0.12606944935271636,0.915031787684842,0.5273424290962314,0.8362686785166011,-0.2936327206519105,0.6169938391683206,0.42144939468162734,0.5819506989509168,0.9279250690017216,0.07174830486126235,-0.18749091111533425,-0.6862666676730829,-0.5567165676822569,-0.3361249064469496,0.2764210648062908,0.016629494614612605,-0.1231520058937442,0.6201703255993429,-0.6846633719148165,-0.05927589013067802,0.5130747421981188,-0.18583716067626077,-0.31940107181337063,0.7889242842650497,0.5500556879799616,-0.07871860868437097,0.14994392406950965,0.17261396361960468,-0.1062612407357208,-0.9919724570166277,0.23799145983681802,-0.814973234429407,-0.6911388701178536,-0.927700601155983,-0.32872770252521494,-0.8223110087361483,0.22388091185165385,-0.8680293802473208,0.11981560409397536,-0.7360223854264059,0.230841714292096,0.4740930849653815,-0.9385336027665067,0.2681753828483493,0.5953977120895315,-0.9299493305523322,0.9027817062768031,0.09082297091336647,0.9333913061482331,-0.4192843533624253,0.5999517512485621,-0.3825253999970073
0.7083783051063959,0.5842720365137497,-0.25658851315524056,0.31542956459435856,-0.4326873110985012,-0.7948593611420305,-0.18893072141254796,0.47039926323958886,0.9842403452229185,0.7030676507153151,0.6651722714381354,-0.7454380530061455,0.6862692402428154,0.7304761575548325,0.9847129293713696,0.2247034931166898,-0.7338495693576041,-0.5734936406879454,0.7943823322284225,0.7886784181343887,-0.055619544899984746,-0.9665972786870457,-0.6717272630306612,0.33938330389754334,-0.018675196050581988,0.644648704287363,-0.7802280160860444,-0.12597171702330145,-0.35376944042388003,-0.886395561727779,0.656168315540262,0.10821353996161531,0.6990639890299726,0.5393674822485415,0.9699949847465883,-0.6874691768078769,-0.5866994258235765,-0.5600583624944624,-0.5118213570946855,-0.03195270701817465,-0.9816043264285719,0.7171067217935608,-0.9415034311701559,0.20710550719280163,-0.002799260876337195,0.6490633159169057,-0.3817746386877092,-0.12986238875149314,-0.843833270905946,0.9245586941269743,-0.3943464665942009,-0.7666595008539843,0.1793614840751594,-0.017626235353760455,0.3227473268034949,-0.593562067321886,-0.343165014435612,-0.5869626260141303,-0.06137741254741429,-0.7544952960923764,-0.24311057854665696,0.952733694081149,0.6690189495886718,0.882224357682818
0.4645822323645661,0.9325034463764672,0.347189730178999,0.2899630491889326,-0.9349247597451751,0.9946501100540073,-0.16190304897296182,0.42721901251522626,0.162453484601645,0.6771264188976935,0.053576994992942883,-0.6732846107112747,-0.6148403608727007,-0.645838881273822,-0.7999379710653871,-0.3154290537833424,-0.3953314473327594,0.08997373799958752,0.9226692288739672,0.6001061306651996,0.3666743164242066,0.7921950417343716,-0.6880718317954395,-0.9100679133330192,0.24825372871955875,-0.7354443995928541,-0.4147248041368617,0.23370637527785143,0.2710322624540671,-0.6320077944206901,0.8554158814662984,-0.5138203369038447,0.22246301857816875,0.7156494277129485,-0.44945686388554407,0.5410959153558391,0.7489386605714254,-0.04905731895543469,0.06801409011757481,0.3819434703943463,-0.9029255294291236,-0.21159406413332082,0.019946038837243663,-0.8590264009835942,0.11108055498659769,-0.7789695649772373,-0.5707899319596321,0.4353319545812128,-0.9498574238027568,0.6865975000789404,-0.28433505222926075,0.10484466118925015,-0.8003196445470897,0.5491768062685518,0.6115725188861674,0.6566971996345925,0.1314393560017979,-0.8603497751151682,0.46332230052804924,-0.3679467015609056,-0.25096448156323187,-0.9007812774647793,0.911846501454709,0.33155481275609466
-0.6098069450513067,-0.1861919196532761,-0.6239902676627527,0.4094461166273674,0.10211873952273187,-0.5703782671923516,0.42724889344083095,-0.10487070556242073,0.7214958100317554,0.42504574402328665,-0.6648482130353432,1.0428863401176234,-0.018659672461281973,0.5828278055766385,-0.3157421631600603,0.8356904780059137,0.2780030204889352,0.8200750074940186,-0.4919306888141055,-0.4498560415327014,0.11767418206922609,-0.9418177641906045,0.09870669018004796,-0.6212452180003802,0.6907662542396675,0.6534288294556856,0.14893129023743007,-0.020341858760083903,0.39044512917543256,0.17671164507742643,-0.8836939012540526,-0.07602860881848506,-0.824806204185643,0.18592897681745782,0.6148897946326506,-0.7570145492221836,-0.09483173822934399,-0.4468173307168849,-0.8182258692214288,-0.03580499405896463,0.9444198361580666,-0.5869329886657741,-0.23106288066105463,-0.15402218430961945,0.5855726906780656,0.6268651151706192,0.06160874898138692,-0.2396526834028907,0.5450848502824959,-0.7672642056223432,0.5017771560029616,0.31604571132614656,-0.3339935321627796,-0.391929729687376,0.8284123715855995,0.5316288787157963,0.06407359867919264,-0.012886634817815157,-0.16605695297624118,-0.08372219224847699,-0.1063267033710475,-0.6480153407355591,0.8948330432926708,0.30816908534261445
0.5730364963332941,-0.8673922682622401,-0.15181012953800277,-0.2812313803405111,-0.34699533555292894,0.9173371865016295,0.45297851011917784,0.6070660104859905,-0.8917129820474641,-0.5133889989960765,-0.6815514207829019,-0.3127283226791642,-0.3809981722997927,0.13348793329056008,0.9093498946860847,0.8086121504709715,-0.03620861889945637,0.7350068644595947,-0.17879972055160187,-0.6588917136892125,0.8701903861546614,-0.35455920759263004,0.8390873678332984,0.9559600954834091,0.8600269522521125,0.562375771196054,0.7989384655689035,0.21324120747509845,-0.00517628566317898,-0.43636724907271507,-0.8710125829642383,0.675641370249455,-0.33609041830760283,0.16658125025022652,0.7385693255189041,0.23687260550417993,0.06698563027330962,0.2109607172541144,-0.022159107611763457,-0.14648638941155268,0.14411059805679804,-0.5799551010062944,0.6400273233633258,-0.7099606830995318,-0.44271584747265313,0.33712991678407983,0.15845257370327936,0.6013616762961935,0.7377239847498014,-0.26358504180913467,-0.1274168065804661,-0.2661813518833329,0.4287440970341554,-0.5252932574128879,-0.8834520196872204,0.6453028066639195,0.0004952530367787755,0.8033781069334032,0.19588117102528124,-0.5291688476001423,0.690813059845965,-0.8155632570944618,-0.5201178995440215,-0.43410546072219747
-0.6465959290384655,0.4858897555656183,-0.7070883050929955,-0.9162374582996504,-0.6063402527643227,-0.5075187080481397,-0.776940787880833,-0.39667441396626846,-0.8138278604565197,0.9696926975706776,0.7629504579726669,0.5955224774739856,-0.5852472420466853,-0.28278873682647615,0.2335037287221695,-0.2624534606637463,0.20976968950548647,-0.9410927330358805,0.09937336207869785,0.5659373393544151,-0.7523723536370571,-0.3138745212044287,0.3408906848001858,-1.02562021864435,-0.9619993763355441,0.13005443266341382,0.3722348635438766,0.02194050638634404,0.7730985582867833,0.7267703104291051,0.6109696606248955,0.25954273520705745,-0.01961168315445032,-0.6212450760655683,0.262606795624843,-0.08279302396539533,0.2974669118435689,0.28638742123991734,0.9911246358959225,-0.5389429394719583,0.7218241226185623,-0.08291848549458697,0.8669895448278919,-0.6494007330322884,-0.9725598423164348,-0.8809460999555692,-1.0095268511768336,-0.6744475269112156,-0.2105113111636178,-0.7339318614784254,0.27016027292945644,0.21600244323886664,0.6314581931334924,-0.6321145710615569,0.5412379741737188,0.9394102506045379,-0.5798487976253965,0.7641331893948156,0.9676296879645132,-0.3878254641089829,0.2019286772800448,-1.0541524660002466,0.77159118849111,-0.7367829266064077
-0.6003277948721518,0.43932372740625386,0.8382427205043264,-0.40159856141264794,0.5315161144424114,-0.10004311376487718,-0.04633479872228277,0.9017470440990559,-0.8602503761974689,-0.6226008731357042,0.6599178797220624,-0.7144490860246216,0.1396303294006977,0.4610093941616382,-0.8941023270350469,0.6715843583921861,-0.20613116215973468,-0.6714555405573142,0.28803524245009027,-0.45957084726357156,-0.39301605551168,0.36165981319130713,-0.07620306066596783,-0.37834670524321484,0.2914648357250316,0.42196610728394,0.9561457912485807,0.46077939314431426,0.015296550929786629,0.3708005142087879,-0.9528481711314534,-0.49900634769859864,-0.5622202408153009,-0.5129772226106217,0.7022071033212485,-0.8398725905575957,-0.40891425818876126,0.13272313470200325,0.1828691034184644,-0.5576726224557673,0.3703581525912012,0.15244895490576957,-0.8945549573968494,0.8479797312025731,0.8882322170763504,-0.23891347975468036,-0.344736090302314,0.48500015359201964,-0.0011917734513896688,0.8168244943247343,0.7235904383132533,0.11394234404936135,-0.9911641326586731,-0.27014416667642593,1.0271335632259657,-0.9507002567683835,-0.6227211719623502,0.6414420388169351,-0.42734644424726836,0.4127714619831995,-0.5094037229452266,0.04332985026438302,-0.500954270282782,0.059799032242350586
0.9383938241067529,-0.4860600645307247,0.7640040717332717,0.8829900179479704,-1.0319906656611366,0.029513969264386652,0.6330579989259264,0.1364892030408067,0.7097111411352,-0.39123833113169626,0.7695285875015859,0.6363445609677483,-0.38840102512603214,0.7577658310695419,-0.208964721376876,-0.15117700578410553,-0.971620996690296,0.08659395762825906,0.032746862818287426,-0.8529572090894708,-0.6737560713320403,-0.31762123419609445,-0.32950312571878504,0.19579213054423117,0.9155884020965888,0.9798051958293343,0.9128425580612143,1.0616206427015744,0.8182395444280125,-0.6131768795742856,-0.6451723489152642,0.7328178165989663,0.4262576109910383,-0.45949853349244496,0.7551855128832965,0.4345906663055067,-0.0696490853217262,-0.9689040073594561,0.11111562883823764,0.6231410660718998,-0.3558392726026558,0.23101037678408765,-0.19424296894293103,0.28146029185057886,0.9357123415931885,0.5589000141225786,0.4180137580411869,-0.5131694523652521,0.707227150679275,0.3746120245977864,0.7359133918492211,-0.8888068386574499,0.9858192995240957,-0.12950034538743427,0.40552920598449305,0.9542155266905108,0.16576679829943441,0.24632290224406542,0.05049534999357763,-0.34675118611952627,-0.7821712962230517,-0.9263159493561637,-0.9373134464358082,0.7750285105731738
-0.5847476960719675,0.23086218088080615,0.4146914234845007,-0.13341895841489637,0.7647703068915843,-0.05119520142084477,0.7050646304397002,-0.5312365797289569,-0.758745168201135,0.15271561561557623,0.27223151156527725,-0.4831025497267074,-0.31279912525949627,-0.702229006163571,0.7799376428977458,-0.06148777645151489,-0.640388437595207,0.08989196033470329,0.04548417972841452,0.32706410449124357,-0.4030449689245723,-0.2976310829384248,0.9380140921153424,0.48886246630187125,-0.3608052743176373,-0.5013686715582988,-0.04092589243170508,0.08910865454222713,-0.39424966841227227,0.13586214362221105,0.7615266508563745,0.2444440049454802,-0.831831039251414,1.0669156418496542,0.7266460293779389,-0.24995180347303317,-0.24915740873976594,-0.21860570374987587,-0.8679545610901931,-0.7622092531273987,-0.4774143239102928,-0.27766096590969136,-0.8920620110055475,0.34970412241172794,0.9433064820309891,-0.21370440662980483,0.9366426995419463,-0.06206254112952611,0.4602590752442577,0.3716611568348127,0.12782695149459844,0.06482096559533816,0.8500455014236925,0.1509613496562452,-0.590345374069616,0.9052431109717383,0.04804894008208538,0.008537465108546805,-0.18226483851418052,0.16256883091895524,0.7330535787022259,0.34169949963849744,0.27884647681495633,-0.661230726154284
-0.14875283733972222,-0.7306633210363376,0.9218780511120861,0.2064437365168243,0.2878822667031802,0.49645745602593105,0.7521862352176732,-0.287433574530088,-0.5327573772362513,0.6094551697689541,0.3522421229892785,-0.17614630058889325,0.023955396274148555,-0.946920740303832,0.34101086442774653,0.18505223530291623,-0.1455948332793303,0.5142714648339439,-0.2166990898699939,0.7762891063324844,-0.5040770826426402,-0.5483544477855768,0.7385067439682207,0.6694485270584062,-0.5582493671085407,-0.31031779660179115,0.7576662046076844,0.6100625574621137,0.6830721541289264,0.33334126893722155,0.6245329644789073,-0.767494057265615,0.2678930311968313,-0.2144662258118181,-0.6503794718053852,-0.4339148290694905,0.7809401025619765,0.2415015703743617,-0.12220101506062409,0.4338473866607727,0.12296030956659076,0.042473047554883125,-0.5305395679324927,-0.807012572099508,-0.9034215268815977,0.7007063093914865,-0.8919806161625985,-0.3534313099851065,0.13658418566206784,0.25772545878856573,-0.7795754303472289,-0.422181484376134,-0.3908269222706837,-0.448044485648319,0.5973674340891415,-0.0022961133513599297,-0.5183497072631276,-0.8457524798530967,-0.6693204332819129,0.9974313979638755,-0.5913755917995291,0.8861096653361851,-1.0029872225631709,0.8944683982181652
-0.35442246639254416,0.7801882832143412,-0.6437985612148508,0.9275699869303866,0.780599475779467,-0.9974782391092645,-0.6189751943935526,-0.7596387901644244,0.7813208755511682,0.43057108488146856,-0.3642289357619948,0.09212834041342544,-0.29213033695550056,0.7510041480020841,-0.35445205119830536,0.5170823836727512,-0.9031766662735965,0.7365320118572756,-0.5950015759262435,0.9254809894645035,0.28447365248703393,-0.4296207904943532,0.5808245702636154,-0.07681311729258691,-0.27764494535392337,-0.28703478310306707,0.6716399762661394,0.25792673949543277,0.22917859527045592,-0.8978904734777051,0.13728213984022086,0.7061998834709599,0.1261933712352551,-0.9838141874525057,0.9158354232052337,-0.13234791846336044,-0.5291626436045935,0.7115832922230055,-0.41354406826132606,-0.44752913229870445,-0.23032585917831594,-0.6522271666589816,-0.6973356379529982,0.22705205400450446,0.1152142571920991,-0.6829762119934935,0.10797760888658775,-0.4212314985286687,-0.7074343111160957,-0.05056226303403684,-0.7674863939552015,0.5442210358814392,0.8919262804933408,-0.27623564977750137,0.5970407332280694,0.4379535266409671,0.8816882178952041,-0.29832374340185797,0.51857754946618,-0.5030625923331877,-0.533209023125853,0.4954508393723125,-0.8310138482792664,-0.4220148724301382
-0.9806571922668683,0.8594005077366553,-0.39970419137982827,0.055370895726620795,0.645601506706931,-0.7316069536985315,-0.07618490819462487,0.22948774823327336,0.3729299450581404,0.9936267423116805,0.8521598073509529,-0.7748749165388888,-0.8438123085347804,-0.15705154043952074,-0.4716092232819977,-0.2918024983009464,0.0912201390795518,0.3415692319114989,0.9052406751146436,-0.06893960446248837,-0.6727482138063605,0.6141992283894719,-0.6748919155261976,0.44463010890893245,0.9417175602721022,-0.7932753983344687,-0.9846439193183949,-0.34525479841449236,-0.33773359716935114,0.7580890896507748,-0.4082364211017594,0.3244075111992202,-0.487591138392129,-0.26234924978807594,-0.45306980654650963,0.9746642258998602,0.7148327541002475,0.6007665191883196,-0.8470834841045749,-0.9767054520692047,-0.5374632032513209,0.6346726952211938,0.08531655221844392,0.1479280937814545,-0.5639115011791929,0.8087266531921535,0.01762924670121596,0.5013699919504071,0.9629114619333345,0.43168087165527536,-0.41641170711989695,-0.2302670512919721,0.8759804619583391,0.3495953425091804,0.5433758133099229,-0.4896927461020044,0.19459514599137595,-0.7212382210662316,0.8317618927344499,0.246765838318657,-0.9219709469104518,0.7288586953208289,-0.12509780810123372,0.8475108173758076
-0.27119067034761124,-0.06667627864178487,-0.8912222829522864,-0.7124110405929138,0.20740516320516642,0.2265959579630883,-0.8611152738537922,-0.23929975088877464,0.48452527149842584,0.051585710143675856,0.060107814673867985,0.4226433939374752,-0.31639049192775315,0.48239791203544713,-0.3572059532029428,-0.08492407938034185,0.9592707884691298,0.13017698656343973,0.2832462323722753,0.04522516205790997,-0.3457498309231093,0.8823898818243578,-0.8795912825622451,0.9257929552457524,0.6542587184379788,0.10293617845823322,-0.6442537579641354,0.8909061024037866,-0.9654146651740148,-0.24273699938463128,0.6530117210802922,-0.6850951726853467,-0.8985781088335825,-0.6802778650351189,0.6940946848687594,-0.42742950036418065,0.38530644607178965,-0.11617509299759554,0.4746346887529713,0.6069576566295447,-0.2937124104258949,0.17281370297805898,-0.37771199913504927,-0.6976464855239248,-0.6804930839981818,-0.38007660118002345,0.7283806119391665,-0.6144198453748132,0.009930325454834577,0.9149470154147317,-0.6016182755893587,-0.5643710257729975,0.4396900184705961,-0.6568513153305535,-0.7191114807575409,0.01635512855166378,-0.13416914346834496,-0.3813371957083871,1.0196397476629426,-0.5325644542423571,-0.47683526873907917,-0.2748619519959635,0.21261468082413826,-0.1878039174550985
-0.9849350553332047,-0.18047750038320265,-0.9126040631347967,0.014118412989274909,0.9260616674224729,0.5723901620872875,0.3914234031174808,0.2732795775288823,0.2838632557386578,-0.38496761902187526,-0.2995196978388004,-0.713515942900995,0.2936991722104123,-0.04210640782442443,0.12643154622984332,0.5316831654857344,-0.15002439588732205,0.5127601337185664,0.5820726883743825,0.4652201060571585,0.7800057527201505,0.8461363104224233,-0.32241496559765703,0.26797591702860024,-0.4881861764371862,-0.2567159412152933,0.9831956902024624,0.727803211960379,-0.6360578724633286,-0.11440460485507309,-0.40087615361992235,-0.938621321758731,-0.21159190095951247,-0.8073385091758845,0.9791499320537638,-0.04953714556790367,-0.44620295569941437,0.6170123576969275,0.5896798834257804,0.10223894898453789,-0.7760727437061683,-0.24584691519389135,0.22309306523580197,-0.5795253300660375,0.18103754280795314,-0.6964105793697382,0.1186805663028605,0.6950012486149407,0.7373659706437066,0.6985016128435999,-0.24045385392740018,-0.5252225889255311,0.15678673256730707,-0.8717786965905936,-0.5904558037359291,-0.7353717963657922,-0.4432086955053789,0.1632860238348519,-0.3417943977317758,-0.6013007331319429,0.1837193528516614,0.7532259282849987,0.4556200088091915,0.8081693617707397
-0.04989944549356884,-0.9774925108969692,0.9723234710248314,-0.5179878582061828,-0.8551028819659816,0.5745611936120295,-0.28690460475895463,-0.60606631655085,0.5608901127973724,0.11449805292131798,-0.4153020885798863,0.8803118809499784,-0.23639827036931305,0.1691653040954921,-0.6787600595888127,-0.812678021147192,0.7246883271584039,-0.2157428803189788,0.05270651830714845,0.6506534776552668,0.867494274233763,0.8365005901313209,-0.11688865433907031,-0.21566121752270795,0.28431675398845124,0.04037873360949075,0.3432112433491568,-0.2527262123451316,-0.8541975824881094,-0.12619279217889348,0.6117249264806328,-0.5193233204935535,-0.7332958855287852,-0.3380454100892215,-0.853656642436873,-0.5825665372117217,-0.7950994243943788,-0.7247011477669396,0.08426824629574203,-0.34811436816183483,0.23312366465577034,0.8111385459261247,0.9210976199580811,-0.5533510639055693,1.110867522976358,-0.26987919124152915,-0.9469406639842357,-0.6924564777411246,-0.7203863828836629,-0.214343934312057,-0.9889518481144997,0.6799646005685862,-0.4812375081155911,0.23971555862189875,0.7551472872318876,0.2290143786188599,-0.6244596320548943,-0.7589942993046728,0.8918085413605501,-0.5018431122706686,-0.7159783385575882,0.9869861589158893,0.8931645603029599,0.3077000775850255
-0.6745477740926966,-0.9286279133728219,-0.6288116800973302,-0.7784171427792239,0.553647507699291,-0.8820129921497931,0.8542289597129251,0.9418239316058741,0.44947129183125084,0.2236155073687771,-0.7964883131318489,1.0503665646437352,0.5667650060719609,0.8217024306966169,-0.6533370215730494,0.019265405441188266,0.6593898718446929,0.4785612873026457,0.2535039515977088,0.919003806338222,-0.16670578665967087,-0.3866678096723265,-0.800962889615765,0.019644148902147274,0.21288217770598722,-0.31075334707983104,0.08256184940410494,-0.4729552931437991,-0.5143734132018605,0.8886923047269885,-0.23441497353855745,-0.19663952932742307,-0.1800914251115256,-0.490474626366342,-0.2892082395149813,-0.2444965246528768,-0.6735037855236781,0.9634735638481242,0.5533196908966616,-0.14360968289563128,-0.18181970009558904,-0.804594766525575,0.017244439248503607,-0.5755643953044834,-0.22625261815774622,-0.5349843391556471,-0.11243739590367086,-0.4089152025210152,-0.07732003355231407,-0.45681945224316034,0.5843029818569566,-0.6432169396988803,-0.06835948921236623,-0.8668557848750031,0.010169135023685681,0.5166528552676644,-0.5860520833061945,0.13591932269558593,0.0599762219766562,-0.790557002643328,-0.9010473505415203,-0.9118984372001087,-0.1893977471516195,-0.25271053932807214
0.7550299225583607,-0.6013939602929148,-0.36728818544763864,-0.38938158699472836,-0.7752946546507709,0.7050800081213742,0.10548012608573964,-0.7210463575875802,0.8276745067966463,0.21000779265182878,0.9149151940360948,-0.5445443146951718,-0.4556234165215435,0.6656761974667093,0.5954895884156486,-0.01626183721486854,0.17691048221284178,-0.7304387712766061,0.6897885723112835,-0.6261746578946086,-0.4144292929494795,0.8082572427831819,0.4260972541396284,-0.4812297298328544,-0.42784778883414626,-0.3365003568501086,-0.06574715460358066,0.7378408802176566,0.8943444339164144,-0.4325605556375245,0.9815562261298574,0.4763175270922133,-0.2120599371900782,-0.5502695057972311,0.41304876374891164,-0.1872511846570217,0.6167054083401289,-0.4604698500299862,0.13116546511347837,-0.10231844119213518,0.7703567471350783,-0.34302125533073524,-0.17209487368045928,0.911243036145754,0.829888701195274,-0.3864932916026458,0.6502744353161833,-0.507171042535862,0.5148827062524443,-0.8667985845563417,0.42962856794663584,0.045054284061186944,0.8108818027703169,-0.24920539399516328,0.22287660329774273,0.6627275465074017,0.875878436981572,0.7656704476575316,0.1358666076686763,-0.6093354173243499,-0.8954668687860197,-0.9797969058990285,-0.7620449958921618,-0.12601071020661703
-0.4418238938737895,-0.16097657058583947,-0.8536198604133833,1.0041703162260829,-0.7267755629192297,-0.8389947591206057,-0.3743875646246078,-0.1843855102963181,0.33722369844904365,-0.8125540047995998,-0.1507400647741568,0.45888479095549184,-0.7876545159864381,-0.8687378350379356,0.589383267969122,0.7333719516241716,0.1529726068738376,-0.6691203438285498,0.5116505301019488,-0.543470674148318,0.14108286134473946,-0.017084756476956092,-0.20298048289005677,0.42685234500997615,-0.9009264805851503,-0.06711439941254921,0.7803974813582848,-0.5629091818631502,-0.3002789584558412,-0.0008795402163424421,-0.07456895187641706,-0.6413060598480502,-0.13752736882018235,-0.07346218456053902,0.22917190545078567,0.11001616753123034,-0.869563602613326,0.68691472554572,0.8118156726949322,0.20599917515659688,0.47645790108351793,-0.2018825709170058,-0.11235472381156897,0.11484854666887953,-0.624101950765543,0.4289593874094796,0.6817451850235896,0.24944425554610317,-0.8622344457788278,0.13318872143066884,0.625790023576712,0.8613031131809383,-0.08118520302949084,0.26150229022441285,0.7342419445641744,0.07300536420921677,-0.09919234425400969,0.22259963123661586,-0.451428002184445,-1.001331847436571,-0.6585519213049926,0.8374147702047928,0.0627739322616456,-0.3627799044699944
-0.11983412798236429,0.11195303484694441,0.040537058844732174,0.7507052451044617,-0.43231544156520696,-0.27155238896948236,0.7302501678195965,0.12655418702821256,0.510905284175446,-0.8996132766157554,0.2589837276890836,0.19849401459956714,0.25368641954213333,-0.9845718732643494,-0.9958626868133491,0.7385409653349548,-0.05512014369823737,0.5329752957034215,-0.00916342479766502,0.08732708634777753,0.9791251777778409,-0.2727276086005443,-0.08108765702533316,0.9399590974158338,-0.19176790591536647,0.1466332031620745,0.7523520578359252,0.7839789464377493,-0.8167106429025545,-0.2637462786979192,-0.5966680206564221,-0.9375140098438863,-0.26858017365582154,-1.0264465627789914,0.35374970574397846,0.6140923203122847,0.6475830169061838,0.5851456969876361,0.23771381123417923,-0.3527489495872814,0.22960299069413218,0.2528193715482243,0.3201898814584423,0.08798858495847592,-0.2782352000046089,-0.10977575277453848,0.9511135773695355,0.036877203640502065,0.07779665276001912,0.26723767539252974,-0.3114758502289071,0.30556651289933,-0.9913373387514541,-0.5537479917954478,0.02168302081788931,0.13205703036681252,-0.7610104224059437,0.8128477254793791,-0.14372235197381045,0.7672471271009367,-0.16652716987041716,0.79405487683311,-0.703128062749122,-0.782212567186812
0.49666913181583794,-0.8611259744896633,-1.08167073869871,0.15112744363850217,-0.5309938875767639,0.39629896460186514,-0.6550699906553455,-0.158495201270199,-0.4277694956494127,0.25627778136450075,-0.0029092465825552444,-0.46276042378843907,-0.9815130801172263,-0.8262354520927415,0.6645998803727989,0.7502348766702989,0.8559068137288621,-0.4852405331961789,0.31924287973325005,0.7955920291732241,-0.23404922375359843,-0.17760757327834575,-0.5995447759567426,0.32101658425774393,-0.5562614605892635,-0.14818905840852303,-0.11290696897153803,0.8308522550528803,-0.07270497617939431,-0.5474373269712564,0.2634716838220059,-0.7827571508231248,0.8899241143260637,0.018526400502941825,0.6499971000025253,0.10913512402913694,0.11689081381010566,-0.19497600577502427,-0.6289902530384539,0.46560701342882904,-0.6421595981412827,-0.7839047132735721,-0.8269858219957452,-0.3307735855819858,-0.11863980050390804,0.8960354080449359,-0.1750880505821731,-0.498292444963073,0.14552428326940547,-0.12049200921606706,0.3114761355026855,0.3134615811472503,-0.03199366802024972,0.15171003859746257,0.6942565880469302,0.04992403405514689,-0.014763535997711227,0.908910839838817,0.9951566302194135,0.2805619686144921,0.4746120030561318,0.8519117718795735,-0.9235385465054469,-0.12198215338349326
0.9732894454372227,-0.15895031757304623,0.12042667183453908,-0.3710334320024129,-0.3924510710593696,0.33838711319839276,0.17183190960280892,-0.5347803735934276,-0.7674238063639314,-0.056978374412873956,-0.5433861554604096,0.244353403659533,-0.9828145166038988,-0.8389534633314912,-0.662082315071922,0.09645299602350471,0.4772058187981698,0.2035463436301279,0.9528462489558917,-0.29924461908999933,-0.9016623314713115,0.3381915455657559,0.3419288174753151,-0.18733626170351725,0.6636187178921177,-0.3119991743057742,0.3667600791670631,-0.06912055191192223,-0.6914439677043694,-0.2898585467121195,-0.34599953175539333,0.5445339058796144,-0.7974482781537702,-0.7353310833767938,-0.4276385275258347,-0.7179537249963034,-0.49067189456658067,0.1951393938571866,0.4301788766669402,0.09437888633903602,0.29476113945352544,-0.20945073059474256,-0.932893175347539,0.6400407922269622,-0.7588497417908009,-0.18642553975132903,0.40018575618172925,0.13207412740719193,-0.5057045611402289,1.0033881840870877,0.7407758124737182,0.5918114483283099,0.541652823617206,0.7250409871779528,1.0194306531602508,-0.4970998346018072,-0.2589488618456267,0.2847111048655062,-0.8210093057671077,0.46334843622951527,-0.31465225320218193,-0.8643161599448675,-0.3370223662745935,-0.619672488927604
0.444148138276689,-0.31220742997964734,-0.43781656297735444,0.1592224267631701,0.11920721616276997,0.2775469498106411,-0.5777868717205994,0.43646046007712,-0.3742215624612886,0.6438064143782631,-0.86221327514413,-0.7965368704670995,-0.8919166028960301,0.33990336212055405,-0.035967885616831174,0.2732337267459162,-0.9420911355663679,0.7415103345160259,0.6826571109850516,0.4142871031770233,0.1322181498637927,-0.12705010735154834,-0.3433216892983488,0.12029738231304613,0.045364293054619934,0.20886086240629687,-0.6364127101830417,-0.2684010495347904,0.07466776604715739,0.6859946861634727,0.04928430004453044,0.687511561916878,-0.14398145135903961,0.7712121731246625,-0.22921861653115627,0.8382350955658795,0.8296067033149301,0.5157645937732929,-0.0548541036739989,-0.603757724683728,-0.8163836861136071,-0.9279042361332281,0.114542483947222,0.33979858989662554,-0.44784169546953057,0.28421496473942764,-0.26920245114544206,-0.9062762178232568,-0.5102926733422204,0.8192836488021464,0.35156044636515693,0.36741032978060684,0.06684872988768692,0.16914698352906343,-0.15235933001152713,0.7436823245040591,-0.8088403095302918,-0.26572736563467825,0.6968386601072867,-0.7537286060409563,-0.9293389941695491,0.8253757684650049,0.2982167813943273,-0.32972791904107845
0.5819204270482985,-0.9544685137232989,-0.05533840481085628,0.519600813765051,0.16533482093245722,-0.7484958750052018,0.89992698288173,-0.6695878085417939,0.6607208117691836,-0.40469557620562524,-0.7446464572545342,0.7357312012068453,0.4977765043410358,0.5455434008710154,0.3111151048283449,0.6618820264126348,0.3096702115156702,0.19592824759791694,0.3381065351307049,0.12750756849146597,-0.6647145298618706,0.8715904799785872,0.43455712077508246,-0.643988074566506,0.14991520262120628,0.8098316764141018,-0.049717328053770604,0.45540609426776024,0.6911210530543979,-0.2832200550650257,-0.6612471905501469,0.8097182366894298,0.38715580239666475,-0.47638859201488637,-0.15624459537109092,0.03329983828297027,-0.5178990110209004,0.2668067966995331,-0.1152765419875312,0.45922125995844915,-0.7326361575557392,0.4416808197812358,-0.6869379221987235,0.05833879291926025,0.15129482424356056,-0.7711883184805998,-0.8858592246802972,0.8574567594145975,-0.8204679930492189,0.3213443285535314,-0.2994482894663315,-0.2656017847802201,0.850550392599311,0.8218007947437578,-0.055174114200040814,0.6413815287721034,-0.5023646358132932,0.752318978546137,0.17956039600780693,0.8623158754937839,0.9182284125339357,0.2062741891886244,-0.2654253042860164,0.27730395878612546
-0.9407825094461622,0.9086180089947357,-0.6056887034124269,0.571784391411228,-0.04349872302046576,-0.7915991944906384,0.14606820571327384,-0.4362600950152762,-0.4001114291242082,0.38897884673148053,0.7729578277786814,0.7472671292975304,-0.5963867979552528,-0.8580255115460698,-0.7553574909419938,0.7317677486799721,0.3265245408233516,-0.3341773834184083,0.6698591763675708,-0.001857810821430883,-0.6076298533841469,0.5076864462297879,0.6168188556200473,0.12406556091376864,0.9090553624582356,0.4358307638434973,-0.24131923671580569,-0.14103512601201684,-0.23403366058084196,-0.7241597064041306,0.8755434115405761,-0.6447062379511543,-0.19298263494533296,0.7585388513644638,-0.5398386295144075,0.07158397994661359,0.6977414693697108,0.08910066006425241,0.007309233499722456,0.815732616326878,0.6261700543181195,-0.4481671390343428,-0.08605280590470413,-0.6866939835101493,0.586422301120377,-0.05937816388899142,-0.46408169016498757,0.5943480797953167,0.25906787997277253,0.9609875302198294,-0.9257552280112553,0.8180037534154495,0.6317270578887764,0.5075795151927596,-0.13106534999672514,-0.4711221332742317,0.3739690373563117,-0.36310189149256844,0.45262809324177566,0.04327901023488856,0.04761521750579001,-0.8434027556747018,-0.7699528906608475,0.1268413232009462
0.2933394915389697,0.19850429360547622,0.24003906440060202,-0.5479065439969988,0.7850584697003207,-0.0693023375810858,0.40381202616103934,-0.5854447001628433,0.27988368114715767,0.6065752992326496,0.4939822714705129,0.8711526122014053,0.7041596082643301,0.6475697140452277,0.1390799485575628,0.16044911526421268,0.9222082916133434,0.1606123330137873,-1.0200842329180506,-0.5974940307670843,-0.7075118373386182,0.8487162326500537,0.2694328902595551,0.8714728481906062,0.05728670381492293,0.049676797017982575,-0.4277158785676916,-0.159828381130731,0.5225844669366829,-0.6651656771171378,-0.4479166212541399,-0.5002029898576614,0.2964361836644793,-0.22356434832769323,0.2929982534434856,0.050535244796666934,0.5898462311600029,-0.48019419548686043,-0.3739641017503994,0.8936133569042288,0.17042243130369925,-0.30871169510894325,0.24605049045981597,0.21175936156930475,-0.32620284661899385,0.30315376498530977,-0.11966355260298621,-0.3453458808586609,0.7685177135523442,-0.9000818029054163,0.37648174461377026,-0.4083152272482101,-0.3927504378547215,0.006341947474237615,-0.64769430899088,0.8462048461750656,-0.7230322945175045,0.384066127629741,-0.16294469753120322,0.5825480114082832,0.9122756959910023,-0.31994205859178154,-1.0134549249586633,-0.9456464917361642
0.2716338476444276,0.6880816696072997,-0.23023266901690081,-0.9803059565510746,0.17917606085860716,0.1310434391858022,-0.22263761272550986,0.7435555759329664,-0.956666527308708,-0.6285737322408995,-0.9433743742428036,0.5350755280236796,-0.8231907339286296,0.7954720269462139,0.8189949152916758,-0.1470218400734593,-0.2609383299423882,-0.44159634019700267,0.2754146909120694,-0.38655111739369974,-0.3693583887935268,-0.919014281182597,-0.6029746084979348,-0.0257541079966237,-0.7949657320480932,-0.8495398641424102,0.7597767931207218,0.8481298300668245,0.02070178335190076,0.39415238590381746,0.8924712343859174,-0.032028640284585574,-0.2408462432563303,0.21824984059997626,-0.7607980012124529,0.09625965699579915,-0.3527301738560696,-0.8253070389290436,-0.6284909176285205,-0.4611850824093996,-0.683869466410923,-0.7711502216225024,0.8770137017378732,-0.5915237179579153,-0.8678984707994385,-0.09922698342053712,-0.22686928394488914,0.5652825405117325,0.7097760168670562,0.7326916212354393,-0.5713188011445198,-0.2992143843203485,1.0058675779527082,0.5167783166944403,0.8311614835770487,0.8541757071670923,-0.10814374347867256,0.2787657868045428,-0.442376528617322,-0.7650297444609381,-0.03320312280175987,0.8588353297310949,0.5417044985494786,-0.40475343600920244
0.816446456463201,0.3773892321417913,0.16260842407533485,0.4151503904146512,0.7102738620405114,-0.048426678194393835,-0.5368148444545162,-0.468890471595818,0.4444003871961224,-1.119068819914523,0.3706338407472941,-0.9447431047441106,-0.058233568881479764,0.9705352890142533,0.15495437893968722,0.29630221562502274,0.5914701948972603,-0.19846867691277414,0.012798258720140954,0.8409572827320422,-0.5636113882471587,-0.5733735376329869,0.2513121438812148,-0.8006329001540449,0.22590340730102326,0.8034576210535892,-0.7090629743453225,0.34024080950673463,-0.5931308008767231,-1.006854176677289,0.8840406852947378,0.2705334167222603,-0.504118960551349,-0.5192742438802522,0.5996508474848434,-0.8900523708256753,0.6021982318245905,-0.8043418179185111,-0.8395073816204919,-0.053717670122637395,0.26497315710949865,-0.027234933683898177,0.40063748840004143,0.39436391487259465,-0.5652838164990981,-0.9030327220762695,-0.10735901974239459,0.0426199118370473,-0.8132172965189766,0.5601358180679994,0.390558935437636,0.2483197983860559,0.3018496867904641,0.4892934259199695,-0.35768768920309113,0.2692897192855346,0.49569765328538806,-0.629121101704208,-0.9653643322779091,-0.633778492538658,-0.5751684182708338,-0.6154327935365858,0.89493358902844,0.4600274461679119
-0.2860016709976496,-0.598214055539859,-0.8706308819695183,0.7459102248718142,0.25658645037827565,0.04766222738761572,-0.49994848272741854,0.36029774600555203,0.5292780545838958,0.18282105447742683,-0.9005623471709467,-0.26387330217555616,0.857065907781573,-0.31152473717746587,-0.9004662262999745,0.1525015051860008,0.42031281137051746,0.46056935557042933,0.9880814258342557,0.5226709938447189,0.3687569825357677,-0.1317545546723865,0.2884658295222582,-0.7188987917165519,0.3435820395593656,-0.3947653705496517,0.020756719931687262,-0.842638573456905,-0.6431445944925722,-0.5179389942927008,0.16380339473821975,-0.5405144549172178,-0.3544067307402782,0.46275229619222225,-0.22123856280059773,0.8876204156679476,-0.6796963745158693,0.9450984525335071,0.7228240907452392,-0.5148546717685492,0.06065227968902698,-0.4033379586285504,0.042303547965599625,-0.2130044497222799,-0.27763012319534264,0.24698818645183754,-0.8810273133854736,0.20933797059493847,0.11133466718219467,0.9960022159824271,-0.7090327709078841,0.09721384925064269,-0.8053285726303945,0.42985135751171555,0.310102019258636,-0.31358799880655974,-0.3737388864420381,-0.3100843947553117,0.11043710417391912,-0.47801764002393954,0.43156729979693664,-0.4963654587247001,0.41610781559658316,0.6211704892093515
-0.3886274774494032,-0.13533159162353092,-0.32866945477332,0.06287980652414005,-0.8635129655523256,-0.23724973439579097,0.41729132529220836,-0.27135229736094835,0.2709257051340017,-0.3126644100901822,0.44142154178817294,0.17488723661237793,0.9990411127172645,-0.4438731225802486,0.10848389265713476,0.7010661942217915,0.3846635209509436,0.9671448338741692,-0.8056245941214104,0.015045058410219941,-0.3644475519171455,-0.986577201076383,0.3799342754387798,0.5243652542750199,-0.7484132961568914,-0.24092399327029024,0.4169812051742261,-0.5176384391888369,-1.0068960607112327,0.5833949721089324,-0.8694110162943627,0.41954388052530467,-0.0031302479340700184,-0.3385988803111727,0.75656410829927,-0.03780872524840517,0.3612068734675722,-0.2762606999580839,0.7533684973631336,0.8093629690008686,0.5881685457908855,0.10311920006582895,-0.8736329740018045,0.7205746620783711,-0.6208419953088529,-0.3114486955782574,-0.09072857961340253,-0.8112891374969335,-0.6415943818219225,0.42443169414135706,-0.07808580244525154,0.7621958903524135,0.24977549097341467,0.023536045834493258,0.6800862151572429,-0.3111960133012164,-0.7145500253942205,0.18503559908228295,0.5304155454617044,-0.9905895158950049,0.12525034348921493,0.6978471680478828,0.22911405857097902,-0.9918726364897563
0.2598496527011167,0.1381920186454193,0.5785208051596404,-0.8033512095960937,-0.22420481371111456,-0.36516020371006064,-0.6825500614751032,-0.11533241833690952,0.4883573645036483,-0.5859663444341251,-0.26320809109366194,0.6444786477309052,0.1835286569649713,0.3684263625617801,0.31686907289796173,0.48487141858213145,-0.7238619201467504,-0.9275135091538589,-0.5170708563971657,0.8964056874456953,0.022114120953688143,-0.8201144735006728,-0.10303377745899156,0.8530186272124451,0.4185116996323459,-0.20158020830105694,-1.0228865129186868,0.7534811307857588,0.2918485725602045,-0.9327103295531672,-0.0253076595731003,0.03624490059109489,-0.8910116969672102,-0.6132207431854093,0.17555750962455938,0.6743479414820717,0.3949506193881949,0.8135863826091689,-0.00776950343520566,-0.7489159709735793,0.12244088464578658,-0.5266841091949548,-0.051515300644057405,0.9427295066606377,-0.9628716190209579,-0.030575379509957035,0.6789000244932015,-0.03283936105147922,0.5673662064855873,0.3568419092630609,0.5291828413219858,-0.7334704714192771,-0.6544067942601941,-0.4798992709734251,-0.8873564035153765,0.8640190045129976,-0.4184366259553147,-0.9980504194643103,-0.949320941948306,0.7673991261530484,-0.7819219764257069,-0.6459106258114835,0.46200896840128003,0.20969481865606965
0.30205930865155084,0.775126460263265,0.5085905899723298,-0.5107492572492414,-0.12812164034624063,-0.7105817296180226,0.296679588941851,0.05552196101437623,0.7867222147174879,0.384792666449054,-0.6521121670099523,0.9694009226502773,0.8827967931489142,0.7016310189593227,-0.1817489109168969,0.2956282147957494,0.7715693558242582,-0.20711923670670362,0.7584041250245819,1.0127225632540569,-0.5785511231273645,-0.7248486860734964,0.9325809641533773,-0.9062185222394759,-0.8720145179502796,-0.2523943252206253,0.9230204930714776,-0.29523357695954927,0.28052136158469443,-0.3035362614917889,-0.9937560037965749,-0.181980561162128,-0.5010909991375689,-1.0179311795929873,-0.1736339150991768,0.7483026231213681,0.09137669157267786,1.0748641433583517,-0.8939994364480416,-0.036419645198715295,0.5458074761272655,-0.10779439005865887,0.24572787535783788,1.0121547396287147,0.10413216508536943,0.07587790133481231,-0.5153713969749565,0.3370105676719508,0.8565269509140317,-0.6274230300260242,-0.624610361690854,0.3619067348178089,-0.20158717653377223,-0.39977948849892786,-0.6908719804056502,-0.8658138191560096,0.0777652524260406,0.41955015778486815,-0.29573995120630814,-0.4947320217738618,-0.9279438874872008,0.2881450990157035,0.27791543533549845,0.8801844155121117
