0.8537764795377512,0.2768472361640353,-0.4714924964437597,0.8826572852351899,-0.8873807129410662,0.06384958200594015,0.9313333857124593,0.24191971667236356,0.3153113284873805,-0.969957206659917,0.06241842135601394,0.15817892709420733,-0.34704198225359284,-0.049583791789876486,-0.8314482466552678,-0.0648945155844973,0.6757814340374666,0.17066090556312782,0.07909841682436891,-0.7441696930557568,0.444757368189888,0.886285602401884,0.07548803265362806,-0.5064861179249684,-0.6043074878060328,0.9421057319807431,-0.8657263743599195,0.9482185126326623,0.06313761867315423,0.007013745983458719,-0.6904767638855245,-0.7037419506724911,-0.388002299033577,0.6489642180281012,-0.13149903385253153,0.33601421350038363,0.3436418328250728,0.4491632355581605,0.9529584509942541,-0.7440977618037986,0.5138052569138848,0.05046897444809373,-0.11718233926903583,-0.2932626508635474,0.6333656668048253,-0.9942263686729724,-0.24838505280079293,0.5164092107699217,0.3763813774643062,-0.5529867029400852,0.0304306896949305,-0.4337248805548284,0.7980467838503211,0.5211703438223554,0.6564297232055731,-0.5726150768457909,-0.4710820595194014,-0.05776984585360001,0.7217394451440133,0.5869977377090678,-0.5663220541492133,-0.43970325002996247,0.30748175985006715,-0.7515182214177325
0.897440450333302,0.46865068604331417,-0.41400852062427024,0.008896616530778445,-0.24698856099136457,0.25077928421020856,0.9308292127818756,-0.49167679558251876,-0.32975261427648506,-0.6825509513523964,-0.9277598070544368,0.6019716839454147,0.5811071760172377,0.17327833182662244,0.12137640524677229,-0.86294203834496,-0.08967649909862696,-0.6637682762589974,0.633640854565352,0.31707894830528377,0.04708858584919717,0.9192976782145053,0.7981455152818855,0.8569510574567487,-0.6619932024416744,0.518145619316331,-0.5034201201662212,-0.7102247858937659,-0.8569149448666029,0.6160899670962015,0.7276021969350186,0.18644336210626059,-0.5444353538875673,-0.40889925396169957,0.28567624169280414,0.9023383956591464,0.7714307688087083,-0.4458401337742933,-0.8237459776196225,0.10585622430976674,0.729769558664358,-0.4118082968776704,0.49760061133061106,0.9737044291387171,0.19525569840816792,0.061821493274325484,-0.12497307531593467,-1.0146854404123056,0.12281614355000484,-0.13284953240566758,0.789505818365613,-0.7470636168673424,0.16955738398961165,-0.3021762789495035,-0.3753476159487435,0.7515033203239765,0.03349814360706296,-0.5201834056378374,0.674108562768607,-0.551227852281337,-0.38738990811811796,0.5670368793506823,-0.13849350953594208,1.006856616956372
1.0405633492005315,-0.03675305715583403,0.6394380783333024,0.6675625180610949,-0.9585757116220042,-0.46095079058017374,-0.22710257267395462,0.59567920537887,-0.24206652868300413,0.6372961433955102,0.7835503262010863,0.21972762343743057,-0.28836274513523735,0.3282204029544036,-0.6628511971784697,1.010247519815687,0.6195626848726102,0.6118664954020578,-0.7445908035126743,0.42705644044753144,0.6471168791820381,-0.09796338642135072,-0.559087404509381,-0.7932011211638781,0.9082623312238244,0.9647318609220239,-0.7484935831947934,-0.7857595138103024,0.02405333234149576,-0.9601110323916454,0.24441346717048149,-0.4083717096330888,0.543885242327774,-0.29941734878680304,-0.9298630655118956,-0.06452690385951132,-0.6079387964847646,0.8148852612931816,-0.9276621178747264,0.8253735882375595,0.36882873404635114,-0.8333589369056695,-0.16256440619623547,-0.23290017516954362,-0.4852810689306082,-0.4347656093179738,0.8753175661608754,-0.09999650434921703,-0.43326678168189814,-0.22820709287447705,-0.5350640930232748,0.6354536796068738,-0.7280648519991737,-0.8340983053493847,0.17946007191343183,0.16109870441249274,-0.15791272019758903,0.04512838962589913,0.7282245758704884,0.4386995034403719,-0.43357558261948315,-0.4811703067601553,0.06450087442016139,0.06599730636626733
-0.3794549270690646,0.022084562095704932,-0.8295390239103864,-0.10875151048729473,0.9208454644555675,-0.2628332059565759,-0.2186795464042106,-0.6192603284477689,-0.8502718060834913,0.6213773213968362,-0.5077736897353704,-0.23754896822105254,-0.12765634644154358,-0.7016438537900549,-0.6891842403790747,0.8931557344508221,-1.0378555220821075,0.1579780751491835,-0.5604474218895916,-0.9714897865549195,-0.8021992142656884,0.43119777423603506,-0.6441753279748469,-0.9991422860552073,0.2293420257885458,0.5639104101395946,0.07898484049487164,-0.24944487805574525,-0.5769831301427595,-0.4765183375475046,-0.021525440882275287,0.2069264235541975,-1.0493790983945228,-0.6711052074218868,-0.5185157917211224,-0.6291636741692984,0.41387504456826374,-0.3096565637037383,0.7292821258222195,-0.4091882002020002,0.26895895356391364,-0.2930139839483042,0.46888047192694293,0.2615263663035743,-0.4407196996949667,-0.10070002097515707,-0.2956393350869264,-0.01250371348298196,0.04012930485105093,0.7970310092862305,-0.07046171320436323,-0.16542042336139584,0.9788580971161647,-0.4354829266195565,0.037316351562787245,-0.9083869053742784,-0.03359592461655368,-0.04112474679408365,0.5975884573067403,-0.2521961968509433,0.33673207765840085,0.5309518845701258,0.2678489788608046,0.6519067337331463
-0.9668025639989692,-0.5361950702497755,-0.2767317285744193,-0.5183565478895973,-0.00942795155031842,-0.985569065344672,-0.3190370929595885,-0.08621997497343359,-0.19873920703662834,0.7621879798231963,0.46234617280530865,0.7648642165000157,-0.9253110171292409,0.1964576369251565,0.37744034272044913,0.5677634590553935,0.606112980502652,-0.23412471456725395,0.7779266939005893,-0.15028274003923048,-0.7364703914755852,-0.4830631403705714,1.0075877108139732,0.2579432154541592,0.7414059805985946,-0.15265077400737695,-0.8929918861842243,-0.1838506804607985,-0.5508397725560628,-0.591182521210188,-0.007551799922132452,-0.44293639546703956,0.6320459444725988,-0.7572950265217722,0.7550040602747569,0.22394653766878436,0.9334366790633475,0.3475592665736853,0.819644037152703,0.7857332206165981,0.1981069914819025,-0.3362789869370215,-0.27250906904028116,0.37221970106467084,-0.6730426073465332,0.17120874806566,-0.6679443492738195,-1.0175930660377763,-0.5710637061891812,0.5368416246655577,0.9199998143812551,0.10781566764680237,-0.5049922339219763,-0.8361599540982918,0.27758616340540443,0.3889839598470099,0.5825170957425607,0.2841689915857233,0.2161330818870634,-0.6976403516761949,-0.9878397170626585,-0.20729133960864302,0.5077397137769957,0.3634083740330665
-0.9672036823919794,-0.261898008794077,0.04420460154954564,-0.34029868179091594,0.3641015954688065,-0.8071734222514995,-0.09265141745421701,0.2251131691953303,0.3473726752730149,-0.12884189750899644,-0.7305104833551449,0.6026580806151927,-0.8970426882030305,0.8925254243770306,0.5661016636503726,-0.4210283155593721,0.9683412090320045,1.0404683215154975,-0.2487427758791667,0.9125552931894275,-0.47644288145463,0.35078869186300876,-0.8745837740354272,-0.8620059286251971,-0.5303361965473077,0.23512823133260086,-0.711214358928554,-0.5639123526907021,-0.2661197289524577,0.1598021754065576,0.7355173627062931,0.9897610934006447,-0.3048992119014946,0.0613931089664117,0.6913466455531441,-0.055292861855225306,0.7154848554640478,-0.6224815709239104,-0.6326203226340787,-0.45887035173294155,-0.8504739242087647,-0.7006451438844556,-0.7937108922312758,0.10130919230191124,-0.735424592301438,0.19241305280235235,-0.4128989556239888,0.2796705435344835,-0.1705030279194768,-0.39739857982178955,0.5563230963893069,-0.23840126517244312,-0.5188751516174822,-0.3571749405063548,-0.9308020615847503,-0.8104196644733345,0.6146769747191875,-0.3739543936756434,0.7935246460324343,0.14511898884959584,0.435247059114384,-0.19024644850469682,-0.20953436326621477,-0.2162366963744582
-0.7506972974241877,-0.161099982526151,0.4020144968317331,0.42254802561865024,-0.6157411425052397,0.8337401824683843,-1.0878470022481312,-0.9837092419722742,0.7126317605161262,0.28300800835869844,0.0807852273997196,0.33147820780971515,0.648995401901396,-0.18574345997664565,0.6050058024914304,0.15064757093818146,0.5195415958617161,-0.5979714147936647,-0.9185449943357451,0.8749120128630579,0.4602322024066388,0.8854287052427587,-0.8040658783706511,0.6918426664240753,-0.28188570361632237,-0.10720437930727811,0.29309009201672964,0.162171687776133,-1.0179319275553391,0.56387411027724,0.7333228094738264,0.4683953492660946,-0.7600213808760761,-0.5137397193953772,-0.5188855523019915,0.15975283664256995,0.7020550869659172,0.03988464548887727,0.6980676450233897,0.5449686906054287,0.9170483869502739,0.6908635977050039,0.13729766118279735,-0.6373216532776778,0.40152657530476354,0.749639458942365,0.20797762720406962,0.8770000691139438,-0.2485738691638311,-0.6472832346250312,0.5621503021079988,0.014353308719934343,0.7637330379428973,0.9238510147081457,-0.562483687901089,-0.4294436269242765,-0.8189082641852488,-0.43898982612067217,-0.3370009832360108,-0.06225196538914157,0.7605157213195892,-0.387483167325263,0.752097103532589,0.2788152327621955
-0.7183379460934645,-0.15005694489212146,0.9043055456211531,0.8883692462226751,0.7687058079575424,0.25550816764064277,0.17219461579218898,0.07869261488787713,0.5766800315129779,0.48576719596033646,0.4603498197534699,-0.28139985530775835,-0.3307149887532176,-0.025896202239336308,-0.47589076221185,-0.35320846751700596,-0.20694048437061832,-0.7187541120848965,-0.8468185307762368,0.17239550990322572,0.883787140963429,-0.6849157144643043,0.5315830842468189,0.9093542116865418,0.44735988230391777,-0.17514347816913078,0.2907203701109109,-0.598504276754204,0.4113024726675179,0.4066714918230234,0.2661003942261728,0.583522276034693,0.9213241306967608,-0.6004522915866589,-0.3124093758924697,0.49367229663624324,0.0814234591831452,0.8766734514996424,0.9940749115799286,-0.6706378440507961,-0.2994287015568986,-0.6486332275811619,-0.018797454285480075,-0.49583200970106794,0.34409156865223745,0.08652699887073112,-0.14035601734801362,-0.6803211651798542,-0.14409735115182432,0.820602913560047,0.04527335323878174,-0.7002533371095971,0.7370257329466792,0.32808439755359076,-0.46089151085901126,-0.9557170496532503,0.4157405738909563,0.6348181414280067,0.9651192685259964,-0.4675740537208952,-0.6115552117999701,0.4674351645650632,0.6356734107752202,0.7500084344414037
-0.033945804222334355,-0.9911353437371271,0.510893908624799,-0.7243733754341255,0.3019721407623816,1.0189542298974683,-0.7196811854499194,-0.5235778952381536,0.8920716260633916,0.5133653872090986,-0.28024419379955456,0.5359836254994403,0.9039873454585916,0.5949165570194612,-0.23787100430971034,0.06462661226557542,-0.451586987186124,-0.6927924775068333,-0.026918273630189338,-0.35559585884738876,0.39396061665884446,0.2019129141090874,0.878646036385572,0.9633099213193433,-0.17829857532078242,-0.07928268032937291,-0.3392582188462327,0.13835710470026996,-0.4580257364792082,0.4741745702444136,-0.3466951826311565,0.691795749953555,-0.21761425684749036,-0.37321440649305404,-0.6918060052969879,-0.19905322863388525,-0.7108223199886107,0.6909380344598905,-0.8715218859032767,0.5485999437045943,0.5432560977428151,0.7649046751305081,0.8573351484156136,-0.23382101103548547,0.24798685263550224,-0.9605754239297117,-0.06379340156227609,0.5582678457560992,-0.8309249405805565,-0.33089737877790726,0.8271550447186435,-0.23101625486079436,-0.04100191084635113,-0.5770597240819793,0.47675957467969754,-0.14021763498377354,-0.9170447209944601,-0.0892789981173927,-0.1109649475917051,0.734199753215868,0.5363163974934146,0.7909428129239093,0.9796399788268608,-0.30655094906267516
-0.4101936208849246,-0.3076548357907949,-0.8476164581508947,0.9727507514934768,0.07289730445987663,-0.42108596812327415,0.9866763151084126,0.32917929040030636,0.8181478790105055,-0.6622330409255598,0.750502277020982,0.4874404593069507,0.3043705323492742,-0.9600619110697297,-0.5223032262772729,-0.7724990380796359,0.7240334326909743,0.9440711402482691,0.63655327403531,0.9468516602846044,-0.44827997979691314,0.9202140145253134,0.8069381236201523,0.14621323183514878,0.49305212473832316,-0.4397303643348327,-0.8528282840614549,-0.0732439102874877,0.20276605477241638,0.10098768799747959,0.21173278583775623,-0.431034331767478,0.23734158740995026,-0.14187779580625967,-0.6223476629918709,0.2828265205173638,0.37995311919398705,0.7030352566489593,0.1251598168582147,0.17138337273861506,0.5721308199590615,-0.08119874502085311,0.7439053359467369,0.7511730230121207,0.22394323046610998,0.09400819599253873,-0.11847379791468254,-0.278275839041471,0.09892727136023871,0.9251831775589756,0.48950607052743544,0.8552572869518567,-0.38830854798605463,-0.2729433636420262,-0.4025493444341435,-0.05871608445898338,-0.7860848038465813,0.7304999651311476,0.20678761846549346,-0.38752722005862617,0.2437823939040164,0.6523702377673133,-0.8015692308441116,0.29043318481117875
-0.7122902833733167,0.5988688536892972,-0.16060188211406848,-0.048799772278204756,-0.0784727090848385,0.6381460503275371,0.3936237353416632,-0.9129768636607609,-0.41899617093278674,-0.6127829850719899,-0.5409585073305507,0.3318622176378536,0.8569717759297586,-0.6172407424724462,-0.13698866128912024,0.6068786203413522,-0.7517084727110304,-0.42387470594241883,0.30086120553934403,-0.1808799337229836,-0.9827880802080222,0.8886282229520195,0.785202595022421,-0.6308345076373807,-0.057617100741660016,-0.8858439220298121,0.37320414448201394,0.8969444528611166,-0.3207159167690118,0.06552166261556994,0.7965498207678834,-0.564533650194025,-0.6982843120900486,-0.3344285449882467,-0.004987293365651291,-0.019452602816358633,0.7873632994801343,-0.1494516390634597,0.22628081209472492,0.5095741315331141,-0.7146332697608082,-0.11349803116589485,0.05562116614631574,0.9763596993016337,-0.5796133482311592,0.31687154796789385,0.8705848412379208,-0.22492368247612649,0.8806196960764374,-0.19525393822904125,-0.8307361378346931,-0.5313316370819317,-0.48731163222637136,0.5716575732299127,0.03671112633145948,-1.0299957980656567,0.4426377291534549,-0.7983994408238835,-0.9841476587530544,0.5523940095629569,0.6559862106464576,-0.49384084696622077,-0.2440294048522409,0.8012893456703349
0.14914996456195628,-0.3034581967001331,0.13644360788828025,0.6190784134999382,-0.019941957502678062,0.2042901861825865,-0.08356693028891886,-0.38943166836549004,0.6378752015110924,-0.540477177141576,-0.4407115250115132,0.7386367768504273,-0.41156856983887036,-0.5573692238333042,0.7638632449355374,-0.5301515068661355,-0.9226123947255467,-0.5391876395311745,-0.9030586667147229,-0.10177298428641524,0.8890288212583664,0.02922299173474585,-0.4967002297673264,-0.08820516784164496,-0.14303140963816152,-0.422578856914436,-0.6005607277458189,0.3334959949305041,0.9163778715494363,-0.8781962858691956,0.665398072776823,-0.24453179186421292,0.04976212817116551,-0.4133017859070327,-0.7438515104423541,0.4403353318750606,0.015937788282455623,0.6923380603412188,0.5764482697216564,-0.1427498521407397,-0.15439107955331494,0.5805623295519433,-0.7925323348707423,0.2974681208296306,-0.7960270066406365,-0.6712734410096148,0.6672543614538667,0.3918584801083722,-0.5120448126833965,-0.80624784595439,-0.5802095135949786,0.3733723964171125,-0.07759171987474439,-0.477514801907411,-0.6398337575528432,0.4415682122098531,0.8915411417392085,-0.08600112946566876,-1.0069410883982788,-0.7230728861851361,-0.4600989065270209,-0.4772206066568072,0.1684254743117769,0.40758344139661995
-0.8978659624605383,-0.19810881173524478,0.284763974083162,-0.8816463043299787,0.009226051053661033,0.26832292150635756,0.1581679460349681,-0.039535418103235465,0.3840813773278312,-0.962725351088026,-0.4756087111414846,-0.979207867300042,0.2779906542172854,-0.10527583926241704,0.5617237085628228,-0.0332569426495497,-0.7162109694387744,0.6930249228103994,-0.4012017787945319,-0.45976698033468,0.10257998465005055,0.840026334193158,-0.26645598077794963,0.22294892935372596,-0.2529574500323664,0.4516839874395514,0.3071867212582564,0.4532627932832991,-0.5422780730743506,0.3484858313699578,0.43119441012181614,0.45621122090708544,-0.9985562913614618,-0.6486392833952046,-0.003944738621681987,-0.26230753688987196,0.26495867967411246,-0.31928560190051036,-0.015041303621929264,-0.3749076340671962,-0.7754154258802872,0.019968805311933083,-0.06277408879449067,0.010653524786024299,0.46033704073990456,-0.011234002894263531,-0.6207692718602056,0.16844575007137275,-0.652615726699195,0.5597586978743019,0.782969602290094,-0.6504964250203281,-0.38547032050667784,-0.5254147117117726,0.5924539165275835,-0.7561441083540379,-0.482057012169062,-0.9528815433965314,0.02830861783211036,-0.03356322010285423,-0.5181387354005867,0.616149562413939,-0.45240582391561324,-0.3942854185008366
0.3632351273045471,-0.8486480357609958,-0.8293315730153894,-0.04752850282088601,-0.2146342335360671,0.44440923480559885,0.7411684187949084,0.8524761047520621,-0.07583349829361086,-0.35210413517311023,0.7056228587168313,0.8892643702744987,-0.9402892337298401,-0.4964436496997606,0.08223727926691693,-0.2001590906876859,-0.31754705296382735,0.847766143475047,0.8500866236827507,-0.21924362513056606,0.876002988216426,-0.886869058723917,0.5413592743057409,0.05867518625486623,-0.270152545580292,1.06311565159048,-0.4715037633215094,0.15672184555511443,0.6539972526430338,-0.5242437261921611,-0.9792382169337984,0.5883698664104575,0.9598205459011393,0.9590921518258088,-0.5296436350972622,0.279291065017917,0.6449140818645811,-0.4258986439665066,0.2922879683483519,0.7915759981959194,-0.33547274269091476,0.6086677914361696,-0.615537811954761,0.369896697584699,-1.0779999164512732,0.8276234470237893,0.3822649863239413,-0.632349711722582,-0.19326564295616935,0.6880722445330294,0.4802745626473752,0.38668039179916547,-0.6318507381550761,-0.945915880839479,-0.25708685902328754,-0.7155813941525868,0.5989281514276741,0.9601767920691191,0.7525870803393281,0.07552643182810348,0.2106062432481494,0.03039481836722155,-0.38977806663494097,0.3737033700188248
-0.8933850699210372,0.4849378852404276,0.2866709132688625,-0.6651300823941226,-0.8045890964186075,0.21585290799068035,0.2908443433315693,-0.30217016216709114,-0.873995737423019,0.9357981041830454,0.07222178317142947,-0.02006656094048198,-0.4959827429664859,-0.7841630311102852,-0.5529336423211458,-0.8522175745986034,0.21130104010103046,-0.47642050146221804,-0.6309957768822951,-0.6699353935934209,0.7505068998160963,-0.9687718686669295,-0.44745675439763377,0.2485937578303854,0.5378299880312077,0.44880404206950564,0.21532677814887088,0.49302563801507215,-0.0029720603942992863,0.6486478728143086,-0.6259185850722817,0.1075641079324636,-0.2816787222382541,-0.07142667412886068,-0.053452365727276324,0.6709237030235518,-0.15530812559441887,0.17025017397370096,0.2170189673972467,-0.6185491738250315,0.303939891004394,0.0070228975163598925,0.703328686928915,-0.1656749810135838,-0.27632926088851606,-0.3860160199723819,-0.2883210746619669,0.5788872873775475,-0.3453526946475486,0.46274522579543537,0.5328228895979228,-0.6293608743943657,0.486732141669388,-0.02596197657159849,-0.21070504562146275,-0.10166366883917861,-0.20441273171601287,-0.8104937174549891,-0.21654575555840827,0.19685682009851457,-0.4562790175555054,0.9997940657584099,-0.07338544027562821,-0.7948272552631828
-0.37221868215085374,0.033305374672904786,-0.25290934986416125,0.1615751312662691,0.6516924464631546,0.7892956907484403,-0.13395710854227727,-0.10525461507514877,0.8404825442748937,-0.7663805338919725,0.6152729840359576,0.1395276640328289,-0.8573486877113038,0.01748701315193313,-0.08280295088013379,-0.796591349870551,0.46951837126361684,0.22414626146146466,-0.4894323588019333,0.9164546194009157,0.07006567645663084,0.01281670614051067,-0.44745850732303327,-0.11066758642903385,-0.6832592080332076,0.7498565172105088,-0.5437608446829758,-0.1403199575291998,-0.8856743447791096,0.4815451506694315,-0.2259116711641984,0.5428300863968034,0.7612285646204504,-0.09765761575533016,0.02694218374015009,0.8844606392777994,-0.32065691854538025,-0.09441341334761932,-0.29263348399277933,-0.5787831120395596,0.5610842288487261,-0.5351012343290841,-0.17983572871067166,0.33868087236450295,-0.08422379816692886,-0.4856893646899397,-0.2312648979946048,-0.29873912722248663,0.26463712875624923,0.14928860320929238,0.05794955559596754,-0.14673491846512388,-0.7612216775691004,0.7880719152454843,-1.0180868203288058,-0.13339266698898844,0.6388984887228929,-0.8077347075207025,-0.7792104096788255,0.1988136443408859,0.27376712739461484,-1.0102902328842749,0.2356354176179205,0.5405148253219587
0.47863100238060374,-0.6705087203982533,-0.3374928822908103,-0.810417585126258,-0.27426002005877237,-0.7996768541343299,0.17384965332568722,-0.6998664293922621,0.7541011309108661,0.011930900493175953,0.6323828961540847,-0.7706218575018138,0.3073046160892072,0.4941138610928939,-0.5775488187675761,0.6828629209344237,-0.10111320259567064,0.5971591520563775,0.46209950457686727,0.2426852075050281,-0.11358692624523692,-0.10701436865850769,-0.572382747450765,0.8667580587727202,-0.5514740477078246,0.7834966403770054,0.003752673207812973,-0.022367883418739076,-0.1721432438061139,-0.32328617655406755,0.9952707733339545,0.5503949055285368,0.7490612033805639,0.6550841464588903,-0.18425714514253433,-0.0678768574287737,0.34037188908968385,-0.625817660130898,-0.6567613358495512,0.7732032155913497,-0.9937142674533526,0.7904027849017151,-0.9821092902760913,-0.11657749832556,0.9766194202785414,0.6456249007744823,0.9831519239622768,-0.145334204229832,-0.08585297421110027,-0.08079447907514811,-0.9623845289342337,0.9487847058074613,-0.30267351101844175,-0.44492845116217805,-0.32032281291261544,-0.9556251728469423,0.5372183462414128,0.8208343719701001,-0.6517286335787587,0.6376548957154714,-0.26372367749708564,-0.6294614695214129,0.2666467549165431,0.7890418135666759
0.31248933390310146,-0.5866823341279386,0.22392285854242,-0.8546585636792047,0.15585031757261136,0.645487524528064,0.8382098563350509,0.7308856756525668,0.3563169485474651,0.031095416065602288,-0.1434054580674981,0.02533387606798651,0.9628058096906658,-0.5451850209446427,-0.9354437014990475,0.1891466235705766,-0.2632146243215605,-0.3196710163050325,0.6992626691431534,-0.6015757264635041,0.5055748429467202,-0.24187435646854513,0.8927442142065107,0.7939260774422348,-0.3541303362657271,0.40501853687269074,0.5630893945429791,0.9732437689935898,-0.564773049840485,-0.6259947384744943,-0.531865977373426,0.09538746951801746,-0.6707092698785064,-0.27329100713999943,0.6571896491427115,-0.542418444184418,0.43477074789626413,-0.6544893378512571,0.2757406127375306,-0.4597135234053226,-0.8603623984276989,-0.6824151018616884,-0.07998300590019011,-0.6396631011536317,-0.7349577416660871,-0.7773871987797665,-0.6272562656958653,0.9351963267339063,-0.3368048812166039,0.21672475181578446,0.6766361566606515,0.7426985287838146,0.006393035666351896,0.8544474606662944,-0.4234428293483885,-0.8340159056534653,0.1652739808291177,-1.0586333673569577,0.5956255795320904,-0.750342112317917,-0.5828648246194865,0.9022868673064468,0.516421991042825,0.3535490729884191
-0.3482372661894546,0.21139672120785247,0.707909793791144,0.7252149733039339,-0.3694323359198628,0.7661563629337973,0.012927481247273276,0.44826335250689264,0.43244457874694064,0.3621365046901144,0.4748310853502432,0.3842981456249299,0.49363503535665,0.32650172304271297,-0.04407504495102699,0.014234072142852883,0.5875372373404084,0.15214222324472093,0.7332242912341392,-0.8512692300913125,0.3665478573016543,-0.3581315201551649,-0.20829110159785724,0.39368908282852755,-0.5123969997367759,0.6282780832314087,1.0503098756253022,0.5773615849882681,0.47639809569645564,-0.1579048685069444,0.6340914920668419,0.8165502730000644,-0.9029844595629954,-0.3748444837287248,-0.31988987903356847,-0.014118632690712674,-0.24565998403210454,0.17267208944056342,0.7641997085160472,0.01710639845388373,0.6936425543436542,0.31200753256002023,-0.9627604307937865,-0.8609377096341682,-0.316934042725882,-0.5107434874415393,-0.25675656138326874,-0.4745827831630489,-0.35759271236265516,0.710436029070883,0.8238028033656695,-0.62360179820993,-0.5534972424535889,-0.8212861906740668,-0.9755269240469808,0.37867240065144836,0.8741540034111925,0.3268235205401062,0.9980263185645859,0.41344223915374506,0.10864763529440286,-0.12593383463457092,-0.5979757007022946,0.5033133899837662
-0.49926644772416495,0.7603242567705569,0.10610894810934313,0.8673613847329823,-0.9392429794289139,0.9094060565547617,0.16753870898052203,-0.47442891436619083,0.37704377006667533,0.06220799571536362,0.25478339614191037,0.4389258248857545,0.49022474568731284,0.5137697371001397,0.4194969470412652,0.09889351365055297,0.8706078105288941,-0.4778122945571781,-0.34645590461679576,-0.3522893690376496,-0.8263406702540064,-0.7287826277496252,-0.1802730028672505,0.9185927102494134,0.9497579296687217,1.0526558789379348,0.5980429105583076,-0.8294975849067636,0.704089723031306,0.5567456610596471,-0.7017115373364935,-0.38334639083892963,-0.9713814173934363,-0.15983656118322742,-0.8042362956684884,-0.06963927445805806,0.8008046140835408,-0.8742389023738641,1.0488728280107598,-0.6854672192872104,-0.9302581020137854,0.15462005397422848,-0.5136884179102985,-0.8919251296598392,0.1251996074339441,0.20370223135709248,0.27495401488103477,-0.7452747390781016,0.6919532052131476,-0.7007279607770265,0.1049810449601829,0.15061838303413078,-0.27462674002533255,0.6250179699862337,0.7091310217487484,0.3913206079809137,-0.11155918195449097,0.5712479937811441,0.1809048161251332,0.09250848527736921,0.10163216606789338,0.5649508481094151,-0.73485273493864,-0.8547891425819444
-0.6516146354476913,0.40857532637441474,-0.5996693403023021,0.7450757584012396,0.20471894691546608,0.758097722455032,0.5550840345930818,0.213169075831567,0.11615446231421372,-0.058294279705357166,0.009286788490897008,-0.8216181563197963,-0.6548451459352373,-0.23127072157428064,-0.05594703007859647,0.4312054345330607,-0.3110957296305618,-0.7131070141747222,-1.0068642114999025,0.6896565573496914,-0.2514457438130011,-0.18204965208960533,-0.18679083989813253,-0.24935895418085455,0.3515482468167228,-0.7320320133465724,-0.74124004191643,0.29776211661426266,-0.659463546363578,0.577990127636614,0.5012931451857573,0.6276288768616907,-0.20192571216847832,-0.2461163415943697,-0.9706871461295299,-0.7440695479385049,0.6188063751899275,0.853134586472485,0.20100867392972388,-1.2423430135231657,-0.354914907527378,-0.8389326222162348,0.593897579603381,0.4637025893721736,-0.16408096564612773,-0.6338665929154699,-0.6846674311557825,0.15368943026163379,0.10228412135466208,-0.9660660719254563,0.7450116213584158,0.6047458324596021,-0.9177517553240881,-0.890959785302857,-0.7944565822329623,0.8007513546481171,0.9004925862052893,0.1032659664115878,0.9264354591196061,-0.8360985173331337,0.8138952437218228,0.985642969435749,0.07705405998284307,-0.57341351609701
0.3542540697976049,-0.8418671309279012,-0.8621092886860344,-0.43682256660010027,-0.20505799025052496,-0.6699342290873612,0.056026136777453495,0.4418026294246042,-0.9672489054302014,-0.6602215235962339,0.890919794647903,0.28870693641825373,0.9924307978464295,0.3102623028976468,0.3960907130362621,-0.13438350000792654,0.6904520369896795,-0.07727527937260181,0.7881580931571728,0.26425116378167235,-0.5152566689423534,0.9381188466891099,-0.3324827998715353,-0.14437436335988174,-0.679373708349706,-0.20843347055024108,0.36426577541738475,-0.1734525125220131,-0.7586953456887788,0.7144942853231877,0.7461097735809123,-0.7209794071291804,-0.021175233818914396,-0.40763702748288144,-0.16557992332314742,-0.28654057219111695,0.5393008607082828,-0.7002140517226879,-0.3237381243515485,0.6790987766191023,0.6401284902149007,0.647286929512849,-0.5687218137019069,-0.016178668111533456,-0.4574171578410613,-0.42160581035108935,0.8466994461467505,0.8003567877929745,-0.3176086329742938,0.7729690774283422,0.47090824852820445,0.22765845734921594,0.26041986343892626,0.9972090566730503,0.36334804041816104,-0.15055110021629137,-0.7267451588223455,-0.5874268442080124,0.7181855449215123,0.5737957104747413,0.0619175453926788,-0.4414181729607123,-0.34795883433073416,0.4305851594132733
0.41767935469030393,0.09094983058618555,0.31773591844390336,0.22965483594379466,-0.33786314651017946,0.1799153928736274,-0.0387491715120567,-0.605143194118286,-0.2952246693166667,0.4602144147632114,0.6220196843890946,0.2438885094507297,0.5249286614098165,-0.10213590043014072,0.8656353486619859,-0.10804466261247558,-0.27987763556676803,-0.2632274948933586,-0.45043562674981336,-0.2686494862227413,0.08490363115074312,-0.5860747133480884,0.17591095500056841,0.9419664973181763,0.41251381935469844,0.6979054769340858,-0.5602354070696955,-0.13766118609769573,-0.5739019588095702,-0.0582479886535264,-0.24972780507837802,0.0550405944280663,0.5876101054147739,0.46428345183015024,0.09891330438744195,0.1121709566682918,0.720643137641055,-0.024833375692405624,-0.14654266649891726,0.8288028492567991,0.20196992491534005,-0.21301003784849507,-0.620225003342892,0.27832964031261276,0.542446489117454,0.1798566609200447,-0.4213248850694018,-0.4443359781074083,-0.2766889184870616,-0.8102193967197346,0.0037917601600205852,0.33558760682005384,-0.42838282262857685,-0.09096661291603447,0.8261962190366228,-0.11616991824253553,-0.6410203205762908,-0.16353377463923713,0.0565927543945033,-0.17296266178903497,0.7469750563092594,-0.34590210836565516,-0.25037225787104134,-0.845705764286875
0.1518048694165462,-0.15025484689157567,0.11240634288927077,-0.5120582796978831,-0.8604670266286865,-0.6794935253461305,-0.7341409726970858,0.49454423342040554,-0.2800086851110033,-0.6583560376336375,0.6372441225888711,0.9826923797214808,-0.6529599476975068,0.32470039606039847,0.36503812267677116,-0.5220648476640514,0.21164662310493124,0.9854916502687832,-0.6518472835376394,-0.5932705961108113,-0.8090489383123383,-0.9298204389352693,0.5465807417265196,-0.05797798286213815,-0.8564561228892427,-0.14638181645027593,-0.33721005849734975,-0.11870819625674536,-0.04896590837824602,-0.5489223946139257,-0.29711431720622783,0.24568632922190148,-0.5626728778720148,-0.6552187220459349,-0.9764631433524762,0.6606018189868179,1.0222552912984764,-0.355457137246473,-0.8918511754561751,-0.02078748196289415,-0.1268699968029381,0.347209676793119,-0.7012005665988468,0.17756604734511905,0.23282763816894647,-0.6810088643231351,-0.8934179126041195,-0.6758365242455311,0.9667947988834085,0.4959273820432088,-0.46911800920279934,0.24277976989531647,-0.38266016557239646,0.945035308273646,-0.7657928095734344,0.06731004061725177,0.5467870232839231,-0.7409264996707574,-0.17563005743935411,0.8315963141822222,0.5404293335771062,0.5228733860127452,-0.8499741164610235,-0.011989946369714358
-0.7479948225169528,0.3153109940131156,-0.38539721792645454,0.10395165312216315,-0.4384713494537113,0.4273308277090373,-0.28117388267436016,-0.6429080493213997,-0.7967433400794273,0.1722725664356124,-0.2162461115523011,-0.008020702928739437,-0.21790027201891485,-0.7512439714986823,-0.23435882299331823,-0.6004865628687878,-0.9571623788006693,0.2645801897402398,-0.8613062681278099,-0.5599192791163266,-0.2701115776132281,0.7635778257711481,-0.5666737494275023,0.6690621934193015,-0.23766109226611576,0.41462285333446647,-0.31216637660226076,0.011381634050995793,-0.8565469611044001,0.8420205443206632,0.34894129838226334,-0.33471164007455045,-0.5466921159973319,0.1461255024283552,-0.1497169790593154,0.804042489934992,-0.948997822435198,0.33931313064947366,0.6575423474322744,0.6101001596548541,-0.7189177464695358,0.10405277333266083,0.01085471610104527,0.5406792656222236,-0.8856713148125706,0.7808229896886553,0.03677174007193629,-0.0919120300589833,0.3778827616543634,-0.7359440229673531,0.766226814189678,-0.8760219310491575,-1.1797786455834836,0.1061420695965876,-0.7007000101791722,0.9247036385115207,0.24520670789690752,-0.02323482587122419,-0.8324482297017856,0.6633845872784419,-0.7495931554965193,0.16103851238965133,-0.041382370193874626,-0.9698656487587258
0.36969241071942965,-0.3593995038646849,-0.9444152314732767,-0.730732037032241,0.1993484201301483,1.0237330141511816,-0.7769188176580964,0.9486524043485578,0.7314765086418551,-0.9503286520206866,-0.8711927892620595,0.9560528962998813,0.6242022074513729,-0.9312869069930214,-0.9791973692244791,-0.33023963361021474,-0.5137540212049188,-0.38109497051662833,0.9120185318125378,0.0375782680730774,-0.3967301354854395,-0.806386934243156,-0.9019053349707689,0.297064960657514,-0.1958431345326811,0.5450465363820949,-0.7796505782125844,-0.8268035148194319,0.5013773644875313,-0.3464782292917996,-0.015902666412413557,-0.6048354583965606,0.5404179772928168,0.5349563622291955,-0.3071726932876818,-0.4443999527225597,0.657714387704238,-0.3729401694126622,0.8869802327356936,0.35380168937566947,0.890138547295455,0.36042516390417473,-0.7095414997483414,-0.6217911396178,-0.6976225598819848,0.5726037760624316,-0.1348533667745211,0.46831422744218565,0.027678235601492032,-0.09408109350792038,-0.9266747474223478,0.14551823404963454,-0.2812966683054859,0.2529571497030427,-0.3071214028797329,0.20681394578200474,-0.4460283193128448,-0.659034959679482,-0.25574860570717517,0.4499066210891376,0.7815145587797495,-0.6775990003674188,-0.6844132560442497,0.5284325017642482
-0.41741452733842865,-1.0318049922289723,0.7510883306609045,0.8831600274692409,-0.9216846137059687,-0.22841073782097676,0.2014865753148627,0.06311187563718801,0.7594487633857856,0.1842323285618095,0.29351755859335393,0.5683091428146237,-0.35582607125880683,-0.24393857128922364,-0.9211395134782476,-0.715356288584915,-0.08696171370790662,-0.057984695480623266,0.1738483848177277,0.22806655568855505,-0.5687986909718546,0.054983503921209445,-0.339955064385868,-0.49850198897358744,-0.8815871345790491,-0.20015626760375826,-0.5278384402839046,0.1916345415230638,-0.5163807910203629,0.2785619322986646,0.6017741744429876,-0.37943329705933126,0.713309763499393,-0.8564495951344779,-0.4960224761442711,-0.1841464906085291,-0.4088898037163222,-0.3782899177496887,0.09136312924393697,0.7619875959844526,0.9523627858464547,0.15899924185032566,0.6100136527693629,-0.9215929695774153,0.35984350215693195,-0.8935404678207146,-0.06234435877205401,-0.501765993282653,0.7709007817842384,0.10177357630346737,0.4774781193913691,0.2968551364151076,0.9208196986422801,0.46969227151112236,0.43597559352250487,0.7822032973338818,0.42952333900326756,0.2935986561709236,0.8687043422313684,0.8565688961361739,-0.1497221752543489,-0.7349580261916604,-0.5876753539724042,0.27336079860850293
-0.9955664070664298,0.41320945194216335,-0.32325779124032533,0.4583119134660283,0.08380983782323961,0.23682721817844077,0.794902662108044,0.5340356592724402,-0.1960774540128254,-0.32329312198115295,0.0281662011467414,-0.327815114263449,-0.5955410809823181,-0.419295246732192,0.5893796674727321,0.12119021451083109,0.10604788775161597,-0.17372880277513378,-0.86149853302172,-0.45702317688437977,0.7226783538731103,0.6757685312232632,0.5916318330546079,-1.0023868598214456,0.7542159954389717,0.6143902055490342,-0.03141841492462652,0.6786888209388799,0.7953467984985438,-0.7410438351062671,-0.29146433917139136,-0.3424593290528666,0.05041891001784217,-0.7815603761569113,0.5665959823340003,-0.36319187972525535,0.6301977565893946,-0.8350863075466274,0.09926179111330713,0.3929389338058944,-0.25780948489805083,0.634439951548242,0.19312086351184463,0.5904064549481526,0.11063301858075672,-0.8761674768588692,0.49998508585124457,0.3292294032836227,-0.5397001291466026,0.2425252601327268,-0.8122793010519611,0.162867863972602,0.38254064469877036,0.23106245534573178,0.23990052536907058,-0.3195569139594697,0.4588281665098859,0.0037826124098466196,0.2146972960140267,-0.4878426016808434,-0.8602723457668499,-0.8638535046405947,0.8043374019502401,0.8695579287311831
-1.1032501770180938,-0.13661347164762028,0.6530655879789105,-0.9325991504598228,0.07127527533291975,-0.7303771360620379,-0.3426938693791086,-0.675127968333137,0.9761674520088075,0.6453451936601592,-0.32489623822885827,1.0798392244642396,-0.6234616498105587,0.4325028366726682,0.4884790064575255,1.0777957295354834,-0.57829835757961,0.21786194919595486,0.22140960701690937,0.29266730259684803,-0.8754969167615838,0.9341676391715472,-0.30955173278736553,0.5257735161698867,-0.0628675659003348,-0.2680803615044376,-0.366339938041643,0.09136544531908111,-0.9171710412800596,0.7675153039610104,-0.5380825217719416,-0.7540276222728546,0.5290551296806137,-0.12689577990584855,-0.48016122949282714,-0.18944602408354028,0.8405152952683387,0.35443438781862646,-0.5073233789700444,0.5543509050662014,0.09534010734849141,0.2748746106053999,0.1496938985353739,-0.8705850355659199,-0.17194797290872818,-0.5950246438596842,-0.4260707493733955,0.037121678538480696,0.19204263359227766,0.552816143908055,0.4072150669789541,-0.6858247216410882,0.9859739065159443,-0.12634476278673418,0.6391228100644327,-0.9395975408582407,0.1816166611094658,0.5478608703172412,0.01052844872172451,0.42495167759510266,-0.6245179027102279,0.07689601420102993,0.04380495432985927,-0.00978821035996491
-0.20834903777345226,0.9119698444895212,-0.46654976505431534,0.5522745292717626,0.48063175793100676,0.6760089758293044,-0.39439152166384095,0.2940405672175834,-0.7743212620985931,-0.6853598309213627,-0.762297367475573,0.009699997828201523,0.7409301497364602,0.8533799863182174,0.25186527500491124,-0.6291532761998941,0.9052893494796442,-0.8863765924195111,0.7035331245440372,0.34805016303504677,0.9375043940488258,0.3401259312863858,0.5983854560226309,-0.6087684839531442,-0.16220088278982892,-0.05363931892690596,0.7910494358632274,0.9242892093586196,-0.40777130388114785,0.6039615460070855,-0.2370183472779337,0.04980243139620533,-0.16576046911540893,-0.299330223690348,-0.02502589204715165,0.7787499817571597,0.8454517499259966,-0.41466217522578086,-0.084487537309617,0.7613192620258569,0.59496834573209,0.8468129075390713,-0.36172838436001276,-0.5118435866262399,-0.7352065926284492,0.3783377749141851,0.09921744288331788,-0.06318954868814086,-0.48742096990604367,-0.5012717942231688,-0.25819431388778014,0.24557396842135043,-0.5928820050294543,-0.09159238318436413,0.772907727717784,0.41255046259513917,0.8680430501993749,-0.1602471518350035,-0.05422829072745975,0.2984829444250073,-0.8652009875581744,0.4614515838918447,0.1588998289596124,-0.37015702604368883
-0.986660257249683,-0.8427767512220088,-0.21596344563898193,-0.8270669105023353,-0.4986919725128532,0.056205766581500435,0.44514621290381107,-0.28022580483657505,-0.3980830136556026,-0.97493014980638,0.36679608796749785,-0.5188081356514858,-0.3208045250683733,0.10320652354902093,0.04229779270053857,0.14813850576521712,0.8507868230357243,-0.9959617239419363,0.39488091527831115,-0.6697401893633442,0.903331252021691,1.0705467577380348,-0.1875714970518657,-0.9022583456843506,-0.6339974926171914,-0.803579337780316,-0.7912400384025979,0.9401470547035478,-0.368083504115049,-0.7918947852845901,-0.6566213093505993,0.288044263436374,0.3168430611083066,0.5342276687239296,0.955010812919912,0.34660259926739434,-0.7274823645335898,-0.8611106128972009,0.9076076632440315,-0.2084872446841082,0.13847559072840787,0.24897082176663154,-0.8461089783822158,0.062235370134873236,-0.2801253172039272,-0.11692733260948385,-0.19468079709987318,0.04462256094828265,-0.7422181776119801,-0.3569586169793696,0.9546337690636055,-0.8865773052583792,0.7858303235655915,0.2410063777026024,-0.06086162147429834,-0.9362539773604612,0.2913365968900562,0.831885743592184,0.6810482353806512,0.5841167573433795,-0.5798530900431664,0.15614568011481933,0.34829882671871326,0.23603579029475502
-0.6220694852582024,-0.6578913895616922,0.9916149805365394,-0.8531632980396529,0.7052130550782774,0.9190177102649755,0.9030887944580439,-0.4699120847704694,-0.741771659741282,-0.7816159861660821,0.28199508942965257,0.7652347345907964,-0.41105814331819435,-0.03592260510735423,0.1405547903106035,-0.9262019270166575,-0.9393346940874463,-0.09550934760926011,0.5656978269568911,-0.47003943842426665,-0.7691165556107082,0.9690462311169665,-0.49331088868951833,-0.6252007871194429,-0.9449370220849568,0.6098370143110379,0.3358356446428448,0.30199217258501976,0.7850962424981088,0.4790924562251791,-0.8908678574357709,0.17182498292385662,-0.11450479475724573,-0.08800861953636963,0.7919137295298144,0.3020125057017387,0.305012167477581,-0.43184069486077237,-0.8420757851558215,0.21823785904307047,0.7956376070842279,-0.678042443423594,0.8036924027262354,-0.6621190751344377,0.8812579721008058,0.9860984975178708,0.14345393877974177,0.7143490864615167,-0.6652254075176502,0.3318939492045494,0.1017625489565525,0.036215861655739756,0.3570887666078846,-0.2742633784414992,-0.3263591938767494,-0.21085922281234493,0.03949799981235369,-0.9765970214508182,-0.7631724561180403,-0.057099824191116255,-0.5395150550770359,-0.7709942385586588,-0.31606561090250407,-0.8700217014429881
-0.4976587206756404,-0.15125981902132032,-0.057466173642591656,0.6046979369398741,0.612768667347503,0.5983231435802746,0.9667247270342434,0.9443236666103432,-0.33850551067724854,-0.6051287883498431,0.6108973604737815,-0.3630912663545056,0.333696779294937,-0.8814511162150884,-1.0532936900987508,0.32464030524232657,0.7334623642227294,-0.6319875375263854,0.6528706801980988,0.7391664510797984,0.7518982565377745,0.6172269889841536,-0.7529488235265598,-0.8472542783731387,0.8521813148260808,0.4845844141465392,-0.42328982299843165,-0.6565684770644584,-0.06946220747523249,-0.023456859265450464,0.34875449282119125,-0.284715108339837,-0.5655086884052398,0.5841771249918564,-0.9457135224508101,-0.7002936173030527,-0.6136378436206213,0.6424962707715982,-0.09504992755829511,-0.30382198975405533,-0.2287869109557807,0.445736228875354,0.36363507219713187,0.8925815983198577,-0.9583602141018062,0.8200155306303161,-0.12761695159200181,-0.6182560887289359,-0.2705207747576538,-0.335530085672829,-0.9741405272822058,0.40218415317329076,0.39839328070476937,-0.05863298387186722,-0.38504520470203685,0.501135899292475,-0.33884061734564774,-0.5346507305861197,0.9468025408299543,-0.9297856949302907,-0.6913024354291122,0.19334702229322237,-0.13972472774169512,0.3399923471990921
-0.2618563584782101,0.03543158661763111,-0.35260784958786207,0.33307915860372816,-0.33086428569435755,-0.7426803963229334,-0.22384176369337494,0.8723586599350335,0.05098031393094482,-0.056170966021947155,0.38527924141090697,-0.9536625450183818,0.6593975372533696,0.25114787297719754,-0.954218098315664,0.3104600603191051,-0.23514774843990383,-0.8159624151874594,-0.5223156716206839,0.9864967564348703,-0.6945684621486786,-0.3512609229180337,-0.5530778982721039,0.7705372147894785,-0.25318212662377504,-0.251007417873637,0.15386673822000874,0.10074072250980481,0.43046948293446796,0.6016305726181131,0.023692614970455717,-0.6780110484776551,-0.34817646005239317,-0.2585504516297761,0.201443707100127,-0.04530189677861185,-0.592170381745893,-0.3905431606279668,0.5670457785551775,0.943318143082231,0.2168503403409292,0.9667308365318164,0.30370570451253065,0.5748320550174371,0.13452761647367575,-0.861008889725968,0.704656116219621,0.8277724221870526,0.15683394514853122,0.8462853045686857,-0.5277405467795018,-0.9576357907653181,0.5110909530996611,-0.34621537223507104,0.22335425864949354,0.3683776042835311,-0.385702803926794,-0.9707478470123523,-0.8164748247301112,0.5405634038109342,-0.46483774491632013,-0.11724190043091991,-0.20697252467604232,0.25047949768134536
0.3353969051775007,0.535167663756513,0.8286972821920323,0.6624990941079923,0.9611435377518489,0.0303077623917829,-0.17831390857167362,0.058662589443160496,0.23100462298907498,1.012800695500724,-0.38587602478032834,0.7431639007972941,-0.4734823989231893,-0.5866628252210033,-0.3665317469908054,0.90745763046081,0.10448897315649432,0.3709947419402968,0.2856497756584003,0.25983380860908967,-0.19062388330272295,-0.5077223841672007,-0.4984056936968293,0.03212320322259733,0.979201030039114,-0.6288369622811939,-0.13607419131047482,-1.0753123274775784,-0.8565788423600013,0.03090397474630882,-0.16780443642988568,0.47809466552926766,-0.3745629817998328,-0.4730917817204354,0.777986073331877,-0.028483673845900448,-0.8982889280501722,0.8220298589583506,-0.3269004778239568,-0.6952069401593579,-0.21586466031187235,-0.6927025779444826,0.15580147698794589,-0.8729320371250734,-0.5956742036255493,0.6869931102461238,1.0085006448895717,0.7431099138207586,0.9514908647833966,-0.9067905263890037,0.4647228900304267,0.5188930703268604,0.1611423157405315,0.9653311924309553,0.4605520271723922,0.801376153519328,-0.5815324847779257,-0.04431246926480337,-0.5917762424500772,-0.08901561557528748,0.8931603651910267,-0.46402651388491534,-0.028010823578848765,0.4153285809924532
0.808686759686482,0.02652152774613481,-0.7974206925252236,0.25961959984262406,-1.0746568899377633,0.8720515860649878,0.5548883315819048,-0.8598017868776255,0.35970620960848887,0.5437220598812293,-1.0359423536396088,0.6380436511667092,-0.5942976087382588,-0.20242726132080693,0.7159304285010937,-0.2946741730569321,-0.04419982974515724,0.7992337394612306,0.0447020783905796,0.17970011226587124,-0.6882197575397311,-0.5120376596825245,0.20153713391165545,-0.6425590513165422,0.18147187279351024,-0.42733348080089234,-0.18956420825679965,-0.32981152538917424,-0.2503831253972404,-0.21102375636347181,-0.36635607090174926,0.9010028206779517,-0.8112347677524858,-0.6405580031976037,0.9167034599699321,-0.35316367302521057,-0.02339960880174967,0.09403044196880361,0.2843561757222539,-0.9926269939302366,-0.7300816224048137,-0.405797609138173,0.2625215539587186,-0.7131139267166451,-0.9758142278025888,0.3546615545360776,-0.051252362917002525,-0.8767915757515241,0.8716873632287292,-0.5836534157499673,0.3855043643708922,-0.19292996629270331,0.21835002480625243,-0.46342072819905417,0.05253217462679771,-0.8438777968395319,0.5573019216064525,-0.40193083874918,-0.03410305772476918,-0.856203521991665,-0.37260548356081724,-0.4328562000377105,-0.27062320266181583,0.09927614040590957
-0.12580155313276853,0.05083902275696062,-0.7154148276355483,-0.10291389185613542,0.4779751313400644,0.7957271125461189,-0.9216380392170254,0.2779383672102963,0.506889502574961,0.40642409004585084,0.046541292514564736,0.6830515656832259,0.18608491609727063,1.0735168217629425,0.3798009545741754,-0.9541373676696991,0.49986228335095584,-0.5279842741852949,0.5292142581517792,-0.5743981234342213,0.5829018170006037,0.5421616758893268,0.9525231763912443,-0.5266421208355927,0.29469938832964826,-0.3598975384089009,-0.17548863454471686,0.3754061982339143,0.5133879145026672,0.5692362361492789,-0.2418148664895225,0.8441008345053215,0.9109405439386513,-0.3306490623222593,-0.5384514022403215,0.48864570204041524,0.7397755286833501,0.3458435732221048,-0.6657557873499386,-0.8428036443033946,0.1806420768348039,0.371656487795609,-0.04343292704700251,-0.5325745659097629,-0.9512845347918188,0.06338996411462747,0.6802108361648513,0.8003324109184011,-0.060930861005216386,-0.5645604621633555,-0.9401263795307994,0.4119373891300802,0.3231900605000675,-0.23841060431390612,0.01136385518569738,0.25981961213593796,-0.2850174800974182,0.2902847798307788,-1.0392805389575006,0.830516955977594,-0.700303877350782,0.030796869936750904,0.6726773525832501,0.32185754079689777
-0.9051011695569384,-0.3999740165621424,0.41891543374815887,0.3824394034949876,-0.7415263223041031,0.16078624842235145,0.30645467383598923,-0.39914597403746543,-0.837192350418825,0.9278418584422162,0.2909851860528887,-0.4319403461584995,-0.09082334409236203,-0.04501177937180818,-0.6218204784047316,-0.8466322097822208,-0.9641549417901892,-0.6278349460978941,0.2250686469096972,-0.18192105891662522,-0.845915764137028,-0.9240358629456547,0.14998365189884597,-0.5795424659913033,-0.7120581650746558,0.6289626800212963,-0.26247880701842297,-0.3933737998581087,0.6091179021184447,0.9592825946598229,0.5343872998046015,-0.9807525344886467,-0.4770242441612218,0.12954791996123696,-0.8673951700042328,-0.9392379742988586,0.8507029020306911,-0.9484441600463098,0.9718515546742699,-0.07868702650505965,0.18458987689072326,0.45088745251896944,0.3443386743925072,-0.1652293887430211,0.0938266460462363,-0.6092822044931022,0.5014539111020013,0.21433532977548142,0.4768649961305602,0.7076807508740113,-0.9220885128285956,-0.8216899406619835,0.02545710243128707,-0.07865526383178101,-0.47779113950838004,0.4165543831561749,-0.6074983509119972,-0.6732386617613064,-0.19241363424365088,0.7299096086135175,0.28062870650505783,0.6273338967056875,0.6351525794662016,0.328674512502989
0.23900892773130655,-0.42756491154979903,-0.8025048123952594,-0.34043788454385626,0.5190091794873455,0.5739207772557544,0.27393872820495,0.8866623823457533,0.5042749954804951,0.2202886194512953,0.003201005610017349,0.5446960125130873,-0.3453637503558765,0.2667100438921193,0.6187511478651895,0.6081251336090545,-0.6044497371416138,-0.5580017711316789,0.15550536545009264,0.97479808601098,0.6788949225062935,-0.06939926992166212,0.3467425449872812,0.6141549445539524,0.7977815870138127,-0.7197138169931381,0.3978944445322139,0.03893963270962697,0.18797555477303307,-0.2107977590943238,-0.7318755628404339,0.6136568721344449,0.23633937353861822,0.10149829366103891,0.93873698910983,0.5896572734034098,0.6185570854832619,0.5976515037227785,0.780977669079884,0.733132346812017,0.62275684346904,-0.7669032709597855,0.3200001694927592,-0.655895541983855,0.7154742334789962,0.9406134096438854,-0.14885971934046824,-0.2010585852829201,-0.7686895866211063,-0.7799350127640214,-0.5332640597094747,0.1911109504943882,0.3687840844413637,0.5562773026206833,0.3572383803825572,0.6365383055442932,0.28785096123180365,0.4819224676112852,0.8221709538062971,-0.8012288429026557,0.850713307528894,0.8145934132844579,-0.08208315384152542,0.13081521949373087
0.010369982743349299,-0.9747272234367299,-0.990515892275944,-0.21048869595256892,-0.0738378657861336,0.18469427218606782,0.15513994318635999,-1.0414962353721569,-0.22333104014315674,-1.064343588495073,0.6890032542836714,-0.5416380647662975,0.5957306042780663,0.14107951774745603,-0.44415091793958816,-0.6556771758247024,0.7430850875158541,0.21008258286004478,-0.9899768151517738,0.8664980175982082,-0.19751392991015937,-0.8203164897813853,0.8257405509719331,-0.5797748357291928,-0.08918815229893291,-0.9264483997367965,0.986029918601071,0.7474594575007909,0.7846520065012181,0.5155411487827588,0.2711042564377433,0.8319841021365275,0.10435185096038224,0.668528610533316,-0.15448713679851703,0.4559031780360151,-0.7717616556967826,-0.5246184481829901,-0.5033799452857549,0.7819453394439719,-0.2369288109089531,-0.44743886035233565,-0.6062647703081767,0.08817905194487108,-0.055134393524310044,0.027308689880089665,0.5679329334381888,0.018148376363400956,0.6349028275784521,0.8327584835048604,0.07048695786592274,-0.15778514278299158,-0.40115916899387805,0.4013289303467191,0.6532413926335696,0.18780248179140813,-0.9402515519820652,0.7693178650361152,-0.6717533529908875,-0.8935209212271924,-0.31898513350112967,-0.5034998893076713,0.4463192864343615,0.8548328169267605
0.2545924898003424,-0.4646218270705777,-0.040158612062386495,0.24720979093607665,0.9789391787584389,0.06403946412673167,0.8564977099320377,0.6332821705041884,0.554205900033536,0.9559952799082327,0.5494535142471286,0.8252382778598435,0.3670953049403308,-0.630611439953938,-0.16469517123062816,-0.601511569316635,0.9650182792968431,-0.586944662682203,0.6433758447710956,-0.04869928033305637,-0.7914508804215146,0.7676488130875155,0.015963740689220365,0.8045727267221661,0.28214698824717244,-0.5078625208127763,-0.24847704819308047,-0.7073797158292779,0.5928014828187158,-0.35873663101434805,-0.685995387489717,0.7554136302958109,1.020843733316218,-0.05753180114042153,-0.6282188685538788,-0.22225995119220365,-0.3680340369223152,-0.8192543502785422,0.6877162578896314,-0.7190913526325462,-0.5480438439830364,0.7875737906383575,0.549617514608495,-0.6930263398991345,-0.0956240261048269,-0.7831551280575295,-0.0649090669524803,-0.07846743504672143,0.4787386789156982,-0.012407737944110986,0.8544274970422223,0.2599626425160766,-0.4523334907721487,0.6238625872891461,-0.07989218692615796,-0.9778100811336687,-0.09257571856955638,-0.9814337032712603,-0.5040222819026398,-0.1302016825916128,-0.315427872758704,0.09554725687679246,0.37925011387904983,0.5727212722812727
-0.3421004327857625,-0.7387380162140971,0.02575992620032419,0.9848987588661169,0.625182618025668,0.5506019888388821,0.6278628152514558,-0.05576781789867802,0.02339755673993016,0.2040353338243376,0.0011557135141671004,-0.06827366870120244,-0.42015633773320393,-0.5385648670977621,-0.972589714819786,0.2658442170763866,0.4285484411455873,-0.33235162281008357,0.12789874865679307,0.10904955004524841,0.43098058840898607,-0.6915816019303394,0.2738139040927223,-0.6102430772846148,0.9873560611333452,-0.23507837908128026,-0.9192027788670674,0.21468037772352133,0.07558890565058829,0.6188661192955864,-0.12802998595244047,-0.014781907252869653,-0.13274803478339695,-0.7032500347929598,0.8486958210849378,0.46702520872448905,0.36692474359733174,0.29336360599846273,0.5658389084266244,0.939536453081011,0.3285216783264284,-0.6153514003767333,1.0440188849589953,0.12257773375236258,-0.2893521128667722,-0.9654303548481635,0.39978246712744814,1.08857488535509,0.008057040060297893,0.40903772079816686,-0.7261850135061352,0.038870846090747646,0.6899498060279227,0.6536730792429075,0.20859524059565726,-0.7878993733022743,-0.18921584773680758,-0.5510138248141405,-0.8348843652108382,0.6891763263352955,0.5650840632988752,0.27509740951469513,-0.5861281230833866,-0.09059260995374263
0.08259033579806221,-0.8253300129673721,-1.0046232681351361,-0.9863161660576981,-0.2130237214182694,-0.7014838327796211,0.6769540774866569,0.2641829562901745,0.02263295394744058,-0.43817179107495874,-0.7248438022035997,-0.8558508954801498,0.22495007812837742,-0.4724450615903628,-0.4713861479076596,-0.22021526131967492,0.9134082549258715,0.956228678016867,0.635803503596958,-0.5791042258741673,-0.7340595081087515,-0.3107483484367847,0.7496530329780223,-0.6079288330095579,-0.47779877264294957,-0.23855775014087155,-0.36819305401742325,-0.819313111193214,-0.9695795675312999,-0.05751857167138877,0.5940602966659163,0.3793302369166902,-0.9344429659175126,0.9370018914336196,-0.18086880654958448,0.5866393704258017,0.8575433541840611,-0.03617482069858413,-0.1156127741158195,0.9072805020544246,0.663140599127021,-0.8122381924720823,0.023229873371216847,0.3145915414734592,-0.8200779901945507,-0.7806379599085547,0.8495327040652868,0.15181712952958712,-0.9154919247855051,0.12236069972771757,-0.7904068757177638,-0.27858778388286387,-0.6530702242652964,0.010066389938750975,-0.443518748115189,-0.01842862699179193,0.6558171058189686,0.32955242814569796,0.3964658785220392,-0.9651359548604157,0.8968143391005664,0.22799368890478044,-0.20731018756522657,-0.9139370938855487
-0.07780846507568806,0.41318924393070044,0.9783691951305957,0.5600984000763323,-0.39730938965571916,0.04662666673137972,-0.8861867771389969,-0.35173731082761583,-0.2624713620870417,0.9430554275070782,0.986379559051359,0.32396800917376467,0.9323781446984383,-0.05950500328457099,-0.6793087794141227,-0.5658632101994256,-0.12641819367349694,-0.3186298966992329,0.6615174352311687,-0.27817272221127876,0.856695869538943,0.6215044285217386,0.4665861953608391,0.026515275316983278,-0.5598772192672778,-0.23122931075006825,0.07384018649140334,-0.853214982443329,0.396558955324292,-0.6345741275507274,-0.8685912059515574,-0.532660959879748,-0.16826451612758941,0.24133937366755243,0.8976345665209278,-0.8269642821245606,-0.1190497434460116,0.3994404957622461,-0.2688646003650459,0.04567771171822148,0.4291661843367863,-0.14329028457887127,0.2874797813052703,-0.12691563136023504,0.23072650445999876,-1.0167350306249991,0.8858050815175664,0.4366921674964621,0.707113329250953,0.5622252792683521,-0.7785568735077699,-0.5924796200902505,-0.9965745038490941,0.49742126104109013,-0.2165127203947972,-0.9187011757085926,-0.0005582257900370868,0.3409560856663152,-0.41182595667117955,-0.8784237436622389,0.04922057865880067,-0.658684726575514,-0.7347836023890117,0.049000496419411066
0.7648407774689513,-0.8575839200725837,-0.7462679745757401,-0.510927629001414,-0.9367875995748456,-0.890571538453288,-0.27222845165790566,0.7606803987118333,-0.5734717502483115,-0.7541464703973499,0.012160302870700218,-0.49766548634628616,-0.6034206716695298,0.15524300565843502,-0.2917708463584019,-0.47542908048667787,-0.652014535204646,-0.002162072184839381,-0.26844301087184075,-0.4419994209048421,0.26180091456692955,0.16571439340216232,-0.4595886357025609,0.18895216007947593,-0.20874309819721812,-0.9822284065136044,-0.5486439497229642,-0.6772906874315315,0.7608803880898147,-0.315252393262237,-0.27593994732976634,-0.020127616064487305,-0.2606246183536507,0.5024309360411592,-0.005016815439360389,-0.5350599376883343,0.7876786355918202,-0.2137061806257201,-0.050868889846341525,-0.2512741923967876,-0.40265370621709584,-0.22573545485702473,-0.2320978644572902,-0.4810623818332478,-0.6928977337935014,-0.40165941642928105,0.4271349219955076,0.34019307112906105,-0.08646198231727698,0.6829846471868231,0.9512396568679422,-0.6905196871047357,-0.6695180371135795,-0.7151291825504164,0.8605829031203549,1.1608109852759538,0.32985510875512036,-0.7050990287579106,0.7277452723755655,0.5975507678178645,0.672129586322681,0.29701747322699434,0.5535514991159582,-1.0091688507232264
-0.38142016654187816,-0.8623123882250694,-0.8488377771532749,-0.5400523746629129,-0.372057221565426,0.8549817512037208,0.6770055704827829,0.883765644010007,0.07485710223709724,-0.21151480467157113,0.7965345966031414,0.5843275903038143,-0.25178142515114676,0.419189635518457,0.7606177139505262,0.884410443126854,-0.6476921389945001,0.35583117482086624,0.08362804050663623,0.18987365481095328,-0.5725193525655259,0.3748345479292713,0.43536035917211735,-0.6575990015193371,0.5223554991378494,-0.5762439850599935,0.20116429093204197,-0.21620999708021782,0.1661375997624417,-0.21847064617661288,-0.4205170911806433,0.3302263818935891,0.8276642831102214,-0.33982913568112505,-0.30988625426160854,0.749927880020454,0.41506289916957384,-0.18012350474120958,-0.8395658002923139,0.7352574818453446,-0.04687319499845656,-0.7345561894782251,0.059574584717584284,-0.7570810647110731,0.577149226072758,0.25781878246778556,0.10531599365461039,0.7743951871770999,-0.8030785243120877,0.8946434949749957,-0.7222650038993631,0.4767229677496514,0.28022225271929413,1.0098753971836198,0.3124755798174992,0.932557079330593,0.8259609585827412,-0.4314740655732239,-0.020436697171691415,-0.5461143738046106,0.8605237973225659,0.7507574658906966,0.9551405585693392,-0.25725607372157855
0.0724576156725234,0.6775015702887606,0.2134774465256497,0.5259289817911401,0.046672956831436574,-0.9846165000135971,0.647010922395737,0.7789877749015828,0.8623873698229672,0.4751935183449373,-0.8941844973337425,0.8909249815181639,-0.40478549990500223,-0.47589165847148907,-0.9688623722609038,0.08695684489659639,0.4877974212018853,0.5906561865140989,-0.706627236826443,-0.9488819566518516,0.10454325163209566,0.1542507517689961,0.27763601846016,0.7502703397309347,0.8147531376264769,0.019003664780263663,-0.14812663452084818,0.50480704505332,-0.23465578262810216,-0.5217696358763846,-0.19535220235956682,0.7132973031767204,0.0536988154412847,-0.11213930997300148,-0.7284861306631301,-0.5517739945645552,0.29257061878878826,-0.2299319044092169,0.6702790199341525,0.40250259461757837,0.07997435964869477,0.9519661348381299,-0.7123128309584972,-0.6592912756907119,-0.8642870937780234,-0.42566866922203106,0.7779553471507897,-0.5027998049363107,-0.031220744921762966,0.2003313127093202,0.2828639327787696,0.49948839497277947,0.7127664974277589,0.5625662286513764,-0.6153318505693666,-0.41681405236884594,0.1436208873022451,-0.0037391224614429786,-0.4703328556089392,0.04128985678042213,0.9256551488330019,0.6588162418817962,-0.03688317003184871,-0.001247237604606627
-0.2919520986751749,0.9506347180031397,0.2592773462561282,-0.6329383871388053,0.2128469425539723,0.05958267313398413,-0.25231451158833285,-0.6936904477856876,0.8213077843102295,0.8745851546834683,0.8986005567568657,0.5229876115742111,-0.5434871640591564,0.4144131843812072,-1.0323158940399557,-0.8141844814224783,-1.054760941607732,0.39816145919867396,0.19790253453324214,-0.10725683049404919,0.004667131972558275,0.23263784096207107,-0.9940610615545399,-0.2962454371270231,-0.48830747572541233,-0.09693065493393138,0.5137223615001378,-0.5146184972958208,-0.35762564976083167,0.7430044579466978,0.7080313971790653,-0.8921411860391912,-0.6186381297078953,0.05030006907406159,-0.7478116076433069,-0.7744537416104225,0.37466898203060994,-0.6863399950941738,0.5688554469340141,0.5868898117369978,-0.8877873949118127,-0.7655311513989743,1.0389296457234882,-0.03961988024512819,0.6093391498782197,-0.47946098218893796,0.35066096827754256,0.481589994975405,0.9554264842759597,-0.6276799595971858,0.6334801282007729,0.6767624620815144,-0.8482295853271968,0.29457549936526084,0.15124289798350965,-0.6699834998535013,-0.5042730665512983,-0.12503365819229906,-0.39392320405690245,-0.26928534468268484,0.16232906779689982,-0.126848822688985,-0.46138176993000435,-0.4751456953736163
-0.7418172756352575,0.8569608480218305,-0.9194422528446043,-0.36184149947668787,-0.34157696787450276,0.5690485968969412,0.3976519463333287,0.8936061640922615,-0.11139972882393276,0.9213798860293139,0.9161470815942809,-0.22232849701065138,-0.003011223178813152,-0.17333237106477642,0.7357170593685578,0.6920028829265978,-0.242002798395726,0.905720331855484,0.8394884583359146,-0.6106438221647688,-0.8027281155639973,-0.6978373689555378,0.3449144560983119,-0.7529145659061305,1.091987349527152,-0.8144752225508605,0.5010960185950575,0.45547813465558984,-0.6259058856365972,-0.2898661549088415,-0.7703051056987663,-0.8493341214455116,-0.9114309089706958,0.9859723765526935,0.7251999297395819,0.25269047922908555,-0.678610670332809,-0.16471450402472926,0.018494054452129594,-0.5003295939301349,0.2280158536211502,0.42568780795684025,0.8881099732704811,0.03050830050717325,0.5142062247564352,0.1787210804819439,0.8705440534073339,0.3743730752587615,0.26787761323447,0.1581630645191101,-0.782747579904036,0.18204024755164183,-0.17495196810674218,0.3253097210369539,-0.38787457117134366,-0.09037387589802275,0.5519998722060797,0.38167429104347217,-0.9420931759142084,0.21486638481844644,-0.5900742030235347,0.3636004629607077,-0.27386067618524224,-0.6146469536153636
-0.8997876092082662,-0.044754951280007754,-0.5001082586230581,0.12639813666698507,0.8188528300551677,0.8541390560370508,0.404740081236291,0.19818459508103814,0.5638526247229629,0.4126514162566872,0.34030504049407684,0.05554593599610608,0.1308669815709779,0.6329466895157942,0.6630914305915867,0.30712760287864604,0.6260619960323209,0.48422822015503875,-0.7385851227300424,-0.2206262414406861,-0.7162073222835569,-0.3484544463508474,-0.13611263262687245,-0.8758044237347398,0.5647575429128568,0.6712907180225138,0.14069220717462053,0.5761526289554734,0.06754234281354488,-0.2449860827897319,0.5595492643720767,0.6264301483246917,-0.19266533914333103,-0.1150838149634805,-0.1329658745056623,-0.3295134955912116,-0.8547901613789152,-0.7364217273145925,-0.03746938895656621,0.6110079203925892,-0.3742905636743823,-0.7617785232864442,-0.8213857648418899,0.2085579595536204,0.15904433542437024,0.4479138542957739,-0.4194749093710106,0.17997490109684988,0.3351504377929224,0.7654254439790915,0.45580579342627203,-0.5907358085972163,0.12933726832284376,0.6783086042835513,0.34443685593177253,0.992626977251978,-0.18815213708336045,-0.9326586628599549,-0.9129743430159025,-0.746382002428474,-0.1676073336561894,0.3171536539562285,-0.17197020595493417,0.185762485206437
-0.649997126563358,-0.09427144570534712,0.22843470787074605,-0.8543943884837755,-0.566924969961116,-0.5047478666291834,-0.9738298399769676,-0.699825238377578,-0.22799949615052797,-0.3797363850199942,1.0150153308495196,0.8993110430022533,0.5698660952037844,0.4809848449913208,-0.7925280804143418,-0.16946924321858692,0.7555814145079747,0.412697782936159,0.24145508941611893,0.30971309244168593,0.7280334529281467,0.38753388720089954,0.8367996698274718,0.4388421189068116,0.4631670356090337,-0.9136380583401812,-0.8545632185763975,0.5893200093113131,0.9904638859127329,0.2533219471534477,-0.9208771858939147,0.523712355836149,0.1398257328295882,-0.49407350911786774,0.2100325566067141,0.2976678653441236,-0.6819341934635206,0.7954072185679628,-0.715029663480431,0.320512951338675,0.46418312977965304,0.7236581941395884,0.3391281909316337,-0.5293743207557231,0.7563847944574726,-0.043883461288663606,-0.6228590054720899,-0.32185551958419467,0.6477109591021903,-0.6509215560967863,0.5565090077377913,-0.3627989654294155,-0.9307829275798727,-0.6082932696130752,-0.9801337945709643,-0.07338604729234846,0.8365862332607845,0.7097413676549127,-0.05204062558763667,-0.6943610152889833,-0.019095842061898585,0.7069365839288057,-0.16602345220904358,0.7788173432742902
0.7114072074251874,-0.1276432969132117,-0.03948323671630352,-0.023067952361676025,-0.1215975431357521,0.862874392651763,0.3939805323920975,-0.42893892346145446,-0.8305095432042782,0.08724604190457508,-0.3329839414155843,-0.22775408547854026,-0.711022306984186,-0.9101456796133726,0.1543076658338451,-0.3135990698210156,0.6517715305049709,-0.38301769515525397,0.5570581674515576,-0.8648252371354876,0.40104615501736784,0.7634799543182833,-0.8776398075529213,-0.20797668929853125,0.30797897488798825,-0.7412606734158202,-0.6174746099490753,-0.7673245898479849,0.5050045959258102,0.21538714126735417,-0.8363908806339511,1.159061041614985,-0.6786402564735892,-0.19691689204237034,0.08600939673740615,-0.8787127770800067,-0.3791267584110507,0.4126323232626252,0.6545061637594263,-0.3049153551210855,-0.16144047432500086,0.14400242544113473,-0.9376520756275879,0.24268092959802723,0.1965082126875688,0.6510850615888818,-0.2445085753917097,-0.37367181715683373,0.29196770510896486,0.1629612082452072,0.7623976418267168,0.5259967051084034,0.1564878829578635,-0.8454600818721658,0.13370923663632595,0.28396589948844114,0.5998908649557113,0.3854103351397393,0.12567971908422745,0.6035438720958711,-0.5045339293763575,-0.21643092681800313,-0.7544786670243189,-0.1386650482102167
-0.30640697312674847,-0.924359129003407,-0.7266287750966406,-0.556256241646305,0.14682404059943105,-0.5351694509953699,0.833776635345463,0.32338624270929117,-0.8845043766986886,0.5509088233757623,0.5123587710524431,-0.8367697759044481,0.2706124733003682,-0.8045732227697453,-0.440728911489937,-0.13956141022235388,-0.1309369298855555,-0.7370619257344002,0.45515828163323135,0.5816980816615331,-0.9024513111341388,0.8042740428773407,-0.48085105408534656,-0.38792523653400823,-0.7050609199728624,-0.28268098059602886,0.12975672643044722,-0.9180057574397693,0.749708212334774,0.568141822384407,0.23647519292613284,-0.8828967588878667,-0.5633649577973898,0.6117480092062757,0.007935415657214867,0.8368923767060774,-0.6997538984151844,0.6858052244748197,0.1701654201125885,-0.4357596331823721,-0.6270955190326801,-0.5720871317488301,-0.4383898632914134,-0.9080274055806496,-0.3765706343078923,0.4198796263187657,-0.813754849044741,0.21301627382471375,-0.737036389474199,-0.9725124703754112,0.4916852989579268,0.7488373845433295,0.7012473594349928,-0.8701280615975135,-0.29034904941023654,0.3045166349650448,0.4026547488690182,-0.9691567464570611,0.21477715748436665,0.8731134797542441,-0.21385950119669134,0.26676831114855204,0.8223420395260987,0.45680277586176005
-0.8793516649355821,-0.40398375149796495,0.2902486205878883,-0.24868166943408343,-0.8949719863839833,0.548157246006574,0.5459208095723684,-0.4960586711292909,0.2162027448636293,-0.9944175007973173,-0.9350941495328999,0.8784091259410095,-0.880804389248201,-0.33498508626288936,0.5736390520234858,-0.13541895664960313,0.573105162454818,-0.2344019018371118,0.5328695907799696,-0.05543443430345879,-0.39492345793369604,0.3952925012094075,0.8222150817895564,0.46107778199452243,-0.006495955714994152,-0.6263269332176546,-0.10411844578044822,0.523361393282095,0.8556446146795789,-0.5420390261615979,0.8564825212569107,0.13833208604899544,-0.5172826338753624,-0.3155577315156345,-0.24361077750568166,-0.9449313508026407,-0.2685197153662282,-0.15498574582401203,-0.9967062942384943,-0.9213490255157798,-0.5580128167448477,0.4641432630477711,-0.5923570459975223,-0.18747806677417217,0.046126856633778815,-0.6217685165565641,0.32339757091550414,-0.4369717941878548,-0.6124043185345323,-0.40081278485836336,-0.18609592677597564,-0.4497063368835055,-0.16189085034332346,-0.27781206580657736,-0.9064415539270944,-0.5967344606714476,0.329050527293004,0.08701283124794812,-0.4789016447725236,-0.4951567811466485,-0.4251199951189395,-0.030365938277719495,-0.5022639823295533,0.12252797790684324
0.5541523926254062,0.8452795561417195,-0.316190001571656,0.202268309198548,0.9372831726321287,0.8253808485570404,0.06792419322553027,0.9033941784143124,0.14230332682689872,0.874711819128576,0.012341839201158944,0.42118776110624145,-0.6648660938034587,-0.025240774979713887,0.8543254602573797,-0.03955352247980995,-0.09705094881719722,0.2613976221409257,0.281392577650732,0.5359848360480599,0.6641403710541882,0.25531548914678814,-0.027138700323724493,0.9136650977348457,-0.11656040403136281,-0.5949732065779725,0.4476893175031933,-0.00701853062543023,-0.966467015199043,0.5659529799984111,-0.49391656730323086,0.8283966935888872,-0.274130302474126,0.9025654301925233,-0.6536359475333133,-0.23460798253063153,-0.2728745664629179,-0.48599106675891324,0.42455704653779747,-0.22577716893775962,0.21700283969384207,0.7391915804112146,-0.29631954616843237,-0.3259069009812643,0.8749716619810527,0.20082061723937739,0.36750569224580665,0.48470670151511114,-0.4818237197565718,0.4451208698132153,-0.7323549761040982,-0.7509567597862054,-0.20359826460153418,0.02565211442992621,0.0749582676130828,-1.0069015342433214,-0.7281823369159354,0.2877326218227946,-0.09297034684144334,-0.945924672134945,-0.5335212298629396,0.11758732756240747,0.6848864577873486,-0.960298821419308
0.5139532004215484,0.9168533719727283,-0.6663644515747509,0.800890524985504,-0.47510842702225037,-0.5157216045692135,0.26012117555335024,-0.17928765797174195,0.6624086570012582,0.7635925742744067,-0.24581533137355094,0.7210699685989198,0.45196814905577154,-0.755131501131487,0.19317314800531538,-0.41884209445795473,-0.46919580200112354,0.7722303131386621,0.011837101818672924,-0.25004951340965076,-0.6419907492898315,0.05547795275814511,-0.43560365691864766,-0.9278392769807293,0.498665119373107,0.7072254718226921,0.44857772816096975,0.1050026361697638,0.39408626685553616,0.4829291458998122,-0.5348171769157677,0.38585446916511085,0.7698880305839904,-0.3057989765203306,0.08814182760436595,-0.3889547006388787,0.77652017643927,-0.3605627147511302,-0.2233369548020414,0.9625357974934705,0.3994151681618858,-0.9280088915023997,0.041867451695384306,0.6858462789983782,-0.35945221912703557,0.27534356565897067,0.3006041507642035,-0.9031565405476847,-0.1121318500500637,-0.9072055072431797,-0.3718936991560049,0.6950222600666667,-0.8488428253295383,-0.06827992794423121,0.3189316469729431,-0.40657995753836107,0.3574549441839039,-0.4321800995642844,0.3393160196881815,-0.004960281154598123,0.1572822548082962,0.9009868461562118,0.7707388291069388,0.28576048426327155
-0.4504801295820675,0.1379315446881395,-0.15288928338578994,0.8801110083456076,0.14828986474734296,-0.7719884234186585,0.3531073454510183,0.3428344282410398,0.34449710731425154,-0.006021298439485706,-0.45549985559885525,-0.312665791560237,-0.9148265940852564,0.853117490270284,-0.8503454465102154,0.9115911430132684,0.0949191611212229,-0.8143254802914239,0.057198931827889626,-0.2727214494659773,0.41899534586659415,0.09498242872351126,-0.6461038050794875,-0.6568716995650362,-0.5386500884436813,-0.7842180388245585,0.41059285516732813,-0.8372741358122411,-0.31294796838973715,0.6173696668658704,-0.2761866888690343,0.011420159320799997,0.559327840771834,0.9170068230912614,0.9217142754682135,0.0858069792723122,0.8560060474347564,0.897443539548402,0.5693369044026233,0.9016635969240587,-0.12275947867456125,-0.5338135473894503,-0.5140465022005916,0.7003128320549031,0.365520297442638,-0.2151291600339043,-0.24706643818618326,0.7294506821456885,0.39135477285348336,-0.0004741947658362111,-0.9434058947108935,0.6336568088512708,-0.6280464911068822,0.7056337309983781,-0.9759414867997069,-0.1262259352093429,0.42103407830137574,0.13178767874484176,-0.3173824048018135,-0.4388350670605883,0.14046908652056028,-0.8722259253562615,-0.6902893001258017,0.23399915845182806
0.5657423306558897,0.22703950819599478,0.866762842097226,0.378589850665867,-0.12822764227930278,0.6319920562104795,0.6312295847826073,-0.3855625873023931,1.0051208307362023,-0.19304821952867024,-0.2596742850822342,-1.0327708603270682,-0.30013881963152067,0.4598521553001321,-0.19948016736177943,0.6773450929582172,0.22019093088734668,0.8564555952637976,0.32765499783704377,0.7666620879062855,0.5735394550352604,0.2824735978373631,-0.771105664266791,-0.42578506655373305,0.2881021628865682,-0.023080407021508265,0.20656719977607896,0.2543591788098543,0.7005359876600937,-0.7164541618737219,-0.7424305611856221,0.25054491981089194,-0.08131544501362242,0.6807938749770437,0.9577839996272,-0.527590524330987,-0.4311711103707301,-0.2951871065444138,-0.019858150246228057,-0.6560696622323547,0.42339255803245524,-1.0187896570928439,0.1872987103062673,-0.6092499721594571,-0.5517469644342526,-0.8177661628691582,-0.473620740102171,0.07682624783455161,0.49851225774428637,-0.13724031578999993,0.14661416875049627,0.4093819920507834,-0.20825647581686538,0.17890691133430603,0.722626343218578,0.05453595763661423,0.38372031415755153,0.18254810729448656,-0.6553701317675888,-0.5590521693594466,-0.458873264475711,-0.3949798442355399,-0.5397087162922933,0.8929822551779723
0.40940830565068215,0.7285756516747621,0.2379099307607841,0.46062129800157203,0.3940982946453708,0.4488655213434267,0.8466126077207767,0.1028104196755038,-0.0013362304500235123,-0.9144382239486335,0.4894468781160275,0.13081715491299178,0.8574148438846246,0.3736491184972424,-0.827579496000524,0.6854417613573849,0.6413212811642356,0.3290956387985852,-0.6558316011543415,0.7766685602497692,-0.04053749353087244,-0.28378826934462986,0.8765409138429123,0.296875538722882,0.26025228162931385,0.3775585771533727,-0.41150306112066637,-0.9008720823918792,-0.7981510905735822,-0.2755322601787537,0.8545535018292134,0.36286879924062965,0.17788814500765637,-0.6927591415627892,0.02526098439531796,-0.6897752533551342,0.6058837944063858,0.06604181388329389,-0.30945706806460005,-0.6529552953837116,-0.6551708984370419,0.8900864616205202,-0.8217615641708491,-0.20815301563740252,-0.0692019173390086,-0.0946832713938901,-0.5426113417570388,0.3961324278182976,0.7829597537174141,-0.2276350936157332,0.578353255231012,-0.19630137156371943,0.8613628837896599,-0.2662104053630321,0.7047250702468439,0.7867880777161302,0.3152824317061236,0.022626359199932944,0.7324537290916289,0.5494243361753153,0.4362389745162285,-0.5089630622427097,-0.6802516904195566,0.9759629933589438
0.46752368935320077,-1.0476638994192122,0.5146302466410162,-0.9041188307661436,-0.335803998295388,-0.3398025421908878,0.8048928061710692,0.9979602042605686,-0.3941947412033191,0.97412220820912,0.4900918811656443,0.2732589834442385,0.7342563154581423,0.2968214679363117,0.6442347859151112,0.04146692203548308,0.17888484165200189,-0.2108407230287721,0.6789594903784641,-0.04520921851204962,0.09979938315913284,0.9845717202469818,-0.4294266204285109,-0.28897642607726803,0.8369071489723698,0.39784032902118865,0.6733286318150462,0.7410612205896246,0.8825282391433487,-0.09733886001962958,0.02041985868271512,0.03322309957906633,0.8782610627639086,-0.3408132117704773,0.44380446982679933,0.544246393179503,-0.27943716198320256,0.029913053364664474,0.5930453397818349,-0.43158841557972183,-0.11552482076039441,-0.1665600955873805,-0.13329129840238452,-0.5972389007047653,-0.785318616102769,-0.20440193606967427,0.8539199356282627,-0.4299189504410774,0.27911971636830224,-0.005987808582612358,-0.5555462462641073,0.07691428219404699,-0.34749110191620997,0.2747603755286354,-0.33076655829419266,-0.9030564754994403,0.5274716687187684,-0.3701326340778888,-0.7387845593593978,-0.9358356149934275,0.6755075316833493,-0.3193394906593402,0.6231288902861967,-0.9864338559882455
0.8870111887475866,0.4981439847514083,-0.9623787192032014,-0.5458223076847236,-0.41383159467709896,0.02931439292079352,-0.40722980760846506,-0.7187380329642767,0.7408776466777274,-0.9775984842960648,0.6976603098020984,0.9470990008994038,0.3671630355392663,0.30853973560857884,-0.6994688797820692,0.6035520810684439,-0.13447637008308022,0.09614525123502932,-0.6265395294335245,0.21520858292785203,0.28014006136350833,0.07177047432346306,0.4564856986563463,-0.24010972861256835,0.0637125071370766,-0.8762587630117749,0.2840396536191492,0.13589690085130512,0.21079983417087544,-0.07849560148192936,0.4386035427835835,0.6262855455087653,0.5824730839484293,-0.6624499921830762,-0.21923703789032545,-0.5521405953559492,-0.1900368375199486,0.9135566765768036,-0.6586203369559376,0.4627384355496824,-1.0082841319466456,0.3131618295874563,0.599295614492672,-0.6235875022356888,-0.5744479315671309,-0.9440975326623797,0.05778846390268985,0.6829730915445629,0.07140125818645471,0.04583306703531512,0.4385439404585017,-0.26634757614473736,-0.02223183399400197,0.5853549174198389,0.7071806963631309,0.25902239115107917,-0.4775363445896627,-0.8368917373827625,-0.7855320779614373,-0.0029083311851128,0.13286665275871587,0.22121847364425062,0.4294085006178265,0.5390261113618697
-0.824933515995719,-0.966718540505024,-0.3960600109276977,0.013569628748557383,-0.043521114285829166,0.7928973437141063,0.6016949741375708,-0.20842809537396967,0.3626330898367063,-0.20524818322122879,0.746890773578266,-0.8812316152216364,-0.2991221969233565,0.8967636173801418,-0.8453661129441901,-0.8715696317219574,0.33569612194430887,1.0134203186328952,0.4888280185515508,0.7569282702118838,0.3477483985545984,0.40583179659823654,-0.27599035436701747,0.19862534801451948,0.5197735978613326,-0.45594553671241345,-0.894596711736579,-0.6874067441496496,0.8463977024104148,0.3577333838604184,0.47919690886297056,0.23057664336324823,-0.5582299752949123,-0.9012894150972848,-0.35916498625152404,0.771728472987229,-0.27994339004529734,-0.4566474636022778,-0.5541231209322937,0.25242159551365195,-0.16286738438210868,-0.859412223597099,-0.982239283803732,-0.4540345177708671,0.5752897508985336,0.9367453628770361,0.9787017398559021,0.4558916948871703,-0.37611549298953917,0.4508996410876016,-0.12580151873701056,0.8463444025506037,-0.04192882629378583,0.34606315650537545,-0.03830886123007518,0.5152419498197304,0.0019597034793418233,0.1667051221124373,0.43316145359869634,0.8587162927519765,0.7028667264818627,-0.32317815873683386,0.7051533828758957,0.3410128151590559
-0.5558486226648481,0.595451781177906,-0.4610148630663129,0.8961320887070738,0.36068277024557205,-0.4389733565891203,-0.5328240020186814,-0.14049813223618446,0.520332290210445,0.5259909226068773,0.7193910478792422,-0.15884477715583456,-0.8481834637136969,-0.45582771868823313,0.6151902931269874,0.20725290849732356,0.7430627333467021,0.008956077082060254,-0.6770986904715743,-0.2250649720879719,-0.8351026434686764,-0.5928896734915692,0.7573095923260154,0.33820172105643187,0.35584957984274246,-0.150790223901217,0.3787359592016297,0.926473244597134,0.32045677510002113,0.5977384771341245,0.16030432734885294,-0.39251655001621827,-0.7321558509492021,-0.21673383803968171,-0.009795410083731249,0.1904886140252353,-0.3814473918290976,0.8047552081930349,-0.7748893034587778,-0.6337522766322631,0.5523365328361602,-0.6848028350615988,-0.8608003994473684,0.8648920125872462,0.7310331578965309,-0.8263103429644556,-0.963108163834559,-0.3684118557647635,-0.8787451935038535,0.8420108457112221,0.8038861445590855,0.44882834692379325,-0.9412270906280225,0.3922427100856335,-0.18281337334297712,0.10929873884294272,0.40024039581805937,-0.6125124121553465,-0.16392274461919945,-0.8356937754040987,0.28675285599554057,-0.347876264896707,0.7077148539687508,0.056611218763478494
0.5975612132931818,0.6060479936467971,-0.5628926618724168,0.6474759977847189,-0.2252331468401645,-0.6599192300357701,0.37113646539758904,0.49288957076477247,-0.3092868130902955,-0.4573353501048507,-0.6740030895530825,0.6511652254093199,0.16411973086697418,0.3512617017829174,0.8011003447168138,-0.041896889598430076,0.39787784564633577,-0.7257048407239839,0.8065428427806187,-0.6457730768666093,0.19227230293080222,-0.9959758589162242,0.07050942426090717,0.6557460466346167,-0.2150994589062336,-0.7180191546107841,-0.43547132517981835,0.2266099753661419,0.39549772371575304,0.03877351280687033,0.6757599429048238,-0.8193858309336208,0.0762888788220073,-0.41602385070984643,0.5539285211649354,0.9426303500515958,-1.1459308389453258,-0.8658478980458404,0.6306992235272344,0.5092091952216491,0.88862108710361,0.3178374785083664,-0.34703397923552615,1.1422071462260495,0.13116916161438935,-0.45072825910645076,-0.12929259699852458,-0.3161580368775576,0.1605664918956002,-0.16473642963817592,-0.29470522458336895,-0.03722397424388733,0.6120521055540502,-0.06553551973965155,-0.12211149537073096,0.1265857559528496,0.7933038581192746,0.8866592912595053,0.04385095091329924,-0.9039975461922674,0.5105260738016515,0.25639417628794825,0.5212232492219013,-0.3011390910239218
