-0.14898325737876683,0.4827071841094498,0.6292200619737864,0.21840406912271026,0.5146089705053127,0.45779930821544873,0.7758250362113002,0.2873759170601151,0.9914922292067768,-0.11037853115598706,-0.6996321311804286,0.5641253922203235,-1.1741874664846859,0.7653381653232347,-0.4955947397628159,0.8031115988747501,-0.07256407887625294,-0.4463425144114976,0.4388247653210201,-0.873799977511279,-0.4009342785004293,-0.8740064527917195,-0.46034304397310094,0.9298680586567618,0.8521260824081589,-0.923177438934515,-0.24411596858312246,-0.37425349577254985,-0.8065577866839196,-0.5992317437280776,0.13660424999195242,0.3796382212412056,-0.08056085118424394,0.7995811654322408,-0.7669863179868681,0.9784321952294177,-0.7520909519893129,0.004739110185567136,-0.09913644797688184,0.17677872275425632,0.8884304703379065,0.48815174559966784,0.2582576943665337,0.7750853217324609,-0.11789852445431337,0.4386359158365088,-0.48900117171952007,-0.6365978985094145,0.39699097686635176,-0.8586906714656539,0.9720650693614519,0.05461912508611322,0.8088285154062553,-0.0806426145497295,-0.39732512063699277,-0.12313863829079941,0.789085976747187,-0.01776984233288674,-0.4260450066297008,0.5453909499037168,0.7233948061564821,0.32958849996761996,0.3783099822142244,-0.9632591532313031
-0.6239905847202246,-0.2724314923906843,-0.8876966062114712,0.487391808591767,-0.4200677701611079,0.529723410826805,-0.5365553483242047,0.8530855692862161,-0.43306806206462345,0.8135116529745574,-0.34754764213524414,0.11690520724859499,-0.22647553733990733,-0.17661751281788574,-0.005036499037318842,-0.5936986834438116,0.9643226767359758,-0.24797354206136402,-0.13580685066576995,0.6143251414155264,0.18166851483069557,0.9030936934791137,-0.5138504108981503,-0.2932489598914223,0.4862087570731298,0.7234515181511136,0.7257052765199278,-0.9176412270737013,0.0449749635677513,-0.1310948378371361,-0.6648876659646554,0.2663789273106881,0.8765745425642073,0.14380677317501356,0.5354706668675213,0.31866230313531885,-0.35334411967697976,0.18246565067942067,-0.060280364781935686,-0.5751407699800486,-0.47817005008033164,-0.06980957485139061,-1.0367969432632829,0.5824981491945656,0.03450834538100578,0.6763611149374962,0.9521113283017582,0.5041040278464949,1.0325453909267446,-0.43681776677679485,0.021904815973405878,-0.5252076698806756,0.7500858836802855,-0.14140493424023204,-0.3105967521011661,-0.12753704058568482,-0.7785194996485811,0.4916770166954826,0.34783997495366714,-0.9599421467542564,0.45572227718584335,-0.4939362307984124,-0.15772807919628637,-0.4967738401484152
0.7425341404322354,-0.46160812074783475,0.5143693532551442,-0.5459147702762064,-0.8000057711614608,-0.642798056589321,0.8601201440353587,-0.7447581548458166,-0.9470445710209615,-0.9877874627082319,0.8186421193841642,-0.5894031318835864,-0.5815070422774629,-0.43000992946298333,0.2387909201286731,-0.215659810217953,0.5386148356809002,-0.1427791914741363,0.37925684003980553,-0.49624604752897294,-0.3536559890717277,-0.9844856356492764,0.5558000880218681,0.5776117830353815,-0.13968777375697164,0.2108729262376945,0.5949493209044241,0.9366868822580021,0.6113761517338192,0.8989333034734375,0.7827106014917395,0.7938233345326968,0.2952086164749119,-0.2502582850766695,-0.9524751743222002,0.12601172454171844,-0.3407119477108711,0.4130244678894487,0.9911847840068015,-0.5610170240373605,0.14544496998950263,-0.7926177633945408,0.8245491040097858,-0.9675176991932732,0.6857839274130496,0.8037745274659386,-0.9526063685038623,0.816987087036942,-0.02034452170546998,0.5989924112193831,0.9586617855173809,-0.4986282511061027,0.0442104170009896,0.16600030759560358,-0.9088860065764524,0.6611153993919373,-0.8415784373596039,0.458403577811753,-0.3237020880793543,0.8429022065100391,-0.808794033806056,0.40801364054651656,0.011091061839114819,0.7787765973185617
0.18726976584317634,0.6700546163505801,0.9691740355432534,-0.00827447287086458,0.16927851825397294,0.2653999429070417,0.07447346851384617,-0.3574318635137694,-0.6900263895910758,-0.8116073323304318,0.6031441738214229,-0.17021161597159296,0.7570624046636154,0.5084981750888624,-0.6421245514453744,0.7706442400317193,-0.2803825181418993,-0.6257069110315278,0.7277644054968567,-0.21510279281801437,-0.3283011334210526,-0.3781057139386337,0.4014868379356078,0.6481389112434699,-0.6702323433508239,-0.9945795079094388,-0.4001762739966477,-0.23591509975901848,0.5624743317829761,0.5312260128164519,-0.33152510624594506,0.1093126370028768,0.7656781622530133,-1.0679325583810755,0.01466342847935835,0.7959007426975229,0.5326428176601548,-0.8610200316940588,0.7818617933085552,-0.018968424820595728,-0.036870254258319024,-0.6665530491219374,-0.5951452794491018,-1.0722862515538385,0.05233934802836232,0.2638989002424176,-0.02632556063797753,0.3473040183213032,0.11400354008207625,-0.6045634929834796,0.7962330083820822,-0.06406446107192723,0.29742687919375016,-0.7510531043430666,-0.7493199449066403,-0.9907678943251979,0.2711344044852843,0.10184238547584479,-0.032594863295898335,-0.6358860854851578,-0.7277191953527675,-0.024883157280102222,-0.14070567815565638,0.25883639812325027
0.7578627079860952,-0.31474145108092744,-0.3114306565947209,-0.836887363687417,-0.189268682540352,-0.34297291669852936,-0.2023937443738808,-0.5238175200798273,0.9724807134553882,0.8761181144434728,0.2884003710043791,-0.01810977088005597,-0.7054337095029296,-0.9629412655461347,-0.3118569259472409,-0.4615353591572364,0.8052139410471655,0.9646844514699955,-0.5677452244144747,0.8648600814901823,0.0376217620155086,0.9493161974838022,-0.2788988380343327,0.3694635999750583,-0.15704041962960802,-0.8740863998321315,0.1891751679629161,0.9045261151194373,0.38266089427021394,-0.958389812186129,-0.14539437087204418,-0.01639830583345714,0.7452279133433914,-0.3958821684029658,0.20832309285149186,0.020394583973235347,0.5999098699227824,-0.8910535615788178,-0.2847268173996387,-0.446277090421183,0.5748039917198547,-0.08296020368453161,-0.6255723523999762,0.6969985269454333,0.4984840541611344,0.9164645316124328,-0.8828251531232306,0.7433290565110175,0.32901948268003167,-1.0436950080363576,-0.29382348036265443,-0.5315206344378083,-0.9024041787136572,0.866609202926043,-0.38067851413438536,0.5443858401074801,-0.7251904399238575,-0.16755293823303175,0.5258993621555766,0.5936003581299525,0.5223561086708407,-0.8747722450920299,-0.38527900226742995,0.21217683099947982
0.6692701750047158,-0.3061576827677286,0.32024692594194626,-0.8219795023662131,-1.0054785618917823,-0.8098062627615763,-0.3886685271383099,0.6340838941589959,-0.906026380628038,0.639970146665267,0.07732590142907547,-0.8027537274575325,0.972063127118703,-0.17079539390828435,0.8201884096541681,0.05922222753853118,-0.005529881546836507,-0.9873519024333809,0.7239384962435316,0.6283256826620122,0.7379601065941482,-0.46457718970426964,0.2283826597337073,0.25832203269394527,-0.8251253851393272,0.5726197874763174,0.6925241516104153,-0.8808505883061974,-0.8494941385471534,0.5315611154635331,0.07392123099287551,-0.8789880188785433,0.34629987523480144,0.7035969067281704,-0.3816297957864213,-0.28036595251518703,0.23616544329773487,-0.7933954940632562,0.55171987972625,-0.05402707575649806,0.7570890990426635,0.1465619613401472,0.8326608378062603,0.2770075273404189,-0.0407018046073408,-0.04420512739395699,0.029270643298292598,-0.4914917589030743,-0.37419795105467374,0.2899531832589035,0.18851613939333323,0.5129478627880927,-0.5057275402716406,0.8666375182934724,0.3717367912509676,0.5067831039993975,-0.12569541244266763,-0.18413327625635123,-0.8302512487481872,-0.28423688071843106,-0.6640115655365587,0.3538969914678127,0.4229522391574989,0.8156953889460263
0.80492753057574,0.2861923732056233,-0.8878522281335661,0.48634509625181077,-0.43991459890668994,0.2706245838906231,0.8852650520915262,-0.5311008462178181,0.1910109401066894,0.6050105519745139,-0.8682119010851915,-0.21805277189121997,0.515999154580236,-0.5344760492166842,0.8003511291395472,0.7944233242927883,-0.5231683174106787,0.5201986321679528,-0.8724020100615018,0.012109194373312926,0.2857656177861361,-0.6172059931730358,0.02164082113344748,0.7589147518162035,-0.025462281379936738,0.08839755936078464,-0.21836585755615837,-0.8893351450456143,-0.6096052630384745,-0.7501074323262622,-0.3378731678086071,-0.09704819753652116,-0.4531486855109412,0.3108937038254104,0.9711636634972656,-0.5327792666390407,0.1484444485327856,-0.07998914986714611,-0.3841370715072545,-0.7093036708192768,0.3707467794049736,0.017376065808913266,0.32201240147414234,-0.38973391176296646,0.3319374689932331,-0.9916914913100201,-0.7234260566410416,-0.9329558549517821,0.05135477206075523,-0.0663486903587922,-0.3210029401989354,-1.0398800411630635,-0.6785911661928028,0.6956830988555165,-0.6369758533691772,-0.3346842018870373,-0.22117731489512976,0.3621118061234119,-0.34332209119827795,0.642760414393585,0.545441861264484,-0.4871893977981726,-0.10605339474897317,-0.8827917180511109
-0.34243627289366657,-0.3561299543488158,0.29893202304542094,0.9668343714123105,0.8064361445014124,-0.9980748328073912,-0.9835056716189878,-0.26563672774950964,-0.8873001016402904,0.06786813124438051,-0.05933188770287273,0.8644988907371371,-0.6023560534870832,-0.1958946789426559,0.0744470874173149,-0.19979269666647048,-1.0637235310606348,-0.5012940598240863,0.1129760267070754,0.34856347651878505,0.036955342501391555,-0.29573266703873613,0.07170951021465855,0.39964665396372834,0.11417198991579271,0.13129042201971264,0.15669501469963387,-0.9616345046168926,-0.12529551514648518,-0.7089076691055354,0.5576792384431802,-0.16079323622756814,0.29980761180510807,0.26354976487090065,-0.6569234054338333,-0.1412791057000642,0.2833022701326977,0.7185541807342104,-0.2552714223974839,-0.18643783373296693,0.5773533415339647,0.12340649839501361,0.9908509474327951,0.4079880897260422,0.3212373675953799,0.6238892813479504,-0.10086567242300837,-0.584596982408667,-0.0798174280237216,-0.8937457279001277,-0.9453307997345117,-0.09545842148270123,0.6938932104219502,-0.5841903672042208,0.3082540598464052,-0.10574177163862733,0.5910372803399795,0.5306231808088084,0.042748014996703554,-0.9152200446135512,0.8243134711783722,0.13599510473370838,0.5179738017275803,0.13381586690396752
-0.06855417528015084,-0.7336863540544015,0.5050417418000379,-0.5047032268796798,0.6301488317595039,-0.9401744602859563,-0.5677988971384279,0.6035255728515444,0.4171063514948976,0.23409192709064452,0.7588295565571864,0.16704671976571348,0.7160774968086286,-0.11370029778208131,-0.1559438347730986,-0.982385144760616,0.5603301381279373,0.5952543633246197,-0.845281789156352,-1.155285410648322,-0.2628883750308797,-0.16489171030770744,0.9521173023501134,-0.5473087036915888,-0.2022144900775944,0.6404624376663743,0.7556378353170756,0.06581877548952919,0.5464530008891861,-0.1217056456777405,-0.7564398775744434,-0.4278514632326338,0.3412891365580484,0.38772722102600765,-0.05533748291457884,0.8313771112699311,0.9866161880790707,0.4027053311097003,-0.4463905960324245,-0.635970012702995,0.9423490123571683,1.0418290779294663,-0.38254714316691696,-0.6354430033872089,0.19815485140662006,-0.68795748701252,-0.7098839098519385,-0.40109174657338853,-0.013603101853860489,-0.045480871377768683,-0.5788212289303939,0.5002291211961656,0.4450650475807647,0.22540089471131217,0.14345763248455273,0.2066186072135258,-0.7512584735377753,-0.5365080251638168,-0.538108481812514,0.8326342127053621,0.02910328307579335,-0.024423393856619846,-0.5414364233833351,0.4818243531197841
0.9947038463394797,0.7915497676376306,-0.9703130231776059,-0.6475611573929587,0.5645928853243711,0.2467035606149256,-0.6653989588989175,0.9032549796511316,0.6380233184998185,0.5654103912991904,-0.26227601989901744,0.14795006314900958,0.9411031556202814,0.7565212227293285,-0.8521684402460625,0.34999005653662185,0.32019075943119324,-0.07527558984441896,-0.8815218373488598,-0.5128792696370817,0.1745627028163867,-1.0393145807619428,0.15957118115973506,-0.13984371801378992,-0.4740808508549259,0.8513681364900456,-0.41432021750572545,1.0131611796520796,-0.3046324578577847,-0.374863674655991,0.947083811538096,0.35371160104736843,0.2563735857479213,-0.10835606342861406,-0.732177247104294,-0.38986175020744485,-0.4044215410608101,-0.4955235115013542,-0.7214904779904272,0.7229080809672614,-0.9930190374888588,0.2540746597712783,0.7338699419365604,-0.6527347759393511,-0.592606688003579,0.5774092627231887,-0.6430026206750727,-0.2145872282300052,-0.4371724327586555,0.6199770390563937,-0.27427869929835647,0.5839845035477527,-0.8720782299109112,0.7253609495071852,-0.5660777366676026,-0.3706850296295241,0.5194259811185472,-0.9720751663709588,0.20299352162322526,-0.7045688845490519,-0.5701859346790259,0.3247874368282979,-0.11157610069139363,0.6458723022507677
0.35984877279479544,0.3669913474342894,0.6389871651983776,0.5524886794891106,-0.18333195244269507,-0.556840267463564,0.914445523552069,-0.30570599521842823,0.18252492683557406,0.6453679764350584,-0.27733476864939216,0.6484265737566315,-0.4216107043845851,0.32849304005754343,-0.6409559273504983,-0.8939955880250233,0.21836143638134617,0.9347523777478158,-0.18782651161107689,-0.7377327274150951,-1.0362318619025634,-0.8786794109132947,0.5333572183673874,-0.5884202889477821,-0.138277458584954,-0.7458172788407549,-0.5250399077960943,0.47523616897302756,-0.8658052483285494,-0.15609435811402572,0.8025708038248114,-0.4689502501162391,-0.8583118040172903,0.1667335502840943,-0.9676810788929613,-0.8023443979599484,-0.6044474255665411,0.10908858585533482,0.26737318396463783,-0.3954461309195807,-0.44412377411540116,0.2827479711262858,-0.9684340483302512,-0.3398881006455361,0.4874264033745353,-0.43601602820768726,0.15834971926034402,0.9203000825845684,-0.5791315034461457,-0.8226414221848533,0.6097057878946825,0.01772133647515095,0.11093146877535218,-0.8184254993591271,0.2253593099313569,-0.10566890253151295,0.2949111617286466,0.6410759598447968,-0.9056388622755716,0.1323980354025437,0.4011535366569674,-0.6929658493755095,0.6818853638271745,0.5937603159386313
-0.22468468692845045,-0.11318649803758718,-0.4464660718616402,0.5367822393668251,-0.9254117024216499,-0.6969883026365841,0.1545219961163089,0.39995536689955047,-0.8984568548144711,-0.04934074474582736,0.09424076199370726,0.6383851178022832,-0.7492656400685437,-0.9666157251174545,-0.44304294902417735,-0.22026258617118755,0.49100135099728953,-0.5549876486728087,0.9161996974652649,-0.73630631361345,-0.03980874237937648,-0.6454206645194034,-0.3915247056977197,0.5469896485809749,0.8010858794453318,0.5219542446096695,-0.3522152768743582,0.6680346877401295,0.06436196280290107,0.6898244555949771,-0.37534820358689874,-0.16674969416856933,0.6661049364026463,-0.6188846497439402,0.7968885726329145,0.46145232549702275,0.746553899993283,-0.16825581181047133,0.7832132714574493,-0.02558532979467798,-0.28742831256138834,0.9598789150098013,0.6934367750536379,-0.028983485692683164,-0.6163886570626431,0.5764805556842991,-0.06215193440865155,0.3014491071279142,0.9119203928848453,0.015967236961155512,0.4055136127169036,-0.6921279240895856,-0.3095166692199762,-0.7335390934263045,0.6334587840699655,0.6925411618372247,0.650163731678784,0.26757216515069326,0.3785002262095334,-0.5818196711317171,-0.9702290890694003,0.42455651490651647,-0.12611372274508326,0.601316159797058
0.29407426710284534,0.6624041311654554,-0.592092848913311,-0.32999615778345537,0.22089143831368996,0.8213037528464546,-0.8463514903168468,-0.06748329849109935,0.6843804434687493,0.8527530034061881,-0.3067864127091695,-0.7162604454454145,0.8992333113168434,0.1764905017246831,-0.08430463717838248,-0.5053214365040356,-1.0329649832215908,0.16989029312999332,-0.6470688919751908,-0.492000934867014,0.16655480053608795,0.5781022066618908,-0.25090292621045585,0.4612327704605501,-0.6373076448361432,-0.6403786668761362,-0.973867258028905,-0.6420411025619464,0.10043352482534296,-0.9115008999681593,-0.18775994107702076,-0.20008327477733898,-0.1520171945870028,-0.9225563125627002,0.10279836467431093,-0.9337191393500393,0.1971863271318497,0.4165913267723931,-0.5296684379647756,-0.9685736913331784,-0.12584826363323884,0.172912364030138,0.7705732385053851,0.19804708923430478,0.5174064987485001,0.7011543631899875,0.03239614415827188,-0.19110747061034844,-0.47693044838613124,-0.6866385882404019,0.03095583256235579,-0.18452749058472034,-0.7329522891672993,0.4655491131040262,-0.49028454641015484,-0.915177966097233,-0.8925305253417435,-0.9306511988759273,1.0016593120883606,-0.11481289920777143,-0.05606613505480773,0.5539295908475552,-0.48309903281997535,-0.2542687238991539
0.0020417916940991265,0.44700216199831205,0.06723536549406828,0.5525013693757835,0.22939126889081884,0.20405947021687787,0.9800371900485695,-0.808487936097415,-0.7339076271367941,-0.7344970161423676,0.4430447927995118,-0.7931884974147421,-0.7507610881829514,0.3315749997794051,-0.6939502415937379,0.7811026625330084,-0.8433811998897707,-0.38498507241957464,-0.6942743652707271,0.6456238043671545,0.2899929400967396,0.8551172795888742,-0.982239593707233,-0.2047573944898582,0.6591301499890131,-0.6192919002931208,0.3980640364773609,0.8738427277536185,-0.444056113797188,-0.9181776864743443,-0.16182088079173654,-0.9046940678806837,0.6996625307389822,0.10049505718553164,0.2602027959767079,0.8865068971516676,0.004004787089949335,-0.45859358240062176,0.5815147563886535,-0.8818762060656262,-0.8273851876855713,-0.32639261946059706,-0.5600862433558188,-0.5818859666871232,-0.5524361256224837,-0.5708156793741337,-0.8497234226550407,0.9413972023556508,0.8182567490214541,-0.5546959342586295,-0.5161244555032345,-0.07738427977364504,-0.0380464857131988,-0.1728208724068734,0.5241877670066724,-0.30143792098610633,-0.500995900068436,-0.23914396708298047,0.735697481603758,0.9027128590556093,-0.6233872398243356,0.819459867413201,-0.43384940078513323,-0.5496579295328461
0.48298451043902335,0.4249798247168155,-0.6746436380019567,-0.3546624830678228,0.7782300965260177,0.5530328179703113,0.6560402009134045,-0.5494201436239137,-0.2063139258942155,-0.8921320790581395,0.5954958482203707,0.13771712158006388,-0.17043691280041373,0.807652484824086,0.3205839858512668,0.6566201127147714,0.6580371863721075,-0.927081012930431,-0.3472271497756824,0.8508876502363709,-0.1038812392700601,0.3001410806090794,0.6694875754668541,-0.06200668510598528,0.9213271625816124,-0.4961016238006166,-0.5635851601536902,0.0647266566845135,-0.9726833515892723,0.15823815021514895,-0.3109361863419746,0.07502942729125842,0.992385048170944,-0.47644221619574134,-0.20862558398269204,-0.5537176820620124,0.8170221518566535,0.240326309248873,0.9214085895256905,0.039342852139950146,-0.07868858630980746,-0.2675942425637484,0.9694329308877174,-0.858573807131308,-0.24356885100273895,0.835488233146007,-0.5054193522522797,0.010581585676369576,-0.6618290813528682,-0.7671818437411746,-0.7682607680017096,0.5932696063411846,-0.9326014946316437,0.33143907137849365,-0.7000602481134377,0.5166641762397739,0.9534009951785691,-0.0531961909118642,0.38686406485372404,0.9042636672984026,-0.6467971158444707,-0.24474140575442857,-0.27624969956040757,0.8669033551717036
-0.902804979938395,0.4651233502974179,0.9347932496418268,0.20958511209029135,-0.29296770427588137,-0.974089707797912,0.24699052964905688,0.9054986138735532,0.40041680229694065,-0.6745796672192346,0.39060432589579075,-0.34585256962560934,0.6169564668707088,0.13955671881675258,-0.37003776687060763,-0.9874445273905755,-0.6764452805252248,0.3711996467989726,-0.25716896612641893,0.6151723215538183,0.1446298613937229,0.5088239580256539,0.9218081596344913,-0.3121255054782194,0.8871173229403988,0.47147452681366553,-0.38347189690393524,0.8159916837733892,0.2876865139694902,-0.5984849380013587,0.6136283508708462,0.5897582296516672,-0.24702716683302595,-0.45594992235462084,0.39167130899667546,0.8176799912320596,-0.5049994862329154,0.2852578998048171,-0.7477714220401332,-0.6269667812134386,0.2849053167093214,0.7490093341426262,0.45170856930391085,0.7979936119120064,0.8837613243330893,0.8879738342628712,-0.2798448177481285,0.1242462384351389,0.7549525775849839,0.7921130912231282,-0.85314941494122,0.1575248827053229,-0.5466262775352414,-0.8775918500731353,0.589219668707456,-0.3806752440948428,0.6721589082369992,0.7726381602242636,-0.31692897606247683,0.7886089850845863,-0.05254218065849117,-0.813677208761782,0.3132248105872302,0.9572515510732055
0.5323053437102472,0.8254859536317507,0.3861215254841235,-0.7865058437918757,0.9411499049376408,0.7318369285796169,-0.4228929973195279,-0.5440874091169384,0.47538137874791864,-0.4242078138115815,-0.2252242298289178,0.4297613543330365,-0.3152490890791645,0.21755719499539694,0.2188600399892993,0.1078931970612571,-0.7673002667175733,0.9819028826023528,0.17506243932338603,-0.4873227891677814,0.7252159138890995,0.913882357193103,0.5493176937916784,-0.948469515028926,0.2380654685399799,-0.48717586544999913,-0.3159762862195252,-0.3718572536505862,0.5834973323162723,-0.9050422031585983,-0.7496311114136217,-0.5571013393213923,-0.3254657510269572,-0.9646498735131241,0.7313783917555967,-0.20591688633224195,0.4428660334792337,-0.9033034647008413,-0.544648750525164,-0.21397089648223422,0.7884863631102034,0.7405626903934284,0.7238011929116905,-0.01706785310974729,-0.6640445691950574,-0.3497682912777142,-0.41992768121735724,0.9550899269595976,0.2607182684104836,-0.12165176010876749,-0.051670233851620076,-0.30592516375765744,1.0395412154030137,0.5966643070564412,-0.5399933750118696,-0.6749885614374147,0.8114591527071029,0.6373406911601299,0.43922954640339545,0.9103202515808859,0.8973762514571186,-0.8084260947149227,0.48844279821189857,-0.5547894828015068
-0.6556749330067326,0.5325633675786181,-0.7466997901430599,0.7575048510908354,0.7514787578184638,-0.0740316374742962,-0.19093303475286394,-0.8050030886112973,0.3334195460049203,0.8985597310426839,-0.8943905265484994,0.581549972073818,0.07647979203574412,-0.8386843628356087,0.07608611275197755,0.8983751650127494,-0.009988140266518092,0.05102464009271698,0.45984820825862904,0.24208694289752164,0.06239943258339742,-0.6360252656503189,0.29036859060160447,0.03027762716801978,-0.5705297380231834,-0.058586754293626364,0.4879676750543458,-0.766104531885679,0.9115925790471673,-0.04394520614555697,-0.19048366294437358,0.48496472131592755,-0.561996963179403,-0.6383521388571269,0.34161764055009225,0.7127894477896541,0.2467374387447805,-0.16383383220794356,-0.16025872090497573,-0.0038418073588255552,0.4749117730452175,-0.6720955785850774,0.6664702120694219,0.6963019827756505,0.5733722880229876,-0.06277457524489147,0.383061117961976,-0.9352051103571744,0.011850329852894817,0.021049207100308373,-0.9397740765557935,0.20064687545846788,-0.924510534788251,0.018371187233945596,0.39652213144948584,0.5543919880114786,0.3363614832154952,0.9535563614547861,0.4603408755447988,0.2798823480282999,0.8024702444494315,0.27509835827385265,-0.9526837630819326,0.24158113190140784
-0.3977235848700238,-0.24055793659600713,-0.8578818883380415,0.3489163669160844,-0.8878574074681127,0.8725996737633707,-0.928423531275803,-0.14958801617155507,-0.5036505326034384,0.8387618681204925,0.690495029818806,-0.6167829939089666,-0.3771515242224085,-0.9088499353496498,-0.7389903675822073,-0.48536120904772173,1.0641826053437935,-0.39778261327488273,0.7162555623268324,-0.8636403544338369,0.8076930914226104,-0.27891532980721245,-0.7075924714497102,0.09508223287663892,-0.16460114849142493,-0.8215427980334923,0.18488706782672026,0.32153312947893836,0.5453961669929027,-0.4374666159826692,0.9277366942160299,0.3180109173079009,-0.6109390949483489,0.48229759404803674,-0.6508051416851246,-0.5106091306923572,0.4876744599046978,-0.7441305503905588,-0.2437297631164247,-0.8879790431642962,0.6580087793115914,0.9761215408763227,0.6729927245021385,0.6993247292936965,0.4928609099054472,-0.40810810708266354,-0.1852636205462963,0.23200440182641202,-0.21410624201037565,0.38113080265616284,-0.7740617678454942,-0.5404646940289717,0.7336919968958675,0.07410965375352485,-0.36090793728660575,-0.38972813844678855,0.4899971085645457,0.503077360429118,-0.7332999807996687,-0.6928236416484194,0.7705921847436806,-0.7426774110278062,-0.7819038440891464,0.04159360677685919
-0.4134978733201792,-0.7956325279231866,0.44618763798707395,0.1728951819211241,-0.19157018178046994,-0.6350542540663899,0.4277577284878637,0.009104711866992077,0.9968158877560044,-0.7889794401894488,-1.006673942269851,0.06457807623241812,-0.40841205203514025,0.6505333232018001,-0.16962756412237537,0.7605665778599446,-0.5425801774643051,-0.4352081385862956,-0.6363801718909692,0.8257851674381427,-0.8152691539996562,0.824866708108004,-0.8740293492135642,0.3809227043947199,-0.7078047721467218,-0.8317003827208997,-0.3718663438209211,-0.5754097965207755,0.27890141843182914,0.8986263013261715,-0.16298454879516977,0.702986432086913,-0.08155803089492791,0.7948053637908192,-0.8105546518450446,-0.13090210794591628,0.9472826272276502,-0.7348601502226245,0.41148468814506045,-0.025619698258452478,-0.7083972994378015,0.09441442921321808,-0.29146650501065574,-0.38505286859721566,0.8597164090290201,-0.08648382118590203,0.7228689171025138,-0.15773446542880953,0.29343195097166896,0.2746113081620749,-0.6714755016261804,0.38778572494229563,0.3970092751533467,-0.43554457094395227,-0.44095606456824427,-0.7834256587735303,0.6889353358948602,-0.08195019875544696,0.8471025787249988,-0.9038078997554126,0.09646679112519518,-0.9351532181106144,-0.4574956877969829,0.7347887584218402
0.4758870310831398,0.500981868974689,0.5667942444108066,0.9752684238021696,-0.6317220167014834,-0.4015781162852339,0.9640790105494048,-0.011103627760282953,-0.46899021338695657,-0.016503697854295535,0.6921862268451717,-0.5841530523284073,0.345036151739714,-0.3822676536412333,0.4546779605215667,-0.20577408142718245,-0.906179060964168,-0.37793664131282667,0.9912047545590912,0.3913644294701073,-0.8383348411603109,0.32839385794057946,-0.34770482203910236,0.6703995201440112,-0.5519517576584123,-0.5661073203892073,-0.6441477340231563,-0.06429126056307496,0.9484183288111828,0.7106541429863625,-0.6808638171477732,1.00186011926806,0.6215809866071518,-0.6082308942502069,-0.40426459544763693,0.9460089589232936,0.9624033379007941,-0.8624284260114439,-0.9813331009979813,0.01926535809373834,0.3326813426772024,0.6074741166477439,0.46591860725480744,0.2506230182579108,0.3274540333281739,0.010821524793739101,0.8715102066509639,-0.7998219090919839,0.9858010304172362,-0.5889300003731792,-0.7188815152495807,0.6943636383067413,0.8832065829612907,0.566636650136691,0.659991447225885,0.23632612206622672,0.23476482863466752,-0.42168195747548165,-0.41629982216314354,-0.25810739929009907,-0.29746419877659913,-0.033266137632890214,0.5837019644752897,0.9781925537898797
-0.07029913116723033,-0.2536701980139462,-0.2715752911136957,-0.860614466208142,-0.910483881150082,0.8940624028628175,0.6442035173874782,-0.46094596961132517,-0.4793985833598262,-0.03995548349198219,-1.0512212333933446,-0.2798763771598287,-0.5007214066298445,0.4261280677240234,0.7811354524822473,0.7727604367903819,-0.1005557402739663,0.545743329125844,0.8531145203120998,0.9122210185940018,-0.14574852219537446,-0.6417076720989328,0.8102791995724312,-0.0680090457755536,0.3322754232943943,0.38156477888385393,0.7046625424062929,0.8719169088037217,-0.8535700088023856,0.40880645326155407,-0.8838734722549719,0.6902758254524888,-0.8162191945660339,0.6802418822166286,0.3895177372417131,-0.8117711600719337,0.4288800863450003,-0.7288047755924677,-0.2580535663004777,0.5488284967643032,-0.6545269857056899,-0.5721138996299079,0.8009515952433073,0.35187176099575673,0.08496353816457852,-0.45242532218653575,-0.8248128562318353,0.7839371124880663,0.47508440037671934,0.6220029841909489,0.8913946344994319,1.006758187018629,-0.6227863868522728,-0.8332577980390036,0.3260708802297154,0.5247519719297464,-0.5281562865448575,0.989249528598179,0.948641388126886,-0.4731107496955316,0.9478334943432325,-0.6544709071143726,0.24178490528082688,0.6224140951852886
0.10103656643884418,-0.9107728281732461,0.16257998750998448,-0.036473480387645085,0.34885322134986363,-0.9006789143670746,0.37498114044354014,-0.9373590615003149,-1.0145040555723381,-0.25883412967702,-0.8064995059897571,0.41732467193408196,-0.3134956830879221,0.6994701398214838,-0.13491531168450877,-0.9417100132674927,0.8064725691608796,-0.9060389288636754,-0.4220491100091748,0.004723995614841464,-0.6098834967846557,-0.6469893397758877,0.3369574711558514,-0.8022146372178098,-0.16645841165142883,-0.22113213775089458,0.23257830002721613,-0.9240836807369786,1.001313175490752,0.5783186752324138,-0.7665527148092728,-0.7120053872716178,-0.01088064595270194,0.0347663602094648,-0.8889100122760907,0.796092899330444,-0.5126115709676287,-0.928229425666663,0.7860622229253527,-0.8038696242330652,-0.4878306292430672,-0.585951193825351,-0.8866051908879974,0.3943415203727434,-0.8260699017664341,0.15304352317625752,-0.20733845002113993,-0.3972061561735005,0.054762982035015964,-0.5391380820104803,-0.28332551223313507,-0.7778088574487885,-0.8950033721532075,0.9694080489664183,0.14151480507027245,-0.11206266899088893,-0.408688282606845,0.5740025848649766,0.10655258419981613,-0.7550515404514812,-0.9821881561898635,-0.6598282707268601,0.37462789308532957,0.8971886694383062
1.0132314159122047,0.31069997646015934,0.17951005984073887,0.16599995336905526,0.762318469429906,0.5396020022564811,-0.17956025813341814,0.4480035887047247,0.7781732000690548,0.9749131185765978,0.2771924541651136,0.8336544789857523,0.7753035489987801,0.7074751406715876,0.4769042489431343,-0.8549827791625816,0.43782218251763505,0.7513456188914773,-0.39874836980384565,-1.1045249175342524,-0.5256817695200241,0.7602200300929502,-0.17976382274179503,0.03855995656276959,-0.3537380499461849,-0.2347873677801698,0.981637161306071,-0.5159961500284842,-0.10084069851594155,-0.5841716006662381,0.13630810163055007,0.522121876899885,0.032386698736037056,-0.7809036672259915,0.9676725733356317,-0.9827769629423952,-0.492862336281353,-0.5134289537081973,-0.6361876732412488,0.3827203918818004,0.2512090622728791,-0.31242996876979134,0.6592143810926154,-0.7265473841993453,0.44882074923712056,-0.28519312586731593,0.32821781487884527,-0.9195225191577447,0.5987234243536629,-0.32486793671330205,0.3908208608472109,-0.10397331630926199,0.5958083790506981,-0.003427339980533753,-0.11698280108663317,0.4581395606223781,0.1370155213413291,-0.7226339908942598,0.9957787014193975,0.8473923047387641,-0.30595347030517195,-0.22318387686683971,0.8480473306685001,-0.11379304910454846
0.8265388160958971,-0.8922474605497361,-0.7462586668587972,-0.3251451731998116,-0.7437459274091553,0.5952000206683294,0.7970312008434711,-0.12121717418808542,0.1596501721337209,0.47657487864168024,0.054727724785959664,-0.3044569328814486,0.6264324719049388,0.015611141075609458,-0.8967031245179626,-0.5884140187770635,-0.016012483347021433,-0.9754222604199372,-0.10953635787051408,-0.7399772131531586,-0.3857955518166365,0.6108202803508245,-0.4876016067137432,-0.3229310709377146,0.3415534047159947,-0.7965190940342821,-0.023624567650932543,0.4958117052609863,0.6452769200294479,-0.2241437627714583,-0.9715886882618942,-0.22745079914022334,-0.9287548512464265,0.009081702152814605,-0.713672573906317,0.548624423567821,0.8450538611169568,-0.8208900470760503,0.13419291252956073,-0.503245214224822,0.3469423515866763,0.9346759375427103,0.17896452844131683,0.9629521559238226,0.35609382646603494,1.02508388119151,-0.24642653588256325,0.39009214689023697,-0.8314753689384526,0.3354250813884705,-0.752388829129263,0.5604785618486892,0.6324143899561206,-0.08718901738151952,-0.40687640146510884,0.05332845622323344,-0.9073902210480382,0.8301943566901757,0.4303658434082682,0.4549919393633208,0.7407974782607365,0.703468690772689,0.6488198286588568,-0.5083866289307268
0.8541034837898751,-0.12249374355160314,0.8590969433732287,-0.878612575985141,0.5172304878087041,-0.34224326720626863,0.14681193106607004,-0.6055300145672906,0.7254489733123546,-0.8346303231844234,-0.2963407441743392,-0.44471097030258894,0.1346322179220023,0.06316883838269471,-0.9948704251066136,-0.23119128335717337,0.03733981730326841,-0.9780571583550528,-0.3140298632412568,-0.7174662792697453,-0.9332737085207314,0.17820188852521524,-0.8913502832961788,-0.3832699027015347,-0.17341379486280667,0.16041273204242468,0.8448588344911003,-0.30569491540663346,-0.5783221334503693,-0.5245449926059693,-0.880339271758599,-0.6684844743053532,0.022408215410939736,-0.24864882451087467,-0.48669521206335076,0.13278688617488466,0.9234795097971427,-0.2594119471031619,-0.8981563411041201,0.11333422429961071,0.4235890898103727,0.014752875289129386,0.7816549596766476,0.2976293848397631,0.7097471595216192,-0.5764066087536852,-0.6114522700792698,0.2947818204913543,-0.9817064579256585,-0.4893062534899324,0.33877801217505654,-0.14818610294798334,0.350109787352487,-0.5976697990067548,-0.0006271475702709917,-0.6894763464261143,0.9475637265074786,-0.46908185478155684,-0.32873028557148437,-0.33504889543921057,-0.5951774869914183,-0.4605330200740696,1.0067045839886866,-0.8044483707887393
-0.9446075804570631,-0.49125760489387055,-0.14438743845367782,-0.1923445744570056,0.16748142584946324,0.5701144736021291,0.4309264574333693,-0.41530153984248197,-0.021283498670902623,0.0638408854559728,-0.19799076627412876,0.5755631000382232,-0.20501473619455707,0.6984805778308005,0.3979233339216812,-0.16054965626415613,-0.7809562445086686,-0.4205881081580274,-0.5922608099473758,-0.5842600086057244,0.890178462967677,-0.19077418035374394,-0.9304840446791125,-0.9081552222361173,-0.7807134746427093,0.950134943280433,-0.9609206693892696,-0.5497305419442429,0.39659241861409256,0.7844568302559229,-0.315733796553616,0.8170803281596799,0.5196619336068287,0.11220959710212242,-0.7224516481823229,0.6116465322241851,-0.4905969314852501,0.13364756537025135,-0.6520669423691833,0.058931759559588015,0.35496529347232775,-1.0545207449283016,0.42835335816496967,0.276249210875674,-0.47491570477669476,-0.2520494911824245,-0.916694509236724,0.33954778994174184,-0.30847055500366133,-0.9484797265158169,-0.49574452731984,-0.5801240310685591,0.8982909328578115,0.24923642476492378,0.8132398305569171,0.9710312363395994,-0.1324496636125756,0.2717116239576486,-0.41470114595115004,-0.9214293189771263,-0.39474985892010195,-0.13314332702042453,-0.871430235444693,0.5652601891320412
0.7462000556275954,-0.7223565325840239,0.3490336675744683,-0.7652524582731215,-0.9544861746139215,0.060725904089165006,-0.24424888217056548,0.2955784648540175,-0.7184612264031094,-0.029985701269549025,-0.5198939072116555,0.17931648097006195,-0.27270919409448124,0.7367548868918832,0.3741532312479849,-0.15074436053853427,-0.8742476403378413,-0.046581327527437155,0.9755592121040888,0.08098600759154004,-0.45248350538960436,0.7222261260591871,-0.8333788059743898,0.2798472957679976,0.7958835583929613,0.9408542698687841,0.6880938779328531,-0.04647499414773271,-0.9916318932781434,-0.19741441805222942,-0.5703527791920315,-0.05121998502622738,0.4647076687123583,0.07435467639903237,0.7411907348438078,0.2128178532918945,-0.3517322445693021,-0.3414491326624116,-0.6302987681577992,0.09037780187782696,-0.2293401644267734,0.49933544577475225,-0.10430994384834746,-0.5960885563407972,0.6642730492435307,0.45310929139514755,-0.660000239832667,-0.9301281716908343,-0.3561350479166929,0.26465282411046775,0.4916184519034769,0.19907546625818862,0.15793579045977424,0.41799487426879206,0.8079331233963596,0.9226308148176802,0.7975521342537673,-0.7092714435901131,-0.8793653765734806,0.3222395582506803,-0.3983788684258606,0.7075048557442956,-0.9275516962354058,0.9275911411932048
0.2385839160435081,-0.839301555788601,-0.25260844996840814,-0.43024089810969723,-0.926166334752376,0.40064400961638813,1.074112235795,0.8265553123836611,0.6248731856358548,-0.3694543246205877,-0.9303201592864461,-0.6236939017105183,-0.49859909854741336,0.9010063792352827,-0.14347293535157868,-0.5389629637991743,0.15151672741855982,0.6897727875864815,0.8390777451028681,0.9374559514699132,0.1850928057548435,0.8353074084353949,-0.663682001856249,-0.14648032169309033,-0.8410982220608256,-0.2859315927417499,0.7633547701625485,0.4785216217336756,-0.42246405248004937,0.9118589487504242,-0.4543695858829926,0.6573223206282646,-0.4546684856050144,-0.15998137127658985,0.037004497134523834,0.10188123781241365,-0.3828887620249275,0.2550811578526946,-0.6696713321579475,-0.8567692410916414,0.4685184694542215,0.7807435273588407,0.10671479037536588,0.4936526525071814,-0.46072309794720695,0.9306720904658252,-0.9396566012816228,-0.8947386615812458,0.638124051867734,0.7019841870327206,-0.8930384698691258,-0.790888537286409,-0.13165495624821966,-0.31841958920860325,-0.7535010126876147,0.7433393080251939,-0.20588995657456338,-0.5501999968764375,-0.9357942061370803,-0.5133525745128267,-0.5760973965498473,0.6606752246460971,0.7660343485364369,-0.7051232598167494
-0.5372218511582261,-0.9849646790478199,-0.781163271782441,-0.8693219646038153,0.7605172995060945,1.026228555840538,0.4621007811110136,-0.36608122893858264,-0.6985672772650009,0.5027441258164385,0.893506587494241,-0.8940575231537125,0.20945083536941286,0.05873244085285445,-0.08447582911205043,-0.33592199126475164,0.059296011633939605,0.9334279446924308,-0.8801573295695546,0.9408426514683019,0.20126516083725685,0.1867108929966878,-0.788888260765541,-0.15429931226517601,-0.28855260397612725,-0.40123127586453233,0.7548383214231521,0.9777872850012161,-0.028609885297841614,0.12937108490255245,-0.9183224908656225,0.8419670089248801,-0.6457577761826001,-0.7577276628531815,0.3662294026303301,0.24496487449889015,0.8473821289635417,-0.4602796649300247,-0.5139501962828608,0.7676713612393,-0.98626508098247,0.8291154609428224,-0.1054188997064156,0.4456663390565126,0.43809481680977236,0.6037820285169638,0.3885662287398999,-0.8063470055160435,-0.10396600643159182,0.3692510162375382,-0.501069596789657,-0.7717376985789421,-0.7446801551722628,0.19066906225554686,0.6972488452658298,0.8995022206133441,-0.7243017948155734,0.5679009347997608,0.16903392441418275,0.3173202738970131,0.59138506900663,-0.1571221583264839,-0.6375191195274501,0.6391719186608352
-0.7757953246100542,0.22850003436008426,0.7064512251381111,-0.006286148847095996,-0.8916118994537897,0.2958481188357077,0.5581495924323745,-0.15092138235412916,-0.7800264822443982,0.26484094771524386,-0.515559011493794,-0.3477279045849795,-0.08408158716036351,-0.16453656604181077,0.8091497125807827,-0.9834751624093112,0.9596608545157014,0.6809849916003103,0.20995002240863492,0.5004111474586453,-0.7719039203659779,-0.347950143604181,0.8634088343579995,-0.8624158174064347,0.5539970891705672,0.3912289980781911,-0.3469882482299066,-0.21318664138571752,0.7295757624205088,-0.8117262333726167,1.017295540471017,-0.6874609137315677,-0.8572356184611165,-0.28679844158791346,0.6872497011701237,-0.4018943860599966,-0.8803634108395602,0.5230776842521332,0.878565523088686,0.9011199501556827,-0.8802892436939089,0.8680506756088062,-0.8529734896378967,-0.8575861897713856,-0.22635567094815007,0.15451193159191476,0.5950132145442841,-0.2574710722964346,0.0707726067670585,-0.02897349725132381,0.2777929414196316,-0.3299144941895046,-0.6482238022798519,-0.038224842144154,-0.20531129306677456,-0.04127426371499157,0.06666614456323972,-0.7464348285077138,0.8653473514965211,-0.8159634120339214,-0.8819637843795932,-0.2856742824365676,-0.38268484399639036,-0.8205141329983536
0.9097389723746224,-0.4328657862365869,-0.8217597058716068,0.6577468382503049,-0.11528200580292951,0.8179632354952012,0.2074618614124446,-0.7823853932628332,-0.8691554043685714,0.24910308471649542,-0.5949219109840932,0.9990213953618425,-0.19960832692148736,0.9221934614394146,0.8324415868060147,0.17685322478454113,-0.0072111925916937825,-0.8315182292172463,0.8084198008899446,-0.8546408217659729,-0.7907135654804889,0.6514398325337731,0.7338778931232184,-0.9147696922753985,-0.4858173817286955,-0.2564522375859255,0.12881071894537732,-0.2616694668022972,0.46933990245494833,-0.32661944169564394,0.7399063078585335,-0.23444421305120033,0.6191344172409328,0.14044464692768785,0.5500927054988877,0.5050852876188018,0.6851590121941055,-0.3648813549302966,0.9138387669820673,-0.3786469803582806,-0.5029329150443529,-0.35917195780187416,-0.6409321796045881,-0.5852600166619675,-0.17897596299718677,-0.12088064145533078,-0.9889627493213331,-0.31885283220326954,-0.03440691693825457,-0.128824688388538,-0.43904516489739853,0.03267907754089336,0.04148258369133695,-0.4540280348148631,-0.09701444663686935,0.25559458782508915,0.8273148502161174,0.37425507203612085,0.17692181368016646,0.9477162788249993,-0.8577281523874809,-0.9470883877729577,-0.17836830622360167,-0.016492100100406137
-0.6753922284645706,0.5327828100639291,-0.5768525063775771,1.0513614524922013,0.6164290101124963,-0.5421907113203597,0.38552354314339965,-1.0560079019158357,-0.9089638137085176,0.701148755740644,0.8493129275180364,-0.9537763131998821,0.11862436787576772,0.559578947639205,-0.6390228817499214,0.9169183938457484,0.66221214911573,0.7257392351745839,-0.46427822313473155,0.7609184441175523,-0.859749426998407,-0.4179105646014234,-0.5408797105857999,0.6258777177594573,0.8891578862209132,0.6322322727638976,-0.5871713011965276,-0.026705623849100135,0.2181699158906656,-0.31830068663890665,-0.8556604722390795,0.9603497910828867,-0.32594750894009117,-0.24934252548303082,0.3894832566267097,0.47936065255632465,-0.904799016351638,-0.47609139156131985,0.5511625703849573,-0.8796259979031521,0.8699676418643898,0.7213982887682371,0.1558516613104184,-0.7306394032181226,-0.6182043466843987,0.4567256913516664,-0.9999730601279295,-0.7943933904701184,-0.9840781634252069,-0.19155707332611388,0.7104510291935622,0.45570339828711304,0.6268636399714571,0.7778333254259296,-0.7502552753569385,-0.9451968049880904,0.294433921241668,-0.8359759484072894,0.9819909177058694,-0.309856254685801,-0.6008468307289967,0.32196180548406333,-0.14928998446235264,-0.6475100116896974
0.8754290825939959,-0.6542266728296258,0.6405856887774872,-0.687673102734663,-0.13067449955051536,-0.0538580655922567,0.4813716701584922,0.4761208396966822,-0.07797376314617177,-0.9386388304620614,-0.14882860829078526,0.4242417019214595,-0.34664399488729725,0.10645364683805858,0.09281461186999732,0.5223165686488291,0.4660453747135722,0.14643907591084712,-0.6332812546435416,0.5250422296599901,-0.419522287587379,-0.03687265943261353,0.19741147641348777,-0.4428065261968175,-0.6777989167115398,-0.2754616213986829,0.3607391026596911,0.7059651705667445,-0.38173404005082967,-0.38810974285140604,-0.35201405996779744,0.3030309999137984,0.9763216212734582,-0.2697306921057693,-0.09247809587115308,-0.697795041798732,-0.8452098210870485,-0.10710004327411315,-0.8744088379416401,0.7416968843341463,0.7056479347133497,-0.5274656741650119,-0.6151972093747256,-0.32417453444300653,-0.4244485378016912,0.43017266064546344,-0.20829806039603338,-0.43802048550028183,0.491095444804452,0.8821866807281855,-0.8064279571790149,0.6457172783981314,-0.3718628366635739,-0.6749598417964923,0.9268023080892729,0.11782747446507424,0.1851133246165194,0.162831311347432,0.29948500344789347,-0.2377488083988879,0.06929215610092032,0.9754186428526723,-0.0070126526567237946,0.6503750924381089
-0.6251333373837635,0.13321404797677489,0.8542640376574395,-0.2434881375258704,-0.6987296787732025,-1.0644250018723134,0.6047444327018667,-0.7876262664231193,-0.6385390451233809,0.3917633097217034,0.5550840062588767,0.43176565026428193,0.9045022420326465,0.5394715611751764,0.24815314453117382,-0.8782429567794159,0.384082777832474,-0.6808664304591847,0.31129230202879676,-0.5819658789406958,-0.2460654538336211,-0.7545797676544628,-0.9148023485009613,-0.5449111738049307,0.43355875750436157,-0.05458316964581869,0.5212738859966142,0.5371322596044655,0.2844063158484099,-0.6586223761451169,0.15841960957335127,-0.18331258300533373,-0.3050208763460245,0.9473222096319327,-0.1435706014601997,0.5007121943768651,-0.19004008176063913,0.011741888502319942,0.49936813100826627,-0.4520845029563423,0.04842178926406708,0.698728999930514,0.1490284706826025,-0.4817968467640379,-0.7372213609191818,-0.851360662930627,0.9394686249185225,-0.4909064539071689,0.5093574928977493,0.4371982636270213,-0.3114151205680826,0.7090317932310077,-0.0519629017847314,-0.8458551142067627,0.9427747849918495,0.23781050049981678,-0.866114269214123,0.8112736923476297,0.018151089235603157,-0.8024149288866564,0.08433165034094985,0.31962481484350636,-0.9146534395969894,-0.4336951159913116
0.1503477552064499,-0.8543619042750519,-0.4452325001519735,-0.7038109405590303,0.29680931392567356,-0.34708400393899597,-0.19558653298088746,0.3002937119248539,-0.20360770678296025,-0.3189717172124463,0.21238892220917127,-0.9901061957783885,0.5468869836378181,0.17222470343457963,0.09036027856126672,-0.6831574567563117,-0.17250704615834467,-0.3655358337229284,0.6911063012612257,0.32666632722452105,0.28708554184121804,-0.9828359794862918,-0.42638391169385015,-1.1085768008620487,-0.8163410789657092,-0.18148510419756053,-0.05247082194835473,0.7271389682235945,0.7592725943905666,-0.7378023442806094,0.9121446473878135,0.059041272300840233,-0.13509986779465338,-0.4302548193832072,0.7015454278917875,-0.5868258571723859,0.6013322635498177,0.8492457878757749,0.392513383688893,0.5109520604019107,0.8751416492035126,-0.5362055662697935,-0.4160466728709384,-0.1272011317526931,-1.0092120470129147,-0.10198689086718482,0.18235262727536794,0.8150214818760533,0.6446727769880465,-0.8269138710617134,0.5600945102485402,0.15726526813534702,0.27014073145044315,0.9758438075602198,-0.4068284089573452,-0.5016422562623517,0.7015069891826835,0.8081897925290719,0.624275865197131,0.32459574034619104,-0.1947292230928802,-0.7027931302357302,-0.5454401089534324,0.8922088670845911
0.6367286665513077,0.3703274224834585,-0.2261134122711268,0.32936314508488634,-0.7161699993621589,0.8526309140962876,0.9893038260923874,-0.12926677216366936,-0.568903609791704,-0.17600323919109506,0.09201967475030653,0.03817667264560676,-0.9913099477614276,-0.6810341999525886,0.6246759327432398,0.804329101654228,0.9981211783004982,0.3986409055774489,-0.169239445201024,0.4040193679477303,-0.9171222063334383,-1.0903235370765094,-0.12482059728559758,-0.7325873872998909,-0.786496778056351,-0.11101793467937138,0.8497048350379639,-0.2521384347008375,-0.7918138493992353,-0.1804356364483554,-0.6327670774272032,-0.967523469632521,0.06710081246918118,0.13699463377143442,0.7251087808195624,0.6576594428156481,-0.13768471992389997,-0.6923270733246318,-0.9441441435934312,-0.17503123200327547,0.328190350383315,0.6592073386588884,-0.46555064245328315,-0.9833240763460885,0.2799389755693379,0.9359059725635663,0.4393246845173017,-0.7513913777388459,0.7158194567390743,-0.5846277959315987,0.6900222497856392,-0.18761288357911243,-0.58468093322979,0.2255022282414354,-0.6243420284625251,0.33771720235767194,-0.16763549232304387,0.03719284411629786,-0.20488201745433665,0.8713893989828333,-0.5116974036694883,0.7943407888914473,-0.34202866323425407,0.5896733878830496
0.4447199869817846,0.6494825256537399,-0.795882021073665,-0.6010896149040239,0.615773567888509,0.37748852754221374,0.9047332587993573,-0.16050030305114538,0.34450000628504424,0.9795229989235463,-0.004190104247564941,-0.10859047074998585,-0.12324382475476692,0.3508855854480015,-0.8638336056226685,-0.957665998373292,0.7760916783362992,0.07664893207238643,0.16181549720174931,0.2769461124358439,-0.6478100408346554,-0.36265447404045026,0.5319594984596516,-0.6531905207695764,0.7705759753796326,1.1355473098273423,-0.5936118747620726,-0.15670029345124892,0.3807366021984535,-0.5313853563098692,-0.07854097047914846,0.6446620061863155,0.550044816640102,0.5984664295984419,-0.08053421470049531,0.4054666469613575,0.9108387105383466,0.7100104182364928,0.6287877086486175,0.2786755203907285,-0.7624507256371595,0.8399860411696318,0.35230847773297524,0.7818699844984935,-0.6151433373721945,0.6189957194115476,0.2662258193833087,0.42018105164333774,0.14398159436895375,-0.7792398095011444,-0.7931669711215664,-0.1915217230089308,-0.2827623602530791,0.699822119705485,-0.19498325810356798,-1.0505472448406992,-0.40825628893636345,0.35315040435378897,-0.9073342839065544,-0.9170040646607037,0.9027571808866683,-0.16927578176295757,-0.8177907829575519,-0.8863451286785939
0.43428309109957763,-0.9835370107267847,-0.7394041783193115,-0.5364145153308004,-0.758165861984835,-0.03624089521921925,0.7546336675659256,-0.06586940191613011,-0.9325461220521667,0.6165185312385956,1.0103560225204586,-0.11634667413400568,-0.12276591760707234,-0.5785135127908997,-0.3324094548603598,0.07424206171236869,0.30248785833517045,0.3440737393680242,-0.4414711540146954,-0.3831185414519539,0.5239361668644729,-0.0812352221681103,-0.33327312493957506,0.6732170623435453,0.2087494967758599,-0.8372274930041816,0.6905350050552367,-0.9253799525532594,-0.4853351170144826,0.38339653885545966,-0.4505426704622585,0.14194859108735725,0.48899794562712035,0.23909951228202808,-0.0637163032939827,0.4809644438007268,0.9032550968174884,0.8954156496196166,0.32569997462307476,-0.1301021114242249,-0.44557554674251265,0.5852113773774215,0.8545269549907575,-1.0393594454411765,-0.01663954051120324,0.3600435008705779,0.14696033876719178,-0.9805499032970626,-0.8738558408169499,-0.4321396907698325,0.8289426639327677,0.7056187526484532,0.743186966048343,-0.2856809411081,0.5020756374274387,-0.7389151643960827,0.7660029665455187,-0.1051919663698675,0.2980926898954653,-0.057667842578356776,-0.18999508187920644,0.6674837708124739,-0.10971158680528892,0.31436344625630663
0.17843915647518638,-0.6111078917501519,0.38949625138072985,0.5750922189800658,-0.2559516215142672,0.9640572414547726,0.723249926910238,0.7482741619996998,-0.47409635827507174,0.6724949573622194,-0.12823063332251516,0.05779002166956371,0.19558766561959606,-0.9142705658471701,0.5565671244525963,0.654312567513762,0.8507306527131648,0.2008954203766431,-0.7312987900328909,0.08139264828187584,0.5781253748707533,0.7467618063292836,0.6047431272945201,-0.3817139896808086,0.08441488691743465,-0.47670697180154553,-0.1664728402518234,0.18858869116213584,-0.397362171930014,0.32902890224637416,-0.20725918559856976,-0.9495355003920192,0.6605215484805831,-0.20288507934366212,-0.03914865274467044,-0.5901258572262624,0.33566427469680593,-0.46539285776081507,-0.6660040818393405,0.6706536317893468,0.40852280421909404,0.7893222410628212,0.7695347887736109,-0.38299942044298296,0.6684829053260378,0.789617650912706,-0.9282219255268584,-0.41862068325541935,-0.2560149171707897,0.6202776772354824,-0.8848992512848044,0.34247041677206447,-1.0576329934753184,-0.4926311767955409,-0.8460954735019695,0.8588005136100272,-1.0150965241340428,-0.2926506270798873,-0.1598708414986627,0.802062031323024,-0.34240890781278277,-0.3952104959727397,0.6370230443261803,0.4698100720678726
0.7096657942830926,-0.5380949536803652,-0.7328678095880232,0.3512189894996016,-0.8679805333958774,0.26536436914370887,0.4038622626901185,-0.7439546131718815,-0.5015476015032818,-0.6856857768972702,-0.17251988677038477,-0.09379708811221499,0.01614030021168504,0.6333055202526509,0.81566611137515,-0.5702052299355558,-0.18156375490707505,-0.48990039162315324,0.4543935907404891,0.673785896611193,0.14701554064390954,-0.11135923000540354,-0.5718661981938005,0.8671891521618607,0.006020908672347017,-1.051134745427429,0.4857181449034358,-0.7943538363980596,0.5315388967232184,0.42051269058434837,-0.7016316106322771,-0.37624405682096485,-0.1799732457552512,0.2798074362553351,-1.0191422137901351,-0.5714109360558226,0.68008579213311,-0.35077826027481596,-0.21960115708993827,-0.357830838060033,-0.3259886853350698,0.225404441623138,0.6486897783674073,-0.8802971221449951,-0.02984717435638981,-0.6867208777460314,-0.20143148706058003,-0.6511645682185303,-0.5148021418539745,0.7039830480521407,0.05517745810694752,0.46177817543247923,-0.18585486609837526,-0.9445667786746121,-0.984016637542702,0.5323963505413054,-0.3159383847708086,0.07941645329896421,-0.9418940957862806,-0.25075877342972336,0.48608906925568185,0.39602267263640434,0.5161348438334645,0.31642789100765056
0.3860528544618631,0.7910208391086019,-0.3655198418947667,-0.3575213697432287,-0.19789870425724154,0.9823845362627662,-0.20645462101786838,0.13057971584293482,0.41751694811519896,0.6646489778204463,-0.28958209114067934,0.33178147760867915,0.471586896285671,0.0011707315088393955,0.5386371983830187,0.5524205335327559,-0.22946092373275295,0.29745871981465644,-0.5280168443071205,0.3761452240794625,0.555034585467691,-0.09057554137593822,-0.6540507183674598,0.9321443562455675,-0.75864739926357,0.22782494158005795,-0.07856739126960247,-0.6952917821223565,0.9221461816584398,-0.5393067371724971,0.049059969019765226,0.6022976220616432,-0.7210279933195806,0.6019500077266424,0.9746987999237664,0.7029410930133939,0.7661198617709049,-0.018342193931900536,-0.8475264027682463,0.12707189339799518,0.5969559053525013,-0.7697365552443993,-0.5139488573433578,-0.3529775077040696,0.812247637418847,-0.7196216406836698,-0.0816732404276348,0.7294515838695448,0.5472863874013656,-0.2744138648947003,1.031541171144334,-0.9357665938386459,-0.6475114395181809,-0.5335245189128568,-0.2019893913391119,-0.6364247372783854,0.18453077851535737,0.05394971497706669,0.43461133007673136,-0.8026390796641749,0.6802756058316305,0.9940355046059088,0.1290676871777161,0.8299561983559289
-0.726011586474794,-0.3329032563803038,0.9248452513435795,0.16609199808019204,0.004861534568853854,-0.3409689417778079,0.5320925749335286,-0.33419028712554266,-0.7869802712851197,0.7339660601954703,0.5325648687950411,-0.654257308675875,0.08155603012240542,-0.7882444897855807,0.9130949387498869,0.9765800613278941,-0.22024123364959824,-0.5561208962009414,0.9546911213927058,0.8877920362686427,0.5770790101211938,-0.3767191260899876,-0.34804480098420576,-0.5458619549683138,0.8395759819922347,-0.07851967986432,-0.2683467997228459,0.5458023261108593,0.9894597197159697,0.28751612120066605,-0.23155203731669682,-0.7799248590414269,0.18750218501286198,0.7716056738098261,0.2439855811731579,0.4971990655672894,0.6743534145829164,-0.9714527406847567,-0.4808049164728748,-0.6161827329760707,-0.745679001477465,0.7812365650701261,-0.11290868142752775,0.48790677059213805,0.9275687970701465,0.6168080867490837,-0.6190248872413631,-0.4835754861216104,0.139569432074508,0.8432770151912719,0.4939878730971043,-0.7562626970105422,-1.0590622703521773,0.15814297966856805,-0.26066468247433816,-0.9507765141309656,0.8144869595792492,-0.284367303220014,-0.07676202754874815,0.1939719765898944,0.9667699967421258,-0.3573424524561561,-0.7543958298897282,0.8333017911890088
-0.20810857312707065,-0.5678776805753298,0.7877674683268018,0.5662876272295607,-0.05328340729433456,-0.20165740899101114,-0.7556302505184767,0.17310446341851438,-0.16508289510797747,-0.4085450776017211,0.8763189249848755,0.5714529672372354,0.6079912457342815,0.20362176814544086,-0.49854533071462465,0.26889951434933335,0.7856578607627916,-0.181508528521521,-0.7006506913813948,0.7062133827702051,-0.10857924645141162,0.16099117524044004,0.3319432198144754,-0.5850895951170825,-0.6260933417226068,0.828012369730998,0.900846426118115,0.7567252485742699,-0.5104973385896775,-0.5247898225774994,0.19480156511853952,-0.8498082142214594,0.6485895934602062,-0.7711708399489705,-0.5186517485499906,-0.5877119340674617,-0.8202004713943027,0.8089610299725429,0.8977028322273258,0.24104440144730388,0.5608429168025731,-0.19374736566943165,-0.3283585452942273,-0.7292545053203898,0.05918409221015697,-0.5799706780684795,0.6925484585637983,-0.17927563919196376,-0.13771518411164535,-0.34816282805365106,0.3305179485745661,0.12208592375499627,1.0357619517082277,-0.5239449248420918,-0.02863013205888576,0.8444628416364117,-0.5986187137180559,0.05067229128922537,-0.0958536035507409,-1.0504412101586003,-0.08855711319309581,0.5640441876517469,0.8616041056323233,0.06267984372638429
0.9582528171783342,0.6667785386683176,-0.5752719514837534,-0.3922165858596707,0.2915237605047728,0.08660105482300508,-0.45755920453827903,-0.541469990325826,0.2929205699136151,0.43727104627714275,-0.20294853201220842,0.5741566409757292,0.1851867173014021,0.851727554126376,-0.6421172402351688,0.7139611516075257,-0.9763262453274619,-0.028766502594635417,0.4984994513657508,0.8966154978062623,-0.9453691049488226,-0.7031400340701586,0.08998139587902165,0.5395826040845517,0.9978563279273982,-0.4948835624858233,-0.153841571960039,0.7942578837041724,0.3582598424806984,0.48097980426354126,-0.7127827488268821,0.1493080635194104,-0.6351524345337478,-0.10290849907050803,-0.6456858335945969,-0.709988551314412,-0.6635033728793862,0.2831762860078437,-0.9597484931850662,0.42554077271491186,-0.3962851013554798,-0.4848825996038506,-0.7275000767232749,-0.7596222206321748,0.0575255192712647,0.34178048636222536,0.05470197157418566,0.5399040767473029,0.05444225299130312,-0.08621413734263125,0.5582680794954049,0.7378352444122089,0.13271163933933305,0.9282483560259677,0.42342158660326645,-0.7471924491159267,-0.48725777464551495,-0.3613295926466191,-0.4917930891998419,0.4511897069449941,-0.9543636787176841,0.9099733947333032,0.7079129785021699,0.9146943178553408
-0.7048736225550465,-0.8472832487665747,0.760196493960565,-0.7362443102312024,-0.09589719918265689,0.2264316091739022,0.41587879401564787,-0.13231939220479566,-0.9790900717737987,0.30504244307051587,-0.2526191158718125,-0.31096559711959126,0.697424697156916,0.5121172790189813,0.9891683183167108,0.7237725296436108,-0.5913590877280719,0.02513286106504453,0.18954575667240814,0.46514475354605855,0.4659594859694902,-0.17280430523672244,-0.6553712101893909,0.9066481340291288,0.289574822264753,0.9734712747565997,-0.5715957896963917,0.5967048262210974,-0.7429517575765778,0.982068618744699,0.4799991203970356,0.4945112842438969,0.45683578374792355,-0.8547358437638822,-0.6134614926992993,-0.0557731338273344,-0.7813763088236693,-1.0207789258420987,0.9421863859911062,-0.9787226141931862,-0.5755686374350255,0.8232188891112986,0.19875841317226706,-0.9465743257572803,-0.8003112255410001,-0.42890428725028795,0.22887926882370577,0.7586089506520399,0.6583041271237025,0.545791887799845,-0.8025163842877208,0.07076218970044423,0.025283858870170928,-0.22091671533838392,0.17044983276201622,-0.3290051974525079,-0.6041326855419871,0.8985318052028088,-0.6428880698266496,0.137863485070564,-1.0876076902341987,-0.7217459026159592,0.3190582754336009,-0.16322444836583705
-0.05087586166383982,0.7987767640503122,0.002278617862732979,-0.2927742398716791,-0.5990320423539914,0.40101905825073314,0.961111385927552,0.4848615393948643,0.09020108441345577,0.32279135634773215,-0.6429796401922965,0.9092355126360551,0.4390922216010369,-0.06564593324625045,0.4111389350781246,-0.7688305695312085,-0.12823614722211518,-0.2566559318108128,0.36996081385852286,-0.7725319244442146,0.1026489750813877,-0.27798292608532116,-0.33614394625471755,-0.7223727266462708,-0.7536215866770384,0.9241553297992762,-0.9501663992094103,0.06632370774496787,-0.834851819112596,0.20109665488005357,-0.640951118106887,0.4858350128577865,0.9306647754644936,0.020945854337969444,0.5085497077124481,-0.35650113074636963,-0.18935686224774567,0.8139495006557023,0.16087654454574857,0.6992541441544744,-0.3119425264775906,-0.7639770451897214,0.27657514919307774,0.3900892335436521,-0.7380271842541078,-0.03241934689312065,-0.11226374816044471,-0.22043208558983762,-0.2675750726544319,0.39865283669835555,0.43408078725063187,0.8941890800390391,-0.4282208326928511,-0.5923537054830315,0.4648118570862921,-0.6913515808283905,0.8849616308303576,-0.5271281114553776,0.7365979459467444,0.14349513302193143,0.10805555422138816,0.17183925598113614,0.1366198694053784,-0.6194450405854872
-0.7471172577170488,0.316972421140405,0.35238899260061785,0.6670421605572632,-0.14620793083295547,0.7588361392104581,-0.5166829705225393,0.7990507811176982,-0.29620550647628696,-0.8961764473677889,-0.5166858587888143,0.26767996144710754,-0.677248229971583,-0.2749445643851436,-0.5929847693537085,-0.4889124735979573,0.32341803417780546,0.9958144741767692,-0.825003261522596,-0.6706459077171767,-0.04976704366799134,-0.39954648504552925,-0.8479154443238461,0.9832360005163387,0.04470311363212215,-0.8512592187048651,0.349919582856957,0.3811824845980436,-0.21827391599097237,0.7397999746549556,-0.04663558305674531,-0.8329551529625949,0.06387348080607791,-0.045831131065868114,-0.8159479603037092,-0.521876543032775,-0.04132980627552407,0.9458794760087799,-0.6772181928088444,0.3320550825593074,-0.20187026329204505,0.7343305755319736,-0.516703114318512,-0.11954669152053365,0.32218929788206074,-0.9844858480359719,0.7167367617048672,0.228946328400093,0.35492962667417594,-0.8225875282600161,-0.07884972612390387,-0.8267666376467506,0.25518273905096034,-0.6632171254954252,-0.9465959699262971,-0.4821461521168734,0.8771220441942377,-0.11188528028963152,0.08053234924143542,0.08818471939798338,-0.02758526284327778,0.12826258297451387,-0.46967110354109576,0.1493101008474147
0.9236628619783291,-0.6340866646474304,-1.0158025211955695,-0.17045830625384695,0.008270554072817543,0.8358912861070882,-0.8199653398138822,0.6048042642484035,-0.11224657644321678,0.19812235550378943,0.4410013585841569,-0.24516904902432538,0.8621473095704149,-0.4745850375933758,0.13713378293709805,-0.9848157555949795,0.5146172247869065,-0.27578650483687805,0.9524364653114887,-0.9783884924918644,-0.5857434847808272,-0.5917320014685805,-0.10536929416580532,0.862582180866587,0.16333433556815927,0.2699201600805222,0.3626121400349753,0.4351710019355426,-0.31822638571471656,0.2550699168997843,-0.029777874878118116,0.10192402536584244,-0.12033282025584827,0.6872717541348599,0.7868338361409537,0.7962845341008069,-0.9349571897621052,0.8386049037675642,-0.53969161993092,0.859167367203218,-0.7330814523262117,0.667904390442386,-1.00745907001382,0.5068727769780994,0.33257480628592173,0.7760238371454865,-0.7319570375138078,0.005272246766846012,0.5381923296945782,0.32043665630223694,-0.8763931291168896,-0.7837223775645807,-0.5993345459483619,-0.036535990775874286,-0.9689743867867537,0.4316952041085709,-0.5167920296710986,0.23564785882641506,-0.4358364990696455,0.7832851111567368,-0.7396538667751353,0.4998287880648917,0.3142662079504265,0.6143268969210267
-0.1306398461574454,0.7296755596786295,0.17971238378461374,-0.3829555124285797,0.6163597657862991,0.7149506969238677,0.07078884126830198,-0.14190251700035256,-0.1272680425394675,0.775153120654642,0.6638585195324405,0.1537937503396385,0.2030162530278654,0.20945974813565657,-0.3098233303801786,0.2186935845860813,-0.2773036063520835,-0.7593416181833603,-0.7657862160856255,0.3525179251714122,0.8730085847651545,-0.6237632053522613,-0.449350473371916,-0.43975092255698245,-0.2815051839737933,0.06098865082046978,-0.42522449787150185,0.9653098016598441,0.4338199858429226,-0.6048736617125894,0.3189651945880907,-0.16074861469423407,0.22456851212796686,0.37742156273586625,0.583377780630033,0.7078209437593617,-0.854168933297103,-1.1752972197939282,0.9002631764079074,-0.23533623542203272,0.3314983113827845,0.8828148427063527,0.866790891206656,-0.9241914966092157,0.4400820763600095,-0.24420343580341883,0.1700665549120728,0.8913793258177919,0.3764889616814169,-0.6643733108334746,0.7988797984400464,0.3573647642719333,0.28103741426737106,0.822330931757338,0.6086844928665172,-0.46202942424354965,-0.0029373210023764668,-0.5023788510053987,0.7292331580499176,-0.6425464884543466,0.5794477178693279,-0.5818657829414822,-0.18880458100785114,-0.6400328149978372
0.7325099660849154,0.06125119006165569,-0.39043617116555396,-0.3615913511037391,0.6440794827821295,0.08841374636890831,0.542501992863899,-0.35008990997205136,0.19073890981099342,-0.5742933391320573,-0.16767441322948246,0.1438443404123727,0.05719857851039101,-0.8230500247646757,-0.8556784417695296,0.06762498109770543,1.0886185927333403,0.398137979810558,-0.590035023441215,0.1094522819694892,0.8348806516987459,-0.2975680484976771,-0.19726992661656864,0.15985821141759726,-0.3349196622009689,-0.6181678680366123,0.12487582869722974,-0.6702757806480575,-0.18306254521540155,-0.8211478092323308,-0.222573194817541,-0.7245310338535789,0.06909337634918541,-0.23991385518033947,-0.6040245930657511,0.7963712893304022,-0.8463387100308646,0.7238237321794917,-0.09539291052866672,0.8185657931455105,-0.9794263805947296,0.8111171384495939,-0.8939533693095676,-0.07597524314652841,-0.8784323367081786,0.4292046287217801,0.3601842375751818,-0.6067947632485942,-0.8974957639921229,-0.12112030744164881,-0.6865446754240341,-1.1114535126042786,-0.9970252787989864,-0.5097090003998693,0.33381181813338834,-0.5749657712402256,0.05931190047371343,0.8471392460926113,-0.46946571102196,-0.5537661814467054,0.09180016569280824,-0.2174568624799309,-0.9251043858211825,0.2583462073498559
0.9540766752128647,0.5073119511008961,-0.7569373201541398,-0.16304648306375968,0.8921848572664448,0.24018675518625965,0.5796103697393112,-0.8151488767113686,-0.8956101142448513,-0.9476445406371662,-0.2443440519585912,0.5486841094746221,-0.4635966221326904,0.2288449377395513,-0.7548426905231351,-0.5583353720031307,0.36896201194259726,0.7164977497240272,0.7167690698039104,0.37928022727098754,-0.8248242583131056,0.7427701968830216,-0.7829014454571321,-0.6882505955185936,0.24305997842973293,-0.9104856653099527,-0.35874580480532825,1.043542954224215,0.38748173074546977,0.09559594591685094,-0.25252943654183224,-0.5948142647600724,-0.7059543244052704,-0.5263855471056396,-0.233878772234675,-0.532763155871643,-0.7434527215613616,-0.5963985924042607,-0.24025513354226138,-0.034574094703723704,0.7475618136701916,0.8202782916468375,0.5267544509889823,0.28441254298017693,0.09826553978763775,0.32022328461429805,0.46501512586240357,0.779157370533288,0.2603196991131879,-0.15890283162114932,-0.522379959264563,0.10863175199276622,1.0256737241242422,0.33465547222010694,-0.6365584284519836,0.2797796219074611,-0.5568320575080479,-0.31621965990124,-0.1742334580208953,0.6801090507801844,-0.6120513076470344,0.7737531730012541,0.26580192361301735,0.048220042163068896
-0.8487503133302026,-0.47273813467995396,-0.8456473993136308,-0.8503669342432949,-0.49258094580775635,0.5702792097968793,0.689820361871826,-0.03382506434898279,0.5265818927318033,0.6662313692098342,-0.18162889476389732,0.68254008000621,-0.755012225825765,-0.14739064957167192,-0.3897705779242503,0.6361620011072077,-0.7358799964063023,-0.11633447100539152,-0.4185553340696915,0.1371815844967387,-0.21666130663594446,-0.6039950710472981,0.802917155940732,-0.7734300268966383,-0.4513362284736311,0.6754123617155748,0.6884641586139022,0.7859799222161856,-0.13153782925708235,0.11651015325601088,0.15533858899645647,0.46161683097762507,0.35042113887053605,-0.9600423487171192,-0.37406884827567666,0.007768718419725262,0.5385849642764342,0.5276210049564092,0.5186246560127097,-0.3033985486293638,0.15773302948379087,-0.16020607119618258,-0.8411565522697982,-0.07396618208651476,-0.7895649045371274,0.49854404300835076,-0.6783961311291082,-0.6483134540039984,0.7703083802793491,-0.4198102203029427,0.10818746989051164,-0.2851861161898829,-0.9148818002828392,0.20932775110665136,0.3732492478911886,0.8504532163238305,0.30541268940166466,-0.42383309787632806,-0.8036369242883354,-0.5010370652429477,-0.5435980183270666,-0.8651427565043274,-0.03315625390760393,0.9505286707964935
-0.7544993943146441,-0.7589656755708614,0.798126959992224,-0.1126806080555881,-0.8133110652752334,-0.8056556104797947,-0.2508481177926656,0.02986021789106097,-0.4044211633240855,-0.5279002355881731,-0.46924887344968996,0.31335809381565616,0.5205257348271364,-0.301303846937238,-0.5575493284549549,-0.781244323574531,0.15859342911815677,-0.5629545341937403,0.013701952554413338,-0.3389197216096276,0.06776358283296946,0.19614573478677896,0.5279938056697104,-0.8053024820905488,-0.5498832061193526,-0.13537203009862553,-0.7944436651972275,-0.025078318849248493,0.461447187573295,0.0846015128514411,0.5989734411010783,-0.34629899343641135,-0.7956258846980597,-0.1931561097868049,0.739102932488106,-0.32676402410880995,0.015491369793090334,-0.19971348016404988,-0.5712126859607511,-0.422967294630434,0.09422030793547376,-0.552578151602088,-0.39823521040410137,-0.7800403183728362,-0.325065896491608,-0.6768410310775808,0.8973440121606715,0.7909483051682467,0.683860112973778,-0.9685255987894553,0.003122436087932945,0.6904942278013049,-0.21114716909873826,-0.8518775732151023,0.9184635909092279,-0.5330461910741291,0.07322708927047387,0.47128008611696015,0.9220927398111419,-0.23632912463365496,0.14132845077431117,-0.3734014989020531,0.5931939169636837,-0.38518380136158215
-0.9972701729361091,-0.5509128808700703,0.3211957732249041,0.39414941345647003,0.6884855539975046,-0.5343628900668743,-0.7130610032722714,0.5615152860153911,0.2029215628516931,-0.6457233208705118,-0.7083370870359509,-0.3746277956784305,0.12688005740721892,0.46270432207427414,-0.40181025699902406,0.9070423196624717,0.7064640341742034,0.1224118830374383,-0.16158509014699207,0.8681393994373237,0.972022057653251,0.68922774659341,0.057933416593504816,0.19709452073880418,-0.3942068473132421,-0.2053970857413241,0.38015759763260104,0.5838449286628102,0.18049687404729187,-0.4196114063293954,0.016652205061817762,0.42299922921813216,0.3785854626512325,0.6157204426920713,0.47568442158939916,-0.37857701911585584,-0.933143801164865,-0.7191533403754458,-0.06170924600417016,0.9927708170189498,-0.7497086644188237,-0.9991880892807621,-0.07598715182843052,-0.24839706824679256,-0.12469585616411799,-0.5539568625020476,-0.8078623045040882,0.024278634468775318,-0.16753594644278183,-0.41151257667144936,-0.910096061181882,0.46048581229459407,-0.6793969288115582,0.3233262534861624,0.5336193042922819,-0.17467715647509485,0.41786636666749627,0.48070759306310396,0.6190865635524144,0.881681908552712,0.792515808372309,-0.9153715579696606,-0.143613611659822,0.12387857947619585
-0.9684315779019008,0.07750005994838172,-0.17616682828058985,0.8823364631539851,-0.3738186630287177,0.9901589364655814,-0.19910082493468573,0.5210331933782932,0.00854934323809331,-0.9850725485223055,0.04538448971219729,-0.8867754703295365,0.21594142655740556,0.3130331097589507,-0.23997445789141075,0.20548630466430765,0.17669130280153533,-0.7748484659659862,0.026284554962396012,-0.5593148163856161,-0.6010912516281153,-0.8219062827903578,0.857763966007834,0.8304790125306192,-0.28603876885849067,1.0535563562146444,-0.8658085562472756,-0.4920973442176628,0.633168986641835,0.6411459778336368,0.20218487525515694,-0.3471081234733252,-0.7513070662661203,0.6027495476676983,-0.8642782320139955,-0.42953068483433315,0.7658970075440997,-0.8505573788629086,-0.8225276582956602,0.31009242942824217,0.07328976658650754,0.46952325739388645,-0.06190857450446896,-0.12886765293470512,-0.45061614199488675,0.7345429814122435,0.9404192022713644,0.5063257559762697,-0.6135499484525466,-0.2689354126581981,-0.7322286873393198,-0.8140209023147315,-0.8653023353585436,0.6260173060682079,-0.17902540042365422,-0.514228262072127,0.9146143130529069,0.9963907082326184,-0.02640774876127469,0.10029667963667865,-0.1979934858928762,-0.4544234117044963,-0.24422814371360801,-0.613963933431765
0.5151097136478298,0.5452572315174913,-0.41373981679271155,-0.48990339863144516,-0.8467477807773103,0.23647397537279935,-0.09618198023067343,-0.706057549501742,-0.2051894527699667,-0.292742592232043,0.8245622900341949,0.05192886851911238,0.493559147982205,-0.08329214112256267,-0.6589521043956347,1.029792404503063,-0.8997082372410585,-0.02729048267482803,0.14115605953863963,0.691793766056072,-0.4564660414257631,0.8587820510910402,0.04633711771239099,0.8477029740590705,-0.7666343942597094,0.6572049564779439,-0.19991806544566365,-0.6724092392014072,-0.6415458997384267,0.03061973106812027,0.5920687503719992,0.32467386140603943,0.1603371638669498,-0.4988622775630939,0.4131661415687291,0.4906118048484791,-0.6015798189689607,-0.4576093272933974,0.8040553794706657,-0.25431113024375773,0.11805038738711272,0.4025247180901945,0.8545788882700129,-0.4929734322324948,0.6610236788234047,-0.7446251830597319,0.24817005950297205,0.720855306776069,0.3582575500330918,-0.0027173588779907387,0.7157874112484307,-0.949045619482956,0.35474645087912027,0.9548971321164388,0.7510373736664957,-0.4365983224643344,0.4615857703924686,0.023691014644264347,0.9551947376125207,-0.126504713201217,0.6793484960787057,-0.7027925020186883,0.02696585603091939,-0.21433413475259333
-0.44253402973813105,0.70676776823104,-0.8683707331248428,0.7507502697699218,0.6004485047923279,0.8859806226882262,-0.4371395015374252,0.9428920243288405,0.8715110563626454,-0.562312644071802,-0.20685289962115427,-0.16778247259229145,0.9744805925158119,-0.8945919479701747,-0.1305273870711412,0.4473395158528425,0.8314942763852382,0.17540727489889796,-0.4843930669038357,0.8636044365595354,0.3662770285236472,0.09238280834160645,0.2442063205553733,-0.48552276925438687,-1.0347441185215016,0.2594331875907663,-0.5964413435319711,0.42000802172103424,-0.6381367809466982,-0.7164242502957058,0.27308521200310854,-0.034542645537194966,0.16820465401700235,-0.09814394662164422,-0.5204520774638604,-0.69432033101644,-0.1269090583350378,-0.025920934238616036,-0.34542574749173444,-0.43208418127758375,-0.05143166176675169,0.2071602447866543,0.14376980304151302,0.6640810251247353,-0.07565287335326554,-0.26561384338388794,-0.7079460566038148,-0.2169793641969029,0.09723928346180366,0.6286816219102169,0.6071367573946245,-0.7569964901977249,0.19573613493764497,0.38472790918543776,0.9281713789029501,-0.6116695130681077,0.2925996891330441,0.9411905897636728,-0.9771621978687975,-0.7420745259498258,-0.3564542311682342,0.4217311737762158,-0.7856425319987597,-0.05329062437620369
0.7324585148308029,-0.7054806000426054,-0.9364498248686228,0.08367347620997867,0.5942238329805943,-0.7989494797204175,-0.126863164644869,0.4695187166795065,0.5109730284859701,0.8739316560959905,0.6470917483593561,-0.20038643703318823,-0.30530466990711935,-0.05634296732235411,0.596756364473747,0.8159489123479807,0.6721135369513338,0.7451801529530682,-0.7931796786111833,-0.0024270579820810934,-0.23611323131846895,-0.5344088853404635,-0.6418025882527691,-0.7533693831398595,-0.290759593478064,0.6767184069975534,0.6415123120700613,-0.7406949789798762,0.39039248410386374,0.544659626032238,0.3005338420809713,0.6967918310971843,1.0064165767800328,-0.25674843837321126,-0.9165997196867173,-0.02510503659298391,-0.9146481282702548,-0.6600302225262926,0.583848009170938,-0.4323863981813706,0.7793385128840882,-0.8664400415730247,0.9998144276024887,-0.02504041699017215,0.3883510534296229,0.9217772441071332,-0.6760996861033649,0.2542116888916681,-0.45578458381870807,0.41619202705881775,0.11208301739910428,0.06470481674057812,0.6775060055591424,-0.017585866459125576,-0.3779343679262446,0.6052213061706935,-0.90871430075081,0.9986921948601257,0.46630714556186303,-0.934140200176881,-0.28955874454739305,-0.2275765019482452,0.809199083268098,0.6999621456693501
-0.9373264941495494,-0.9888183934041117,0.7931229467235259,-0.8197473079035928,0.677314408168205,0.8791143792363538,0.05167884420169393,0.743487226093285,-0.07890591326353147,-0.634470111598517,-0.6540534129941136,-0.12962741974356912,0.23290559652612405,-0.6390717390884493,-0.1918453099775044,-0.9394607369067798,-0.16753833106999183,-0.11565076319538672,0.9581988499958509,-0.23842019623664623,-0.5859160794840488,0.1380310022776928,-0.4220026163211954,0.5203530602141966,0.37601714539430864,-0.17770751401129425,-0.31146732275117905,0.27885144486629554,-0.8679179928504821,-0.8497129310767086,-0.8710754671310375,0.6918384664619341,0.06395479071831811,0.0035719287238824837,0.558113775024548,0.10160827296476864,0.9253656703439508,-0.4238387824414282,-0.2891682915559386,0.592609803661154,-0.11432886886563609,0.14662397211050338,0.825515462581636,0.5949641467660052,-0.9027384327762302,-0.19404016954305267,0.22012757280764375,-0.6769810929077537,0.94243935862685,0.11769182755126684,-0.9379054185222944,-0.128193551199063,0.2594430988665124,-0.07034713505828716,-0.7114970492713943,-0.8639427620869335,-0.3953303444704765,-0.8468217311645724,0.4012972922268309,-0.6539984953210666,0.6614893233124147,-0.6491823942131255,0.17919459170811544,-0.36901453856311084
0.38858384504807364,0.25393155180175153,-0.35462434313192204,-0.2863973461065912,-0.35912513756104375,-0.8003745501222994,0.5988202253581073,0.4562848023487085,-0.8467032643898325,0.8210381465484052,-0.5674477925056283,-0.8928313384978875,0.9726471378049599,0.14765020954948582,0.6528415812866197,-0.7573656148544504,-0.3623893954729316,0.39419883508371734,0.693096215643153,0.47740489059393965,-0.11059306010546766,-0.8219879533514582,-0.35575341879378464,0.7749081351754628,-0.8641813457493019,0.18604719565289263,0.8664600230131672,-0.6449731105756384,-9.730959904753755e-05,0.2529097735275932,-0.36173970327500166,-0.08388921560731236,-0.9884286903756452,0.4895985783677831,0.11204412702425973,0.271282445029715,-0.9864887180326984,-0.5102577583551197,0.776212395664174,-0.07640787304492777,0.11213781717290783,-0.6333660178309719,0.053973597054536165,0.46020992598309696,0.41247714852926953,-0.47961517331126996,-0.20509417617420178,-0.35704284147132315,0.8477665079124008,0.19551859696344964,1.0000273105685558,0.4848173429614594,-0.25104628329306644,0.828282077130373,-0.06402471943854007,0.13835434558017878,-0.43784792716570237,0.836942794950208,0.6199699193140824,0.9927855412721489,-0.054112265903149215,0.719058034469609,-0.3964991645724101,0.3591382651286412
0.0024286616732445837,-0.13174679098300168,-0.48821854347308924,-0.32942560036440516,-0.747112580206122,-0.16963672293526308,0.06653191539741257,-0.3152880680623002,0.3088642931049011,0.45216125981463584,0.7321373658116372,-0.11719711786254283,1.0159604243394191,0.12686296248141826,0.7168011838975674,0.7322793686203583,0.23116011793262148,0.48298349633341986,-1.0428548952539993,-0.26589453995613305,0.6574957046835903,-0.2513209567669519,-0.9836322870396619,-0.4408034663681625,0.3035548675285722,-0.995119380670586,-0.3470307729835307,0.09116838071523525,-0.8329821311442391,-0.3906575909927328,-0.6664058847094738,0.674475055763419,-0.04613063749644408,0.8036805758719033,0.5695246907742597,0.3083747676823734,-0.7537356484714834,-0.8561850334690696,0.13833536220615628,-0.3753569744892735,-0.7253195840882628,0.5189907790721009,0.13384133485893956,0.9036870322614226,0.2613149441525482,-0.2698903322297981,0.12625344957417228,0.8886870222870671,-0.3984095791449459,-0.56105183420624,0.8084766226699618,-0.02962824501613648,0.14961720188751282,0.6647794642551748,-0.09865529766590427,-0.04752954620266259,0.42458307929534955,-0.8015629264226859,0.17201589470515455,-0.5404051168068897,0.7714178212051572,0.4563779239470619,-0.8703895911015123,0.870618372397227
1.0358076240395526,-0.025660452719391103,-0.6169111106851737,-0.1468519470389065,0.9217109989785175,0.7472518938066276,0.5484602332060696,-0.3841199493225511,-0.06232250414422169,0.3771158002570223,0.7002749056756106,-0.8016911984717212,0.1848414773853717,0.06983444428111985,-0.38961050747220316,0.8077421793373247,0.3792013423883851,-0.17549947182768322,0.48549564920035865,-0.99526514112412,-0.9024037668067761,0.058379331682124835,0.7244195825859452,0.6083759679820072,0.45232988475393676,-0.7273892386791413,0.5387670969842152,0.8639976664477722,0.6952344856782947,-0.0706501763060226,0.8439108955612692,0.7349138899198585,-0.47230842564631526,-0.27488215545556294,-0.5720496265214288,0.41309442288107745,0.5646502260446712,0.7737353433530938,0.13007425879115248,-0.4002598757389925,0.8674234522888988,-0.9578183072311859,-0.7078312153586556,-0.4932934495827321,0.9680834238163866,-0.8137615737778716,0.21813056720022905,-0.6801878195430253,0.3562930952320713,-0.17403470574089597,-0.4450975469493277,-0.821865002556463,0.3001116356788337,-0.22957758811131668,-0.5491147694682412,0.8837627992065504,-0.14779252377792657,0.23272776679449492,0.43495299476370697,0.9142558623105483,-0.6417454202077659,0.026722964489351478,-0.3746064475564772,-0.21362401493776295
0.9590867785939382,-0.6329652918554236,0.5623817578832133,0.6707700966248651,0.5608395563171031,-0.33497296117753406,-0.3712812679625763,-0.6608516249604619,0.3800244408091842,-0.30239793079983274,0.24645999025055687,0.007603134715495591,-1.0085877311633307,0.8888887767181721,0.04869195945861482,-0.7369675308832337,-0.049908199089851404,-0.5183357312966406,-0.7009632777192925,0.017950953478486298,-0.22576995415058243,-0.6143192303775878,-0.7794273749189121,0.11968178591150336,1.0772741931779666,0.8296999829938233,-0.3478398969274561,-0.5374593224568799,0.15300152936957107,0.7282912342779648,0.8069962783005117,-0.29242867316033205,0.2786096223632577,0.8172641374561012,-0.25469394072365126,-0.8931186009957277,-0.3887263459896513,-0.920881430063242,-0.06823252309370753,-0.2164073067368858,-0.058734764032498665,0.44068243344666747,-0.8201409327227139,0.11217700112275336,-0.8730286898883113,0.7843646992287107,0.7371847852727392,-0.5179739576474071,0.8462270153350051,0.17970261779465568,-0.4135372507761499,-0.03164797571203448,0.4788137825913532,0.031385820113735446,0.14352616188002232,-0.307655675826135,-0.3335550531085993,-0.20860048107825482,-0.8740167558227647,0.29467033703608436,0.32087456410483484,0.08643813989349382,0.44552650080714157,0.03440377216278434
