-0.4998184740201119,0.6031133547417857,0.2288366136420074,-0.34558823691705776,-0.24355498808259912,0.15372720844229537,0.08583547155231927,-0.05892012120785001,0.8349019223883445,0.5662690370494594,-0.4025772673849187,0.9134589004164051,-0.7177031690803515,-0.8354083412268991,-0.9261355794362398,0.9711581814445722,0.3179182837695853,-0.27445482617595957,0.8221917255203199,0.9811492403594781,0.8870991631417393,-0.5056264649569313,0.20204316469945804,0.5011044661562949,-0.8148316012866497,-0.2667308235360539,-0.5595995189948935,-0.8379433598625816,0.2077821940140243,-0.38336415055541817,0.39826984046583846,1.076169018433899,0.8789979016978413,0.6402812728954883,0.6454985907717821,0.4602541448665326,-0.9124020142727705,-0.9958565920303561,1.0055253571900535,-0.13727017205350722,0.3894934634256937,-0.8740310976099861,-0.6520341021663313,0.3876220857504622,-0.5124441632200085,-0.05659970855421759,0.35070032219204056,-0.03260666404741677,0.7148133971417763,0.3619369190279156,-0.6316137303840821,0.023968197943981903,0.30006187531179584,0.2725887529209061,-0.4716313371829264,0.3560440013048023,-0.8032567636826671,-0.2817355285100208,-0.22642280823297234,0.3395634522504438,-0.14836717125927254,-0.9717008437549133,-0.7867459685145364,0.17493759771330275
0.8832874123715209,-0.6278142374401499,0.5352559497925683,0.9533493327133553,-0.2941577631769119,-0.7774376134864129,-0.63417789437055,0.9184699581028608,0.7989871364720001,0.2694187547146707,-0.19241707057446264,-0.6480484950337577,0.43586013623307274,-0.9729382498336507,-0.5015419577400336,0.6076925396230273,-0.47929060985860916,0.8635359032726995,0.0402487131957443,1.0298813767518349,0.8009205455763231,-0.6860621974314416,-0.01863199174037993,0.5205962816482026,0.5055817770488316,0.5388445327328459,0.04851695223714003,0.4682244600245656,0.9644085770316895,0.36673565074888415,-0.7501466080690007,-0.24466463722002815,-0.989573414253816,-0.5599141700878083,0.04547100791376302,-0.14981389400711653,0.019967161351662377,0.412264163101945,0.30374497860482963,-0.5457319215429033,-0.5983944483917125,-0.743132558390247,0.3474653720965385,-0.3544726044211254,0.4964785356976688,-0.40528135073590527,-0.5924637963253937,-0.3808601700139167,0.8123522122131321,-0.5113247913385455,-0.09879751216029972,-0.36336538332371826,0.7049559736465569,0.5323880029698282,-0.9838271197372668,-0.18904888077094822,-0.850593791449465,0.9132763951070686,0.2130516439856155,-0.514628900997645,0.4320434395247423,-0.047063090623328474,0.32077343079281295,0.4651865736689852
0.44304011265111976,0.6753613783555139,-0.1487025420013391,-0.5715773793277961,0.7452061440492372,0.5141588750389887,-0.27862842206775107,-0.2771604138332165,-0.5982915576794701,0.6198630543310115,-0.55444929338284,0.530303147367415,0.7448754852783342,-0.9357342825294878,0.3849782480666497,0.7339616992107423,0.4350360013082817,0.3481016757058261,-0.4533564205061218,0.235469379418696,-1.0089530138265936,-0.4868788234504793,0.8024346017977211,-0.8478076970893405,0.17075101170283946,0.7271856103218219,-0.43326072303867136,0.1532869611023957,-0.42533190923204117,0.10515819667074316,-0.8319162659479643,0.005779021856169297,-0.21133471948699256,-0.09891038092050702,-0.019128208028334065,-0.8122478222482425,0.7097484875598254,0.612805027991968,-0.23806536983040405,-0.7409759258202115,-0.11416406023335438,0.4145774136812055,-0.5625987301343061,0.07385204226805997,-0.1415435491026149,-0.2485984355382398,-0.040804548657680684,0.43237294652340963,0.5854051003514429,-0.39361215026461593,0.7358071328706545,-0.6743503234655179,-0.016900099237867616,-0.854406981159022,-0.8145362544534002,-0.3048583216958154,0.3775826860312057,0.6982878814751301,0.24592662114025554,-0.9273070818979423,0.11684920415873412,0.6773967782853205,-1.0410746348055948,-0.2025175197317024
-0.13568625201154896,0.7698759720688876,-0.48607359037827,-0.3648720778586405,0.6562568073420376,-0.1930418542600385,0.8956206422956023,-0.15259435525418144,-0.19323803596179095,-0.9479556393706681,0.8219488938258424,0.34962888863726926,0.721535507968678,-0.3839700654271623,0.07018715028008504,0.8807826485729389,-0.5223036087314972,-0.7712383652086803,0.7408087314069995,0.0013348682730222883,-0.9322361460255031,-0.28243896214075814,-0.4640590601260999,-0.29164048769520057,-0.3066158926594284,-1.018995795726791,-0.40902714618941727,-0.5094255126755589,-0.5615369747036197,0.037224264311238375,0.7558122218075303,0.4739179236625155,-0.37763105553652454,0.8980992561464829,-0.11135370296817322,-0.6928835421974449,-0.11191990901023319,0.2156313469108544,0.09912177018039414,0.9235504864402642,-0.3977711827723453,0.8621198219359196,0.07581710478935394,-0.9664614305228688,0.9609932049049156,-0.24015454200325892,0.6057954631039668,-0.8397449856567901,0.428184096413714,0.806741411695931,0.6043493815497514,0.9805972980073898,-0.16516763213024754,0.024265665310337026,0.15009956700083585,-0.38554365197610513,0.4494081526274287,0.21321351778051104,0.28065992186226174,0.5528097146723745,0.9531671448064758,0.10634537940419642,0.46221780665375634,0.8696357643981147
-0.9257964505076131,-0.7158584044295114,-0.19679409250719787,-0.683038320692744,0.8642458927961985,0.07278240380834289,-0.3401288905572288,0.25129815078783135,-0.4013234169730604,0.9226458069481129,-0.28977480430946345,-0.8785121178893244,0.5024454718930607,-0.6826309315883188,0.3674976710926117,0.8510928212729667,-0.3025202407776344,0.4098538962730749,-0.8141072090119299,-0.3541513557547673,0.003945785746753305,0.20267332372004399,-0.8031901680505961,0.6684479801672641,0.9147224304879542,-0.10408401305733683,-0.6469394969540778,-0.08498634468511757,-0.8267260932477769,0.6628085662509478,-0.47221348724000534,0.7386405107389862,-0.5514941851871595,-0.4248648650514373,0.7320393603719451,-0.35137550469236833,0.6653932044767474,0.5242470315353343,0.3878029832157289,-0.20044745248072404,-0.14206695501382627,-0.18345324722045464,-0.30727045847106527,-0.8270229113602641,0.4498512817549516,0.8172064441219986,0.9887326615734839,0.3918711450323966,-0.7024173939795182,-0.4411073022632017,-0.21721740049012725,-0.4599854931675458,-0.6833373202711654,-0.23650299461916813,0.773051464948741,0.19071538367612556,-0.8944711173087745,0.5706330201630876,-0.6412320498368814,-0.32006430676026654,-0.7296751702924753,0.9364666543302897,0.5603894533625535,-0.49222625073906023
0.32143662258872086,0.8134405866388088,0.20011565786116464,-0.8896471133049266,0.31901309815113477,0.17080921033663898,0.7015743614785481,-0.7454493796170787,-0.6994235391917429,0.606430435605346,-0.5587103514117389,-0.765725022381101,0.4180858203789857,-0.7110883845739162,-0.5530656810923127,-0.020468033618634807,0.5531822666235082,-0.06059137920422433,0.07551336897105587,0.7309728210660751,0.5112474488587697,0.31687607478833363,-0.8708375306632745,0.21239973063652948,-0.4609123677636193,0.38420010240592206,-0.402783930218404,0.43710227056027473,0.09740289668814096,0.22993122592022713,-0.4694744994782387,0.3481064828110694,-0.9300160419374606,-0.02802992653889283,0.8367743076250673,-0.49084090252557977,-0.40075374093463734,0.5980163186349154,-0.6231534929866835,-0.8919901050607757,-0.22839058417007818,-0.03736035866590792,0.6132288974713997,0.8430054197821835,-0.5467259054790701,0.8154629275377463,-0.16957174915638795,0.9822140646667727,0.9160840639322722,0.9121598663049406,0.15079672040853764,0.2431937868066139,-0.1319671216147884,-0.9371030908707044,-0.7471460887710091,0.6056679824195241,0.12079235695773405,0.524983637065368,-0.5930064497013006,1.0276245605124157,0.3044091388268929,-0.15431042246167448,0.3795676615104065,-0.6405490344059045
0.18002867730614813,-0.1129413513627433,0.3177712181472157,0.5026442014965489,0.5652569257873744,0.45374570754502375,1.0220454032569166,-0.8140795519854597,0.3692858147213651,0.0795329090740893,-0.7834872769154686,0.5817509372861092,-0.4507183827185523,-0.1398090635912049,0.9042905645630208,0.6570379541830613,-0.8959832453333604,0.835062700882832,-0.3936564960775774,0.5563416631629314,0.09709853236725041,-0.5114692018380687,-0.5256494807499497,-0.3092763836675947,0.8565232247975766,0.3850670363362686,-0.14728841900729261,0.6718821744946537,-0.056831714365816355,0.22594054354829354,0.15205522894857815,-0.06113705811506942,0.7486528319534599,0.4602138907686728,-0.6745704045040626,0.8604493138586555,-0.051883852306935374,-0.5404617446728825,0.884485961502747,-0.7619531770295058,-0.6361244456741008,-0.31297037031268604,-0.8750081991305826,0.25135520175648557,0.6903370381833245,0.663483747074344,0.30739062588600896,-0.9710336802405073,0.2077625502519067,0.01888587163048605,-0.4215453047268909,-0.2973250615529967,-0.36418428756608434,-0.05328036761087848,0.8083370466340689,0.5569619674356268,0.3439285177151229,0.5358974656706417,-0.9021141607649666,-0.07015015173003461,-0.9094413926465563,-0.9920020732394594,0.88005459708624,-0.09504392266969663
-0.6532966341381173,-0.3070802851139556,-0.3174157323481819,-0.731731883027222,-0.1939524029411269,0.3731595137885335,1.0268121132829253,0.4564787984202445,0.6546489536101915,-0.339196562145315,0.9828097845770274,-0.29931690263613264,-0.8219287024084558,-0.7150297983571261,-0.2684986872700734,0.7400768855773795,-0.4830473824592221,-0.1599404217685753,-0.1729600812444534,0.04042305922558506,-0.5122732277745539,-0.056624412271923885,0.5347156701756641,-0.6704994381791607,0.0900968170351828,0.40569584916636114,-0.28017594086977127,0.38185791202325814,-0.10664897635769638,-0.5387905902823521,0.045187525433565995,0.15189683470262083,0.342295169349357,0.02117359897414839,0.41481961758600217,0.10806903873592984,0.7684264793213995,-0.3607713157265582,0.5256000207339596,-0.6844897808217161,-0.4675143251125051,-0.14106393944228368,-0.10194163969173194,0.4738069627178361,0.4874760514882621,-0.6080091798691604,-0.1849893719019708,-0.7082813946916173,0.5878660021859683,0.7665624764823726,0.8512018270387585,-0.28994722428545955,0.6204815037962464,0.8586334857709834,0.7450255919879254,0.09026411569210706,0.943881570639648,0.858950286249841,-0.46146740618143733,-0.4806041531794081,-0.7800842379483817,-0.25443718159284545,-0.8793943901535278,0.29028495905648366
-0.5951378046104185,0.43789098333994814,-0.5859998752690283,-0.2559482634831798,-0.8220910230291101,-0.7707402515125161,-0.9402598116987025,-0.7132211962093855,-0.7895738148749887,-0.2863328196435939,0.5215903399467456,-0.6031248085370695,0.7914090470858599,-0.17219390758776454,-0.32839606511945857,0.8928154378486199,0.2777664502624164,1.082246310871128,0.27977134682892113,-0.35992037533651366,-0.25760742920168755,0.7134219414517133,-0.18582996763649895,0.38252679867478223,-0.15007348264947518,0.4293925972435986,0.29662284161199426,0.11452688924778814,1.028553095759513,-0.13048618802809142,-0.6007712941379988,-0.7671895280802239,0.9016535368789089,0.6808313223375408,-0.9258542831536938,-0.5366929406102794,-0.4149697567365449,0.1214174419381846,-0.08982398425097293,0.5014682058006152,0.4010933670421315,-0.7505781452911406,-0.5421317297560118,-0.505248272131906,-0.37298000362619976,-0.1250799041505546,-0.8995625649985051,-0.7918645451808108,-0.5312887955328787,0.320589780881107,-0.5081387866008209,-0.33683174212073697,0.19515348332308424,-1.004097780056347,-0.22743354009874306,0.07199786123770724,-0.36601332731227504,0.9076384620066713,0.2479519128182499,-0.3438990323955583,0.6919631281402143,-0.13587429102361903,1.1549020361516322,-0.03221112536822064
0.42485557056548245,0.8389063598831933,-0.5362522002087187,0.273359763753656,-0.20793783136459815,0.14192301856924816,-0.5393864396904249,-0.1420832060711425,-0.5000957011396576,-0.749662282018823,0.6230211759147071,0.40040510203734136,0.4328087460844885,0.028482549607772967,0.902005689594767,0.9150434239460599,0.39256683078133325,0.17629565951930085,-0.8242691353648118,0.2797517233797824,0.6521811473913922,0.8033811336419697,0.877586456857876,-0.5296652144676679,-0.2863243042810007,-0.8131866380240842,-0.9033542221562445,0.38665239464100276,0.9495949200554847,-1.0705387502951391,0.6751536780545073,0.6644977372465983,0.4899601987386215,-0.0145090448873966,0.8342642222086281,-0.6954024984203364,-0.27767790944414394,0.3678939682314476,0.7029795259723188,-0.5739877121047265,-0.4851553396382564,0.7796929555995669,0.476154863239971,-0.6419149518231683,-0.00876634801701548,0.13264899013993592,-0.5771603829401486,-0.943136607220952,0.8581168414745682,0.9346608130845854,0.5443315166354823,-0.4933572662147081,-0.4915345567234878,-0.6501181862466175,-0.5578213203586286,0.205996982426974,-0.1304742011624818,-0.5066670873112972,0.7706332333504193,-0.5949757292697104,-0.7763911454326937,-0.6389763042536851,0.8929682863391374,-0.9916751531849224
-0.7550730797545391,-0.30504091655916477,0.6155667379677878,-0.3627314479595697,0.31725765026519703,-0.09047663362222108,0.262960809603062,-0.2572581169414442,0.7211555965903178,-0.6829702316262305,-0.026537062461590807,-0.18618803348275725,-0.8554135718930262,-0.08929857896878898,0.06838850945413671,-0.4227011598702052,0.41517089184670164,0.9817936462594581,0.7719196206332268,-0.059309492653312645,0.7904994456176433,-0.2980846976034976,-0.20132748219164487,0.014329408700104282,0.36889698694421713,-0.02387758683729535,0.34859332807045695,0.21089302963137732,0.4257998121384719,0.8171332601703971,-0.06137060551571763,-0.7298783211023635,0.17310463035193835,-0.7359092421639255,-0.6764177024863779,0.2167677160379836,-0.334555839706565,-0.39076063952208684,0.9596003468665911,-0.49518055214354795,0.13804303822656605,-0.9055780928492804,0.117274963187465,-0.8988600318979421,-0.6062781472421911,0.8499644225912167,-0.6425811344877914,0.6989997992376946,-0.6135992119008136,0.1634472437263533,-0.5212263726669025,0.14871455052583893,0.6570345876491549,0.41986742005654853,-0.7497653542377336,0.5905103572329151,-0.896832480918316,-0.3006362759269392,-0.5042679651197901,0.7765214718176852,0.33380654974188173,-0.710386014018034,-0.1035007957396783,0.4042125285886795
-0.7688945387706586,-0.3831198500854294,0.701763021116936,0.014537829887869336,-0.5282289874215369,-0.702278946511292,-0.9128782631867203,-0.8155320658271378,0.3942135110302465,-0.6855021533773384,-0.912980145860691,0.46955922368622605,-0.5207469749674236,-0.6022062650195595,0.5527368193105461,0.7787278552350736,-0.4093621345582599,0.5164506210410189,-0.10103885366007459,0.387365855908665,0.32521151223844,-0.9721542479259455,0.015700336255926678,-0.6378006011653986,-0.8347247091140828,-0.7613857147836469,-0.694596234562395,0.7236202069311849,0.7510712813378253,0.8858401126704336,-0.495708915043896,-0.9306167587646046,-0.5174460958459284,-0.8905465684168717,0.16806175266918277,-0.13675159216088945,0.009989662018198897,-0.2900820853337609,-0.06517970200332979,0.42464528367574994,-0.7406191078464737,0.0069525950206744125,-0.14677699686547285,0.1700694925625783,0.507070313035527,0.4197474830654842,-0.3883946515366907,-0.3235951140998241,-0.5951867645063146,-0.46995618759054275,-0.33897393879235643,-0.42172100293091197,0.5510009904560431,-0.425652544846733,0.13820900297124666,0.7484732271630372,-0.6630582233345038,0.16099944451523962,0.8012820722878022,0.9684001620832683,-0.5800005907699302,-0.5124260505263147,0.4397421297318655,0.6020352529794958
0.0861561597029108,-0.9479145784589847,0.030096648191108286,0.19267668004289168,0.4090727192442128,-0.6468785902356973,-0.6490342336384395,-0.9417928746549467,-0.3616302445058801,0.07160821630916933,-0.16832536245579588,0.9470312405282795,-0.3078650575352942,0.7718218691537457,0.6345530682332176,-0.9314681535374861,0.7196818186585872,0.22780246441583873,-0.7510561937476807,0.03628066020048237,0.47732930444702515,0.28193209626322996,-0.4987440286779521,-0.7789805303321965,-0.40418100328007367,-0.24558238924977036,-1.0208463391104994,0.06956030907647587,-0.8029474871837784,-0.7908014992142626,-0.4310347424994609,0.8956452229926559,-0.40163363485782355,-0.25351154861991276,0.17425945975960522,-0.6748016672834038,-0.979355213954652,0.45173612748940833,-0.40673401925230057,0.5725513183024058,0.4225933169608286,0.06606175258359412,0.6036180010129166,0.3901560502225856,-0.8932477980187448,-0.14137971358310986,0.16264439841760053,0.7933006806302796,0.3980808024977084,-0.9621493187446208,-0.8600061221156767,-0.7141601339858179,-0.9927183744273036,-0.7039271245782632,0.008666386232818457,0.48638691274500845,0.034213066334034536,0.8704022915914913,-0.5135374899833851,-0.2851240664595791,0.17327059990288318,-0.36832119013754316,-1.0501505374607356,0.39946480849294036
0.581936069970441,0.782830992007088,0.6270448663356709,-0.4796318396585394,-0.11335801126032369,-0.36772460702037946,-0.7575187167825774,-0.7155531632420269,0.8378361572696373,-0.2037898290732883,-0.6113746073722619,-1.0734302861824523,-0.3765238639017827,-0.7664765790504753,0.261938719645346,-0.12349889243749979,-0.12799561523644387,-0.7034300022924951,-0.34700692352522083,-0.33786220783920273,-0.0771791937777957,0.19835489608706425,-0.18251251965751614,-0.033819777066081746,0.047367482405641356,-0.36202714515041734,0.27456395412296497,-0.7767220784755029,1.0370114527397,0.7249852174461537,-0.07823300640122396,-0.1353819192715299,-0.669450249897348,0.8700635530722907,-0.6784775586752099,-0.3355620461978768,-0.5684662284721882,0.6479401888110551,0.47686258027482537,-0.9567009759180547,-0.8160027626687737,-0.9279545499572154,0.32377745368896527,-0.9995358387103017,0.2673214118255194,0.4346651365680734,0.4514969205628794,0.8481828006765124,0.8671216528417508,0.26550284893380427,-0.6329686605454179,0.3435956759681785,0.318335852927063,0.31052310537476946,-0.4310871143442561,-0.0826928395877069,-0.6729240393148668,-0.8215432408589343,-0.70335575159429,-0.7113578836770252,0.9296423669784015,-0.8567839819050691,0.8026497726424502,0.24693252044052416
0.10146694633585551,-0.38296035335654693,0.4850604311064759,0.9572775744698289,0.35674742149703476,0.04683349475657095,-0.9484720105759141,0.18946803816103294,-0.5887043993498277,-0.37715753180608247,0.9870687000489629,-0.10224171192039666,-0.8761070787211855,0.8001685530674921,-0.7224221594495865,0.5746043328414132,-0.6754258792418287,0.7410861597338645,-0.47740985234654365,0.8375167910623342,-0.2798803725351966,-0.15298749847611798,0.9522351942993332,0.7752239397650571,0.49519921636596465,-0.4944879724194633,-0.533973523336528,0.41371712577855013,-0.10496095688217807,0.2555874247462988,-0.2225692166722612,-0.9218710183519039,-0.8051875678902904,0.4560595906845005,0.06363019026581529,-0.32492509312653783,-0.0797660868096326,0.9731243231657134,-0.34784482489259094,0.9816649237689061,0.29959255825005027,-0.606326193168293,-0.9570397936708985,0.9889495443493082,-0.926794448212851,0.6590058533889251,0.813953828107999,0.8609631415342349,-0.30731119050049194,-0.6835885420840113,-0.18739117078598513,-0.06528876106424283,-0.7228249609528172,0.1975679376667987,0.3717107390808488,0.4555243768621275,-0.6442254015388456,-0.7441622144217459,0.85448295852404,0.9573675116620374,0.8176833420629319,0.03708907320481636,0.684972148536088,0.14451778493057765
-0.5611008606244108,0.10186769085344813,-0.7062681380724873,0.18492327076770398,0.3202477507260025,0.9017770977107311,-0.7755392003653827,0.3161361191749516,0.035869175133856734,-0.25548346216108375,-0.2796950999518455,-0.23035446069765309,-0.43989842994059836,0.6520343166926316,-0.9026074328291807,0.44259362057673785,0.45798089915417095,0.07085022108281813,0.8404223200831673,0.45524213016973847,-0.4042981329408004,-0.6197438997055226,0.9855569472454169,0.03727275639189487,0.4137434185365587,0.9168680489486393,0.9834255843063884,-0.532741667056519,0.034054625694091595,-1.026326037742262,0.9678106709534441,-0.2103762070738351,0.9901724924839623,-0.5044894906102251,0.3301565760776261,0.19883347608848467,0.3409513176386253,0.09077746112556961,0.12616026204352626,-0.575013452131472,0.8513830021733411,-0.5839601062338455,0.42703583580529547,-0.10889940114579347,-0.22188089422973012,-0.1550068159331517,-0.02905162273554973,0.2420521519691641,0.38276844897578144,-0.4622416090863577,-0.10480521789622999,-0.1574485222755179,-0.3779934549125661,-0.7721931213232006,0.6331793906414198,0.0869356445426182,-0.16682596750252698,-0.8558998893950663,0.6326677911852265,-0.6049690368102851,0.36977872852061866,0.4786425341631553,-0.3082451482421322,0.45973771940419333
0.25527402082560396,0.9382314896203607,-0.6999322746839988,-0.7434355002821458,-0.9725799627285378,0.1515507168341912,-0.5913470957449876,-0.07635368846005049,0.3306717237394634,0.2966624009937564,-0.888795822474362,-0.02186435912529494,0.5252022904319735,0.2846430769965991,-0.8065924163485694,-0.162081340598428,-0.20956515592998573,0.6814798091928159,-0.7203594176032015,0.01708722845907451,-0.7148922189761494,0.7838728557150523,0.06966763697253175,0.5216385115273656,0.9502949734458245,0.631541421518977,0.8987326520658144,0.3263051458183704,-0.2231621779123577,-0.03156153370094805,-0.6356295924675321,0.31308188878635396,-0.555269404797677,-0.08164537595173993,0.9825626322446401,0.47696060445078714,-0.7180261925354663,0.8087559782192948,-0.1996834566335154,0.2254644773910795,0.30941085242245975,-0.3124542924393345,0.15867256204226185,0.8994406064691345,0.6652134281822204,0.6860023687072441,-0.2754513432844792,-0.5574036418294437,-0.7657961018925898,-0.367466251583656,0.32870040036742876,0.4027178217899081,-0.6534236364532953,-0.012802767379529012,0.2639099395399245,0.5324779122873593,-0.6804853884602144,0.3580538825797188,-0.9420019381608247,-0.9982229716843607,0.5584511189918322,0.8004859503759254,0.7717648246851123,-0.3843203215148503
0.9182198146568132,-0.2583432607439107,0.8841038478278183,-0.8147012775493265,-0.5149319999927653,-0.2621114373276199,0.2155177349978219,0.5893323767770875,0.8318456199012729,-0.12808846120524103,0.6077685939570603,-0.2545504704186077,-0.9296697692367606,-0.7148973007224053,-0.12130287484572105,0.22463460836201674,-0.3436137203537657,0.6445003893686155,0.8087469436964088,-0.5271492977742152,-0.906348089805135,-0.3324464461657157,0.29535869210446786,1.1083807935651127,0.6849278975288906,0.7964882906241313,-0.002135240070486155,-0.7523423279987205,0.917597417056778,0.8202877450009793,-0.3032086151439437,-0.9457019605747989,-0.19916375747183826,0.5110879585429955,-0.3074720184497022,-0.3816893944284101,0.5838125460863968,-0.4634380129873823,0.7975439080853457,0.6263391061493382,0.6831400283175064,-0.2723639031624271,-0.023746029882646624,0.505343768665772,-0.48788226070687624,-0.5572644245854703,-0.26510210278848184,-0.4866957534550673,0.5044547999099971,-0.8678389191293853,-0.207769810730711,0.462721342710009,-0.15797080269306488,0.6285827600830989,-0.9778298291138321,0.8457362238224435,-0.07381092565131997,0.34514848185890457,-0.8466364420733101,0.07983794061191121,-0.35353498703101743,-0.5798931632214199,0.8706324193810545,0.28301892531467276
-0.8860002830341281,-0.1255553058068052,-0.3286553451292058,-0.28324691513817385,-0.24407497453440952,-0.887476149099681,0.7520443860591443,-0.56913466617487,0.5658658225742881,0.8116409502284729,0.47986794989293347,0.43521248300026505,-0.6255067157165293,0.07359105701243082,-0.9442031689010673,0.2925958784697753,-0.7228080491024447,0.8858523748732614,0.11582880662276085,0.3288270633166484,0.7687303417354399,0.40528260285886486,0.08479423435926806,-0.5716293556403341,0.9868618375692699,-0.1637193137401134,-0.559000963706153,-0.2131326074502174,0.621704624825063,-0.24847122214743567,-0.3942960278115637,0.7662011879300394,0.363178391152843,-0.5353416774238644,0.45691304031290236,0.1337045984448113,0.7603656921275659,-0.2526708894015417,-0.19307821711169526,-0.8621644531511905,-0.4354373478578506,0.5679122619008676,0.06105720638750334,-0.2554289976605528,0.8055965219065802,-0.2395701904257892,0.9412839815835596,0.09242099516669655,-0.9095730601846238,-0.8459709831101134,-0.3208855540924454,0.8278368538212437,-0.8646308281030815,-0.793788055301544,-0.33935980286968326,-0.5718100582669565,0.22659418730031833,0.5536878306492999,-0.20970560557046813,-0.03312478525436642,-0.8467863722702531,0.9756007682817827,-0.36429330391573944,0.835502696792628
0.42431043094961374,-0.3780142930247159,0.6918216057622744,-0.4091287570688209,0.1002432150723489,-0.5548205667751891,0.2650743584222235,0.5524398217240076,0.2938289966691368,1.006925684200658,0.8152065579396393,-0.21750922761569247,-0.563711395733133,-0.8370370202245052,0.9183454225312069,0.5020158275199127,0.7548380092104041,0.46952356328636285,0.29053540216809776,-0.3813637387885864,-0.540396050599455,-0.9239999142290212,0.2718811331412916,-0.04654196560518971,0.9881864571239103,0.7241669435105469,0.9393198587431919,0.5798015574564676,-0.25948545055770067,-0.9153859566839806,-0.23448138469474045,-0.1805903058677267,0.26417360591255895,-0.7624108160930445,-0.3859835428244777,0.41285013617187927,-0.9233733768927586,-0.31634922245571,0.45295010229455107,0.2574403139716277,-0.5024721303710653,0.6230028236816559,0.8431703206553245,-0.026932328696050556,-0.8728223628618346,1.0598022741719877,0.5927104198655032,0.6296294389974835,0.5996341478670004,0.08915713994794783,0.8015924166422597,-0.251995267925643,0.4232019535750573,0.030616531297204208,-0.4479727098267192,-0.4202701773593962,-0.45999001225145597,-0.4659730502016237,-0.2641658566938332,0.807923974781668,-0.48696036278561405,-0.335787736513268,-0.3409418714509328,0.017483074905395135
0.8730086547009841,-0.02516937681020881,0.887381792114177,0.8923359075380501,0.2620678659242328,0.19033259690652216,0.665943467468777,-0.3166215511982571,0.5959479192184471,0.3424341049393169,0.016344384271743895,0.2481100284898219,0.17971399723116432,0.6513335069467869,0.8963864865573292,0.05038721433246551,0.8690902621106014,-0.588636830831406,-0.8126496827780578,-0.5945772844783008,-0.3267763849309282,-0.19906112634684492,-0.7601531677652416,-0.8242713069812057,-0.7772154641153616,-0.19625811151751318,0.039125197675369705,-0.2097865277617681,0.882691139328772,0.7209315146657054,-0.8057119001152324,-0.7261207990103629,0.16224527937521838,0.9598507443026498,-0.051811500248573505,0.17722724397193196,0.02598428943378983,0.3888295242060611,0.47435417344529685,-0.7995140100264198,0.48741832263511614,0.009216819621573127,-1.043035432161327,0.00938597095887414,-0.8658616825435588,-0.11084089930800145,-0.8120224926442876,-0.7772473423425235,0.5679714998063495,-0.19440020693852605,-0.510257810310166,0.8621776127263803,-0.18460873077052642,-0.6610036625292968,0.05337983871913532,-0.6742520246724564,0.7006666880609099,-0.07311715107515271,-0.2938982618584276,-0.09225935286543366,-0.9289668164958663,-0.38993478944154525,0.6703032916122955,-0.9556349307818481
0.6683642357645256,0.9531755610892532,0.40892253269051776,-0.8067211236665934,0.7172812237386053,-0.5352183494816878,-0.5897905791119707,-0.6970281651538542,0.534755389219014,-0.8526546771670703,0.07022598422039561,0.6879250623688427,0.6729447634124284,-0.13892693499480435,-0.6729864793873414,-0.7273291952641946,0.3880215280324526,-0.4618907513486561,-0.41495978674103506,0.3316693114468174,-0.4793340266804936,0.694377562964299,0.859473923133548,0.5853983130635054,-0.7282647207768219,0.5459944388626012,0.7753953202817665,-0.057335870243180986,-0.2715997447335352,0.00479984083565399,-0.6688245937157792,0.10323964828420973,-0.3668825912919931,0.8437656592079539,-0.12564387555974094,0.846790833265259,-0.9366838101654064,-0.5723718619621093,0.2899517718346766,0.8805808513516152,-0.7178093281804772,0.25359193105158195,0.8343757731912701,-0.10669187294505678,-0.9763325186329035,0.9598610332610686,0.7936578581273459,-0.9614797999258216,0.7674208544576298,-0.21231729897064577,0.3180957892689751,-0.8609084333283346,-0.6371621692588623,-0.9861875712479435,0.5268230891664518,0.2761709350684451,0.01861440448844595,0.43898071482960144,-0.38851556005301857,-0.7490729395418314,-0.40411632978413947,0.4812981205652779,0.06871209360009706,0.5404906792530586
-0.02193652300738802,-0.7047973416518156,-0.7018506284708217,-0.2466776449544923,0.5206684222926774,-0.22813918537623573,0.023997099706313224,0.68298058094254,0.03903605374134411,-0.9703867269766386,0.7039333894299407,0.5875680989792464,0.35952905530665213,0.846399721117822,-0.2396123072202414,0.6779480501728471,-0.002281577323790418,0.25444838702535133,0.6667654745049372,0.07695528886535274,0.2625003392788432,-0.39865711109573787,0.7957101408451054,-0.8119607653822458,-0.4924742371529822,0.5376702803366105,0.19999332820383914,0.7651133292526617,-0.8704999568284402,-0.9685997852229826,-0.388989423360961,0.9849729098226219,0.4434075127106036,0.9233283859681409,-0.6176284314517296,-0.7459126684385948,0.6902604489389075,-0.8429175323169178,0.4917087816641941,0.44256490968590545,0.12568562815876705,0.8896786715641842,0.7613767209562967,0.41659949542367514,-0.19040061493035448,0.4947431736642727,-0.37640460579428564,-0.7773144874770941,-0.10384460917901794,0.843775786941155,0.9197505016153482,0.3568261750164085,-0.2735563261122869,-0.32873265433035775,-0.7021444473587861,0.7863274885255559,-0.004856105342863293,0.040367488998102385,-0.9115512748168533,-0.9021287029977522,-0.06590173680291445,-0.06384721594686399,0.7212267939473469,-0.03437937222632395
0.21579406418864333,-0.7641633255745249,0.04421150617503433,-0.12350183601328046,-0.7645450189301135,0.23540856236257435,0.036843144184589116,-0.6857504327337017,-0.09683929840447503,-0.2329555032691102,-0.5485474298785618,-0.8533610704197587,-1.0401373250729893,-0.5679588434738871,0.369602008384996,0.8136992919161993,0.13874349758787385,-0.5693779814243586,-0.5646073923881585,0.6627133456185211,-0.04185694530899009,0.7441464347775499,0.12127692890751152,-0.0026614280417938396,-0.6773206028514578,-0.7278866964170154,0.8949713054948554,0.6221510911916863,-0.5682235206369219,0.6752991272272963,0.5666580039015439,-0.2134908203582826,0.07882966729494112,-1.030416244609593,-0.22735293366351628,-0.5230713691303905,0.7845998910010812,0.12985531612331572,0.8617858678635247,0.036100380712066935,0.8236981475355025,0.10309514819485832,0.098319988287914,-0.5403989604663886,-0.41822043563367894,-0.36497581784514366,0.2923532945244677,0.948674997779694,0.5303977925353045,-0.11415357186567478,-0.23623891759669058,0.24020903747042513,0.692363805585771,0.12625861081152556,-0.41086221657632166,0.18720207256914723,-0.13031032919837784,0.7780342159318627,0.9202199574221047,0.7725298076539958,-0.3814020933445937,0.6092301946083549,-0.3574698791164652,0.22781083667064073
-0.48809312715037945,1.0343493671740516,0.025281154972263242,-0.5177299394140658,0.18742375419160218,0.6882312696143283,-0.7143595387465858,-0.7529855062148871,-0.08777660409325305,-0.5563716898260821,0.2110386462101863,-0.7938306039416055,0.828852651683863,0.6589399929973297,0.6341735765542282,0.27352628921866806,-0.268149804876188,-0.5348637035778443,0.5071673952359808,-0.7376288172262975,-0.7386814931874792,0.5816515843811003,-0.05974120352386114,0.21362699692718667,-0.944902256918518,-0.05175503631580969,-0.9913680171699253,-0.6111273740427201,-0.7222644153462485,0.9225671062166003,0.11912827104272128,-0.8827297650144961,-0.6682696515494264,-0.43535158693978726,0.3329264354689079,0.591568929194815,-0.7574221215300013,0.6184934907966388,0.5008910933468786,-0.5754073013265328,-0.08855096277184793,0.6607338254043766,-0.9342048600156381,-0.4802914805272314,-0.8106117703618099,0.008645210078176452,0.6355457058772218,0.2939022094218655,0.8070626921423569,0.8250617962673408,0.040817876507537765,0.03172729444104316,-0.7612339690274935,-0.40853417213720933,-0.36247216427940643,0.013777465194207195,0.8982103108494117,0.1429538332475766,-0.4260955822699619,-0.4794196194784479,-0.602536602061297,-0.35367100654280426,-0.1653330074489861,0.39387609938428897
-0.5709174235015687,-0.12366140712554201,0.6204615415964971,0.012843652760181484,-0.4811562586947402,0.009783256070058838,0.9054778707355589,-0.005721838250316712,-1.0671932307374827,-0.01852933950096003,-0.1351907371361183,-0.8717127637447667,-0.6686299311793583,0.4046424048281114,-0.990546978558825,0.8636313676861629,-0.6581515253340868,0.8893892717564515,-0.7976249082057715,0.6662357873162204,0.8033021859238836,-0.6340138061429705,-0.21362379285733432,-0.6050934716875164,-0.019327287315970942,0.9927206220570601,-0.4819401935787815,0.9394273251778309,-0.8930330048514598,1.04773170030332,0.7682408169837122,0.755221785072117,0.3335856824620446,-0.663476554958538,-0.5092243797667269,-0.2277400717197986,-0.43727439352464603,-0.7740362543933683,-0.7476985813830395,-0.8768224930308881,-0.2810680000518573,-0.12731011422505456,0.5223299923809669,0.0946518044507075,0.18722115488559166,0.7116318747576396,-0.10320450076736334,-0.28013204758783844,-0.4381614923164827,0.00921855019616235,-0.32148382199532577,-0.7969164339367663,0.4599836884237848,-0.5754843751068102,-0.31171700979538386,-0.5090077137603726,0.6569936948567855,-0.536119635841983,-0.37620400760259853,0.8537927896706599,0.9757848988230986,-0.8558704337547446,-0.30917749537582023,-0.5764179692273556
-0.9119867414591223,-0.9015395173241573,-0.6819213159675934,-0.5433634048129271,0.7162488468575998,-0.4082802733395128,-0.48589222712480185,-0.5554975395252607,0.5364689128585435,0.06086940787211037,-0.6451147180233974,-0.5959180677938121,-0.5158897388900603,0.5807867725590989,-0.9069381742397407,0.7272852247252185,-0.2398541581330655,0.21234689918392613,-0.09529892468610446,0.6631089658665825,-0.15940603914274926,-0.6655681769519604,0.858032270029939,0.4026485612964045,0.5803997072754093,-0.21794268226633273,-0.7831396610318537,-0.30833725877117923,0.9904289647135562,0.7304413809778265,-0.21145246067004453,-0.7430165585910633,-0.09594619798111537,0.2925146463486028,0.5105254773223282,0.14263230509973157,0.13689874926234458,-0.05735136091396087,0.08775723118799328,0.19896910596210748,0.6424475285236264,-0.18326496898084454,0.5755426092810239,-0.7401768657805777,0.6062864410318621,0.622567267974452,0.9412359652756548,0.2909800639225791,0.7139414114545104,0.6877756737032246,0.2844135200886113,0.775175419259321,-0.5608828298980146,-0.22905455889706428,-0.882234949520001,0.3556534088142682,-0.4312748030229612,-0.5071458995954045,0.20162493406756904,0.9249889089722538,-0.030540197326133,0.7821449026143784,-0.7611426446999352,-0.04254046943279177
-0.17672348504377217,-0.40446865355210937,-0.8735074668614586,-0.36457810886410424,0.6689832595717764,0.8008219495800826,0.9632073008662365,-0.7111781843129812,0.8534283367459621,0.8086079213242502,-0.9280178248980033,-0.2324086206114202,-0.46840292900491565,0.6624816789867125,0.6470580908156085,-0.4734794157531086,-0.8020573573276046,-0.8626829495235896,-0.2794166368392197,-0.20787613762393287,-0.30407159585993926,-0.30265976549121926,-0.9677182635501778,-0.3470962672337329,-0.7810634298227007,-0.19189807439461348,0.7435057812779012,-0.007072977267931435,0.21443447035094265,-0.48130574621887906,-0.6950872135053165,0.7200901986667252,0.7252137522568929,-0.8782387931036011,-0.7797792682394185,0.9476365838778962,0.04964257115859483,0.16836377513566053,-0.29394909619784054,0.12579421562149,-1.0713206307250145,-0.9117222355782943,0.8659223870990459,-0.3971536739442279,0.4327616451965254,0.5511648695467097,0.28904747684193066,0.5031110740741161,-0.7058318058526702,0.20144510812031502,0.9857548554810591,0.847772373943002,-0.2051687808771791,0.10516598811731374,0.7660964177453611,0.5000058652261175,0.4067517575439202,0.8980030909515868,-0.9489827941089296,-0.7614014153219129,-0.3946955796789839,0.45069418382847837,-0.4930478081567986,-0.7888374686921251
0.3270217003678476,0.8301479831766991,0.4814869005059603,-0.4434670403674159,-0.2861038038135233,0.7196476613994285,-1.1769640602164042,-0.4176767555936604,0.21056193433032422,-0.35564252074517166,0.5189024257075188,1.0199289988833335,-0.9167817686922672,0.940972731574026,-0.9760820487493869,-0.7752515318693916,-0.8274545113291202,-0.7480810836915684,-0.9338724574443553,-0.027011026005585137,-0.22322314884968186,0.8195730510850218,-0.7820173427169075,0.20672864808327845,0.6166040645082052,0.690450323042182,-0.6923119065701226,-0.19594411210210527,0.26323573679065143,0.8630250775398507,-0.6385826226079864,0.4572976420522576,0.02335284016386427,-0.6479706815631106,-0.44934018787154195,0.8533975118227073,0.013489748725649515,-0.2000221454883102,0.12481270039737402,-0.8555883870323708,-0.6813705160274321,-0.8736067030713075,0.745783230038892,0.6796959594889341,0.00918099295425319,-0.1441491946891702,0.5246171651542011,0.5442072763600654,0.1689593314602038,-0.23155981043308718,-0.8655657879910492,0.04255805245441624,-0.022143464989707207,0.3747058115773057,-0.9171650141836796,-0.7440936068910228,0.4763362924867509,-0.9166514000802586,0.815301770522578,-0.932107756539829,0.5693576853296118,0.7865151717289582,0.6157589707288382,0.6446481142110028
-0.018074879865355165,0.6419195402259286,0.39009872795003253,0.8693881709832494,-0.08463005472813268,-0.39013018270851463,-0.4425610602864223,0.7389274879681071,0.017961760291572648,-0.8561058454787142,0.2955056246633731,-0.07227636135926807,-0.9101691910290833,-0.5759581352692706,-0.31601579486573506,-0.2433902039885816,-0.47753415985408165,-0.3435936885982167,-0.16619404287108597,-0.7577080909181308,1.0354954069637878,-0.3027064417899873,-0.5957329151458383,0.4928250912396993,0.8513185401437748,-0.32679858726552014,0.8469902007868753,0.7575066355643232,0.852661856211343,0.9899139014451523,0.4740001384824157,-0.00860996132639072,0.25087189087517103,0.0769833995472172,-0.12612914447481935,-0.8291757788988372,-0.6404486384150601,-0.3860395873628566,-0.8968727520113727,-0.2106950918034538,0.22113323188967118,-0.045173190820681164,-0.39772548712422046,0.5965600618387268,0.1072563017187671,-0.7853274570971137,-0.5843375549415708,0.5606879425520112,0.559196927840895,-0.5154416067484113,-0.8502677364261124,-0.7116510345308334,0.7396826167958996,-0.468353388932518,0.8093186864636952,0.9775264027252772,-0.11490836966645812,-0.16156512582238425,-0.7819477741133058,0.2810566755351507,0.10212661679253414,-0.2571901370559604,-0.0658960589687243,0.06728311317087662
0.4895961434950664,0.4672847667175324,0.2721713584914568,-0.9787166773841612,-0.3424193740061774,0.7935581142546074,-0.8759757602425082,1.0168219333771342,-0.46734346024346807,0.8542464473747948,-0.676624618211759,0.14909172454006483,0.05902515530979535,0.08235209506629815,0.5930697794504499,0.7100729416933214,0.014266653437096849,-0.3338482641732694,0.942410065426057,0.07357646258216333,0.8026693669918004,-0.6208405589645022,-0.7345470421069171,-0.23126568551778673,-0.8950249016172362,0.46240816087777104,0.9940740637331702,-0.010372575447269758,-0.6839555833244451,0.15973401091499467,0.7151491292778571,-0.09333060223813638,-0.3928993678631627,0.2792547089742403,0.6732225619325836,0.3349152765577743,-0.13717638785950276,0.7876653838974823,-0.13082347424881413,0.5230696395439787,-0.20154115112059579,-0.23435505067528678,0.8831931184385724,0.4203962524346531,-0.8349175026955884,0.4083085852521827,0.3732168784061124,0.32925441276069867,-0.039541149407861687,-0.1906131716408923,0.6433707263072406,-0.1740980071342662,-0.09388435816036944,0.6024118764878224,0.7430220233467644,0.25433683342540814,0.7234265730701469,0.6443977500852701,0.6049805256379421,0.5820431156673707,-0.6343970120190967,0.7018247173432045,0.6351007258974366,-0.86134828077216
0.2655369000354544,0.7664225294353166,-0.733726731440398,0.9748814693581929,0.27764173870838116,0.9375176670842074,0.8136077380270366,0.12096930563822275,0.515760970753077,-0.1156310563084654,0.8522939105599789,-0.4394246231090347,-0.19344747687094066,-0.27411240500273126,-0.4854066835806209,-0.4788005821035364,0.4945107045453017,0.9339848010808363,-0.2845590338355626,-0.7378737295181259,-0.28336801283633806,0.2834489837345546,0.10548385149125573,0.38351674946576175,-0.9645428505722629,0.41765813840362087,0.6882948456129896,0.10659892301868745,-0.952136120945674,-0.010638756629740148,0.6128805515102489,0.9769933642650723,-0.5028472064958749,0.09581903930825288,-0.614801889847892,-0.5550852063150924,-0.33012135751327665,0.12311010448177417,0.5851222052424161,-0.2978719221395736,-0.04885558569939197,0.4015419895741348,0.2365627938554726,-0.08838625119583354,-0.621797309744233,-0.2848370556537298,0.4726940839493428,-0.12433109182098138,-0.6115670249245382,-0.11379240163175024,-0.05298048603057626,-0.193732688493081,0.1639570182468133,-0.5929973605817198,0.042825597438602744,-0.7114806303298892,-0.30642097545593655,0.08242057977209485,-0.4137306367962873,-0.7070487060101716,-0.12764717055296249,-0.3297273351184222,0.5897878742569643,-0.1319226625307932
-0.12793742077837186,-0.4248045086555828,-0.42665434854941786,0.25832754630750654,-0.8764409730436085,0.02118980595716713,-0.3419174050371111,-0.8614234583423603,-0.08035368627158462,0.022528681283394025,0.6582638262042004,0.12941490576294878,0.06903303241527642,0.5428212818148169,0.2608621770445876,-0.2940193807199276,0.24641648561321738,-0.7276232483448211,0.6025982797739728,-0.5826796619219259,0.8763259436439705,-0.2750184995212244,-0.9943858455145951,-0.11253753353157092,-0.20365378528649014,-0.7720481915883055,0.30307935499932415,-0.8626243297352574,-0.784492226370201,0.9884880634697459,0.8438128336272126,-0.9017537529789397,0.30190836954852107,-0.6633904403542825,-0.979417975821806,0.007180627773603621,0.983417055338494,0.6568550903197041,-0.46001947125174614,0.1023170022551263,0.9490234325578921,0.5987290579600388,-0.022553775142498768,-0.7511777139678939,-0.7796167156631637,0.30973504753237147,0.4089855732468697,-0.6659410110254795,-1.001264722738052,1.0625721623441104,-0.1482315192551358,0.7539935108188733,-0.6310940003747854,0.5609015584398495,0.3573630656039124,0.49445606442459833,-0.20346616548987217,-0.14693143957748078,-0.014657172252583228,0.35781178792200574,-0.4388337776818793,-0.46270668902652257,0.10551342916398743,-0.46117297222151055
0.19594699159339782,-0.42181086790577516,-0.8871206237714309,-0.451203580958777,0.3640260010033066,0.4937990021790335,-0.5466568854334022,-0.6767615226045112,-0.9576305982845252,-0.32910716813634433,0.03012828463972224,-0.5973879813266822,-0.9056748895402886,0.3986493304409834,0.3978140475086592,0.3511517760656142,-0.4999635597037664,0.4028729220546745,0.4624895249031092,0.4594498546504418,0.08712632017223054,-0.6032576143233769,-0.8335797384731782,-0.24656207193437463,-0.10058214740445692,0.8256432319251295,0.8947105864872253,0.6323149408460202,0.22631427203555787,-0.7344270708498589,0.13936637011727443,0.7703879588042213,-0.7367519000486276,-0.18086481438631652,0.6155003700365255,0.6020288902927227,0.46674490079955433,-0.20191831799112014,-0.35238188441739016,-0.46376260796461366,-0.6934115213612819,-0.5404516989731084,0.008971148143925856,-0.14966122365942486,-0.3614747928492743,-0.966731074184147,-0.8218189927623492,0.40102666228943984,-0.5411117540236756,-0.2764464150423915,0.8083286029405754,-0.7071197806353922,-0.4481684053767485,0.7967654942648519,0.4159068181037764,-0.38829627026500346,0.2198601893440626,-0.6988417415359025,-0.7266020583085426,0.24765246407382302,0.7052457709351792,0.0413991248352612,-0.5376960939803894,0.9219862196470938
-0.16245878566366473,-0.3638219293835607,0.7233617386929556,0.21160203526960775,-0.6086606050817918,-0.49758178581068885,-0.4182929744492252,0.9475529145916965,0.5102328736747399,-0.4074050863036156,0.2726607271463336,-0.7237737604427208,0.9784671187622245,0.9159962492175242,-0.5695131380224374,0.8702305017987915,1.1403846730210359,0.9758412782905738,0.1921681928880039,-0.5413814326214097,0.6769820174845138,0.7662860034916092,0.9860855239909532,0.3093316233758035,-0.7535246140991212,-0.7126869837620549,0.9189799021735032,-0.6961191092765479,0.9484519531810292,-0.9532296141583434,-0.5263591398330816,0.8019288061010957,-0.32612743459883115,-0.18018774145312721,0.3047145140365328,-0.4429546031235876,-0.7910504538710161,-0.2282303610240075,0.5606778525870202,0.21375105091230007,0.5085095982887159,0.524863746324832,0.482205583131646,-0.6135280258466043,0.7356076623180154,-0.45641930239747336,0.45432327549687107,-0.19591110013742763,-0.1939407486109177,0.2905631511308961,-0.7570531009323813,-0.5154508993615035,-0.38629373538272616,0.3620785612543862,-0.7403114556421138,-0.23852780252693417,0.2751300538728813,0.8804589285627558,0.9190108474032328,0.8073604076212059,0.41623933562312954,-0.1338636843164512,-0.21191080971038007,0.5122993833175584
-0.7412619574793492,0.6641339475189625,-0.6960086560504684,-0.8969741323234659,-1.0191141684594667,-0.1443096259751777,-0.7050281486639645,0.39061350867959044,-0.11043499963012904,0.46498282357697096,0.46961200853283214,0.595259309965539,-0.6838838898973578,0.7851180091235184,0.4011826551515787,0.6208588134555177,-0.09077833708197303,-0.5492301348788136,-0.25692294803381377,0.8801867924780127,0.8472235816964109,0.8593925836219094,-0.1915810801071057,0.4264339278106397,-0.9829383344430316,0.9429056255606961,0.6677136996204778,-0.814301057850872,1.0186592461317217,-0.5384267453013445,-0.0548657211447897,-0.7146507424713808,0.7271845861992916,0.023442392336543216,0.12905569388601967,-0.7255401002263933,0.49618286150549695,0.5110911339279358,-0.25691977579140257,0.10491947402499988,0.4450066153162948,-0.005667205417825644,0.18673187789619106,0.15502468994502633,0.8698617273685517,-0.4351264813195126,-0.6065659901318645,0.6052179367495036,0.17059329876641735,0.451496743482821,-0.9845137835602205,-0.5832050813130418,0.10692897503466184,0.11060057728685449,0.8229955267356215,0.9233032595177664,0.06171857763685431,0.09594580630215455,0.055156322631330496,-0.25406466977948466,-0.12722081169891264,0.5290446549179699,0.2812976933863843,-0.4873453252631854
0.04478664846342317,-0.30036965550706807,0.9910786100095479,0.058169037045878724,0.9268833231875104,-0.32560140694584394,0.6246925299895307,0.5688453666947852,-0.37953762059850593,-0.4029055134043621,0.10735291231762667,-0.8091453894616976,-0.6651802764279828,0.9429071666940576,0.40888853167214356,0.35284471958081265,0.2233616787155479,-0.9481284119035938,-0.26316662836692906,-0.255973710178349,0.37853520849185185,-0.2345661717845895,-0.4073477521346758,-0.9376029730242428,-0.6557264490944468,0.2686349199662529,-0.11254603174807509,0.021126703907112576,-0.08669009517874898,0.10142783707509069,-0.05340717988114452,-0.384827808202,-0.765865248136776,-0.285172353313748,-0.13050317024544822,0.3865318054149233,0.006838346957332542,-0.23618526875533252,-0.6455007416624394,-0.6338800755629752,-0.8465729694040809,0.5220187370115904,0.24412485193110522,0.8862521004883968,0.3682799861731314,-0.18670444311102027,-0.16697492207881193,-0.8248740922551674,-0.45840354608257217,-0.041815807236855074,-0.8917243185002472,-0.6595724076116812,-0.3765915736838821,-0.008937339993600815,0.9310461433004065,0.6110836667697436,-0.02382676195050859,-0.740123195585092,0.06814581790410743,-0.7974700748819764,-0.5204545662991158,0.3089346976706032,0.8620521303339721,-0.674567303871833
-0.44340543866314996,0.7342458559035796,-0.8343391649375245,0.2035506330484338,0.669089201299818,0.2243155887141375,0.9416636969677006,-0.5001228730448717,-0.4306295187073751,-0.6200431358819619,-0.7687686078205973,0.458270440596134,-0.05444163491013149,-0.5732358097804813,-0.5418250419422139,-0.539558592398953,0.39029089960238217,-0.7718823725144385,-0.8033753689995509,0.6614857646876671,0.34633629137771776,0.6275243227825025,0.3806985519281354,0.4364262235164469,0.5562036960790133,-0.8684176036582245,-0.4391776695851173,0.18156661347683445,-0.2364256363573438,-0.11732756574761474,0.3611211151468121,0.8168117323159306,0.3790316597796846,0.892896728844174,0.27057199375724084,0.28705472167964263,-0.009787581316985844,-0.7375114930066329,-0.6475650229328669,0.6513715303598309,-0.8765871553991074,-0.2792135333414056,0.03172740738910053,-0.6655564957462345,-0.04453009782542572,0.3199972440077117,-0.7380334808383233,-0.7440540441356301,-0.19322068529151903,0.1669946884276432,0.03217040316653441,0.2662336499751432,-0.8803889030209889,0.22695197375036003,-0.9511858507509691,-0.6775776888177893,0.9060799798004906,0.8365749081751561,-0.37545938995844474,-0.6127627964223724,0.8175240991717341,-0.5676169378152247,0.7488252962926687,0.16662972429275263
0.0009010020764732563,-0.7809351155488131,0.9062146467415206,0.7148805634256615,-0.9903994820357352,-0.3628590458816563,0.9980982436008556,-1.0769969799549364,0.9594769337761263,0.5828258271108426,-0.3282273143425063,0.9930339424439609,0.7180546675457387,0.20781967063180717,-0.8547305714920892,0.046643696397567616,0.02208839223467607,-0.6966259244604476,0.716280806048718,-0.4630423168760547,0.45907431769297347,0.5530937990937083,-0.74468226787839,0.6872868763631153,0.9762626536199956,1.0333334759169452,0.9252529948115056,0.9976134971140234,0.7714856941327546,1.0549622149991704,-0.9690915101946995,0.23737030993208696,-0.5016174851019828,0.10891825855800819,-0.4172307026597193,-0.23916668971362917,-0.9925250597823483,-0.2703078889456731,0.18633278166868394,-0.07833929851386956,-0.7755825772513778,-0.21698858403628596,-0.4121919487567028,0.1425138193632587,-0.7452867538882062,-0.8589426931096662,-0.18274588358270305,-0.7916669190395714,-0.6333784038664066,-0.9477115650915158,-0.7628195052546135,0.12069154132660409,0.130264237640355,0.3516725620889819,0.27157264896949784,0.4923444960895431,0.5568842626387525,0.2491273825969363,-0.8540596055500298,0.3153742212461129,0.36158860234093226,-0.3912506045921964,-0.1301573515124761,0.669754232577115
0.12822264479842538,-0.31633321839097883,-0.8117467797731313,0.6431434287223304,0.5076848418034903,-0.6704109206981596,-0.7798991435877873,0.16695120621099468,-0.47370294792300394,-0.8077336374814055,-0.7445112781259349,0.8796998245582835,0.5032364241994303,-0.04350403078780585,0.8532296074475854,0.9442279874300934,-0.7373931073714322,1.0263236461496226,-0.7304963465618283,0.18137886905135892,0.49279554146453464,-0.045747187286807156,0.9541919431593853,-0.5498112532251374,0.21071235630766583,0.9928277643977574,-0.4445200518633552,-0.1981416104383093,-0.5205345027524135,-0.8820217371867167,-0.8514944522875416,-0.0044282795119032214,0.26164072237211977,-0.5119640988516443,0.5215067544417755,0.6091966680515813,0.861986019115702,-0.8941891511141664,0.9790703285272688,-0.427807013251863,-0.10956309326776775,0.31619568821330046,-0.19084909155819108,0.876918558152548,0.06947636206603502,0.12827203201139065,-0.6996021319124697,0.343990299252851,0.8967651685145301,-0.9688451550638297,-0.5445699682049301,0.5108876004997898,0.703451641353467,1.0121648692079406,-0.9273924847704067,-0.7626852247214546,-0.5556078677238934,0.6106004086547883,0.010046723755481615,-0.4054948078167546,-0.6585210273402271,0.4228749952343134,0.302168653703065,-0.1291128336644698
-0.6217175019497727,-0.1284075570170542,-0.41171360335297896,-0.06056005874651027,-0.6474557160175477,-0.8936156084410607,0.48893300520106475,-0.29432237298408304,-0.21928800349531358,0.6172659028536847,0.20737740832298424,0.3929364781994933,-0.08659445927347864,-0.11763248728681908,0.6867308107963921,-0.6295802845902783,-0.22508460595629015,0.18117420095316844,-0.23011572510993197,0.9841077012520394,0.0897239285473627,0.2808091439226399,0.8625930750363295,1.0543993815501236,0.009236867864199819,0.37964015931152684,0.16384640018486626,0.9873613466314999,-0.1323760257893031,-0.3654094923583523,-0.47996924553714293,0.39146776551623974,-0.6688050570798032,-0.580838047742624,1.0403004008834276,0.4014184952633568,-0.5357683998312559,-0.45795158954375853,-0.6002751846916647,-0.8952771318767401,-0.02396626734683971,-0.347145973787656,0.4597248352730441,-0.7759735822158482,0.14173854462000746,0.9675996486114171,-0.2998335750361251,-0.06182944748315178,-0.8479182280585019,-0.8988128784864792,0.20392959817407053,0.21768817542260682,-0.004387748553018156,0.7179726829111048,-0.14329464150570348,0.6426479275100212,0.7731617135500819,-0.03629810252963339,0.6776130636612916,0.8116955648688544,0.5100606522936979,-0.8047543603640201,-0.8008913311385937,0.6864626709251138
-0.306652155767146,-0.6731928531750726,-0.9930806658007636,0.5079737386955934,0.9866122061019323,0.35559097836856135,-0.34008636776860957,0.6471754398429008,-0.9003720682289251,-0.01962108573027055,-0.39006315349207243,0.11313170453375704,0.9752326222479877,0.3538915355488439,-0.586779820604837,0.0734783206776735,0.24314608554340839,0.8974203938861901,0.2406987255771285,0.1060919724905007,0.36469353263173043,0.9212534313206167,0.9016874072751357,-0.8594865841708839,-0.9948181682888755,0.7428442659616874,-0.6652778763441489,-0.5892623733954447,-0.37918695209097186,0.4724967220641219,-0.30612712588763036,0.0840851462397783,-0.7839067950229692,-0.35096213685675204,0.49917173713342344,0.3097636858532429,0.585478335320363,-0.6276492455742091,-0.8719957772093234,0.8360158760542847,0.22216761416906558,0.05221176521732257,-0.8909815044463267,0.8188429769692,-0.9447906374577384,-0.23979628437029543,0.7084146614312867,-0.317795492239086,0.4238704368144578,-0.46078710611602974,0.30885330035120884,-0.574855535072232,0.24595638034538822,-0.20704103582333588,0.07900184039617164,0.9290966147733759,-0.288878313865367,0.6534681864475668,0.9492866010577861,0.712825839803243,-0.8206051446511156,0.6109413666632283,-0.9389680873730691,-0.5525221730840598
0.7097624811181098,0.7886776223497547,-0.7334980405925247,-0.838770139233399,-0.9496944379492156,-0.9339967610621451,-0.8523441131423504,0.8920853071786621,0.7716334006677357,-0.5389322049611388,-0.1278195357738867,-0.3190020980145556,-0.094030296514241,0.3226020691017961,-0.45403651952719637,0.21359525974130703,0.0013382842233321743,0.28952169184233933,0.5984415017159481,0.5984460670700453,0.5591482037408951,-0.11557230115426564,0.32162118303184495,-0.3098602502076704,0.26639198693626076,0.021494098794116588,0.08370923834554667,-0.22021359989136813,-0.1469375641973485,-0.8861031978129557,0.1997093866052356,0.05866914115915245,-0.561028827770989,0.6440752304419822,0.06526685189472592,-0.2096606561337261,-0.24047134865237596,0.7939884003189233,0.12463266605439549,0.053063540827693906,-0.046554185410648624,0.1419359868188121,-0.4615563101583122,0.8328456414153498,-0.21497439670827684,-0.2951580952785086,-0.5327866850564926,0.8470975275115014,-0.6618004955158971,-0.07855826831087898,0.027339637005571182,-0.361612470218044,0.20763024076242842,-0.6017319737713476,0.6283545093017271,-0.02143631951526137,-0.12350718141325678,0.00492100999205887,-0.74184015351076,0.7615738127443641,-0.1148568723729162,-0.3763265074362937,-0.8450187470162833,-0.8603157300296886
-0.8260716013816303,-0.1508432930790765,0.2605954773833654,-0.6472397891326683,-0.587299450402149,0.6587885241223699,0.7297612479165042,-0.35228070977864784,0.5463239424137725,0.6310803092161295,-0.7255247208863814,0.8518980917472962,-0.36346520039169894,0.4708463652021201,0.7725261389149238,-0.829478709796841,-0.7218511564237099,-0.41404198803214903,-0.03550656096699911,-0.6236108166702605,-0.06239572443264918,0.8138284212421801,-0.6580564326762959,-0.0942059223991463,-0.6935248881231988,-0.4010285663543872,0.1761475416568632,0.9292161698838983,-0.935734289384025,-0.49578426636914946,0.18677269705229027,0.16966538085850158,-0.3122589672382655,0.9525740874418896,0.4356021123582081,1.0172981892150126,-0.9171179986908816,0.9685733647625352,-0.8617763992822548,-0.02471230795541257,-0.20318605155876732,-0.5118986712401759,-0.8448364021520611,0.38309138327518855,-0.02653942165755152,0.7109742218454818,0.7072818637179189,0.06757069542617175,0.8592876800574207,0.14587838474949888,-0.1461954595676538,-0.48392339675590557,-0.20576203621522127,-0.265772469633729,0.09611095305315476,-0.6421863912315541,0.45626175627187093,0.6574472268395093,0.5768808315318998,-0.24140041897631853,-0.8067255933919644,-0.3960299586089249,-0.9910025954795456,-0.9440809439660989
0.8804638597294983,0.714697436724044,-0.44061402770436486,-0.4757552004029384,-0.28760435227078146,0.5469755715603761,0.20073502989824266,0.47313107812245137,0.6248063004169842,0.3239068853810726,0.3210645793797142,-0.1605394942258685,0.4647324734954801,-0.04209270288117106,-0.6439162893515322,-0.401168081362965,-0.4483836018558698,-0.7396492541250808,-0.8858404847562071,-0.4689289288614551,-0.14543405193498535,-0.03119133898729176,-0.4596837069559847,-0.02984468875326929,-0.8584643840854411,0.2305266953076317,0.24387909591909374,-0.3345445562023699,-0.5796021981529876,0.8688443063939709,-0.8257904958845856,0.8113049354080095,0.7481541121053621,-0.7644095137016067,0.7581071786982481,-0.15278391214136539,-0.0011114479967133661,0.4267151038266488,-0.7138665254386256,-0.533866274616553,-0.8091189007064512,-0.258336102856463,-0.34458284140736417,0.4032325938914678,-0.6656979228304483,0.026670728786345285,-0.9231639346762023,-1.0140034298443759,-0.4238913353350142,-0.12661739624174312,-0.8759585296673438,0.719236538369632,0.12929399656423834,-0.3424764439329453,-0.30430370593981615,0.4400856333920523,-0.5622873870958025,0.6163744588977228,0.673737555095408,0.6940931261794232,-0.48897258116786824,0.11163949733212597,0.31721793979564117,-0.7722701289939424
0.2642709056883731,0.4739831460488656,0.9211999370539248,0.46643783722109156,-0.27255907434205673,0.9720754892673398,-0.25576013069444525,0.1427695105943554,-0.6890783691429012,-0.48131018498639944,0.00044932248236453226,0.023110237055866234,-0.021526219735320762,-0.3420239456336336,0.5179899116929899,-0.8422646025546582,0.3746937702549205,-0.048679252719096344,-0.7915178929711348,0.8970565818410718,-0.31938885353589574,0.02675677571411894,0.5284746183628604,0.007188167569252994,-0.6733049157996691,-0.36746782190957317,0.09549833713661537,0.8497177066207722,-0.23945312833560628,-0.4068385051100987,0.28163544841764265,-0.46089298313645366,-0.025356626640438362,-0.2945192526952854,0.6121038822842272,0.3803691704674599,-0.3318822517681619,0.036768807226065015,-0.9508097541473453,0.8282503630272511,0.22026674534697593,0.15938225849055995,-0.49033007010568774,0.5843857540932613,0.8866397446670432,-0.5467339732191157,-0.5918651708227474,-0.730798339674474,-0.6698459989094785,0.6195953168334954,-0.13992336475680056,0.9091988828186824,0.7649760912064318,-0.48127754197073624,0.7123683352072774,0.747932021465559,0.5464228012121661,-0.7844925017337199,-0.2397010207066983,0.9862848041705901,0.6701262818168467,-0.4077304979471936,0.4757296875439263,0.1070690659545599
0.6069250223504438,0.16510161502700127,-0.5093341065546682,0.06533100717653362,0.8497425138895252,-1.0686638068784877,0.22730694538223228,0.23955135851782106,-0.00497066960202483,0.8984518649319835,-0.03729150253126057,0.10207178578718788,-0.6252449351686509,0.5347775802226341,0.9750533300817089,0.2097410599611022,0.4197778546847002,-0.4847402930936201,0.31156017850350315,-0.10553039358766059,-0.1352289506216431,-0.3540618757097238,-0.0838907202393453,0.4421009946486478,0.4561111552774487,-0.9469554158174378,-0.6607854351587613,-0.9923026221591507,-0.30109716535477715,-0.10365124594413347,0.6706970941193287,-0.941252409659433,-0.46616253598996615,0.5469579184876623,0.39582978948766434,-0.8621864084151045,-0.402164454368053,-0.4777354420514526,-0.589760428966419,0.6687223645298968,0.9212708800138867,0.753916950003389,0.30113558207415136,-0.15918666013612537,-0.12621524603965972,0.7673993617739825,0.6814309456114422,0.9909734464568434,0.9536749683117236,-0.46348152594743675,0.9556747729599324,0.1139883434315152,-0.45426823339210265,0.23601679102811146,-0.6067437988709994,-0.4787855426253951,-0.23553502445355173,0.9856371937881591,-0.2101244311535322,0.6652650988166118,0.39323725841899715,0.9551177232297658,-0.2752263431304594,0.20440261121861722
0.5170499275702803,0.08259831302088001,-0.49855651602593304,-0.431598158836887,-0.9820367045662557,-0.5533947264166578,0.3123528953511219,0.5831689216093707,-0.42407835341048616,-0.5919314337930424,-0.6628017128156833,-0.6151605708298425,-0.39040858713070614,0.03100905818634092,-0.304516918525952,0.7395300031870877,0.43866085375129504,0.27466855751926156,-0.4451512258581283,-0.1288223484072566,-0.26964610530195166,-0.11438016715671095,0.19063488727354816,-0.003949965952432882,-0.35519199976639715,-0.4854693522119615,-0.25392730287480036,0.5995561632054917,-0.7517423089369519,0.4888785222523806,-0.005721882564821312,-0.02027045528549927,-1.048238382351271,0.7428436956811516,0.514288013157119,0.009918034255513408,-0.39933754137380384,0.6085277565420939,0.26640840970987467,-0.6691663755474115,-0.2848040633510551,-0.18922219480870317,0.10345063378213519,0.5817027528575092,-0.799742443515369,-0.011596096492973176,-0.11946237824950015,0.22443520963979413,-0.3548522226549622,0.21483641206006365,0.5875064267239727,0.8529464749675734,0.8477964102135576,-0.11345347959687606,0.16963791916402685,-0.9422055281036394,0.24310207054328753,-0.11137099473522039,0.3688183553047094,0.13458131881148505,0.8494632554958502,0.46916839530504517,0.3062674362210829,0.42367569046903997
0.6098860055715903,-0.5999821616337482,0.22149773729129807,-0.918775494214789,-0.43358464726308754,-0.8654529795153021,0.5358659231461802,0.5817970139540518,0.1378184488246198,-0.7938492416757961,-0.5746574476424283,-0.6238030693889123,-0.4461664345787597,-0.2697045521704762,0.8079210934533139,-0.8173582529132166,-0.6235678083587837,-0.09211892325987245,0.6891670323898262,0.2863747602474538,0.8758132885739576,0.12568710254972637,-0.4277363342266898,-0.9666580883934759,0.31746248956498857,-0.4055779001834975,-0.06521581709753077,0.8105295952250736,0.9748435694259053,0.10818476980924213,0.8208478334519729,0.0957538216941213,-0.08151492986371967,0.6128724022180212,0.8057315439959951,0.6694943806933775,-0.8544924877729023,-0.3066193406455313,0.44252138767993154,-0.212368811905412,-0.4900100521774535,-0.7366885440092277,0.7004144774136405,-0.7006161999286055,0.4483414856407125,0.30187044584704403,-0.7570414488691701,-0.013235101712813307,0.877607606111225,-0.5053624610985672,0.6276511605905619,0.6013052683778926,0.8214423870646541,-0.9740678021399367,0.09614306458787691,-0.7810680089853339,0.35474681223474414,0.09376978886580778,-0.2794112934641262,-0.3598451759563073,0.7312186041043125,0.8551130522218509,-0.9838991597026558,-0.840999975033305
-0.26555185911301815,-0.9218137394583774,-0.43159699620796077,-0.02217376573081542,0.41004239959998,-0.3435770630956787,0.6856901654022132,0.6400179214564148,-0.23363623188992053,-0.29145417272585106,0.23902724930475205,0.7200549262265221,-0.554621292832248,0.7478039202906439,0.25009427294105724,-0.7203744954916375,0.9970629931185149,-0.7598475034227137,0.009840767820674917,-0.2658765705149788,-0.5390072221916138,0.300597370087863,0.35350931105333316,0.9444789283453371,0.5909366868147663,0.964270362551806,0.24106568174473986,0.35617652533731964,-0.4269293865806502,-0.7221769827769406,0.926022564553296,-0.698185617144981,-0.2800843061916001,0.26262335660902003,0.7286757340909933,0.6604694257693734,-0.15253792186408566,0.3649773906129701,-0.09680221153196997,-0.20573163736229508,0.31926429466754436,-0.757517877639413,0.560862336231999,0.9080520771452272,0.36907852851607204,-0.6469129310187729,0.7871471383972932,-0.6979195303098935,0.10078127668426515,-0.05284538095899261,-0.2670530647410087,-0.803881740197677,-0.6987687691013363,-0.8174454762359269,0.19555253405762985,-0.5268542350220434,-0.5252787369820151,0.5957018196782631,0.1993716334721036,-0.044518862730775544,0.42400148886104616,0.09847086450367179,0.15548904013000509,-0.5683680053526006
-0.34326082669626923,-0.24135492508240253,-0.4968961140699358,-0.5208675308607305,-0.07898552082023688,-0.27864109169817897,0.43121584465378726,-0.2447342314523091,-0.4401521977691151,-0.6336509721454694,-0.8610635366384994,0.2269727313044967,-0.509230460431549,0.7934297888944484,0.102289658770959,0.4968696096033205,-0.29235819918657324,0.1832992368550924,0.2071554478101982,0.7190797850520629,-0.15996283481269358,-1.0298878545543393,-0.9897782668486916,0.6758889061590259,-0.876651981300559,0.5012802501137409,-0.26745693972825324,0.5770154235890723,0.3207333681194642,0.37503999010423034,-0.14681421956230656,0.13716251611795727,-0.6471845734615999,0.2603621147087054,-0.2648453892004994,0.1745346671359909,0.22586367157105447,-0.2725294229948839,-0.11459776075379491,0.7539424009805686,0.7094557451653134,0.7750051447059952,-0.10283010060808451,-0.08974483539815226,0.07076381924355424,-0.016105608405658334,0.4980678825188669,-0.7079893336233392,-0.6064003285439793,0.2193601344079694,0.9390434301057387,0.7851182804848977,-0.08645880663057648,-0.08985535248950471,-0.42739054739261695,0.730948366586891,-0.5714062599397511,0.05023269978560309,0.8821107509106418,0.2815411162570778,0.7770614875443391,0.0615777606378122,-0.6589395564430292,-0.8898366982647405
-0.2635139936411015,-0.8179543737417674,-0.26466292412521897,-0.20335203048509884,-0.6281416812288936,0.667849587532981,-0.3671116419943663,-0.7942965483491456,-0.6965647162734105,-0.650794072427544,-0.5005294940813896,-0.42272697320751407,0.9054678665036582,0.020418825377013672,0.06570897935187771,-0.30102667965550456,0.8738079676064745,-0.6636625909660638,0.21510325672743957,0.3271597166671021,-0.42577721843542915,0.1462211336772951,-0.286309078852962,0.9488452030969388,-0.4907807017071809,0.896586962914296,-0.4870712710810079,-0.7555419872673295,0.29983593810175835,-0.8461118649155577,-0.05684353860079076,-0.9262672708810773,0.5945288974984819,-0.0047293930568386155,0.21556581950694206,0.44451801892296605,-0.3523489648449347,-0.3124141555241066,0.6548695650380254,0.07035263068728394,0.9488976902218824,0.863340864993517,0.07739794035368908,0.9507486773271616,-0.7169821182043806,-0.9985326776241195,-0.9708247254611568,0.8003004892250714,-0.13271232101167957,-0.4329325051571674,-0.3565121027478593,-0.43381401721139845,-0.7588146206025295,0.24565889604607727,-0.7225046185398902,-0.8403110134811241,0.02707224252758167,0.5065385393338341,0.31317377203848945,-0.9515849152133642,-0.3405593216981193,0.25878723396963865,-0.6809900605354693,0.8185579073357501
0.02893790045851885,-0.7262772069135295,-0.002539761222957182,-0.399335984851521,0.3208791223414247,-0.18097951722376782,-0.25498783857824936,0.24631879199769757,0.4912748506014668,-0.7465994481057779,0.04788804031221772,0.03758957582848477,0.2425645374966754,0.5894623219083024,0.7217062738183404,0.521941476913957,-0.019949676846845593,-0.007953183102920258,0.9560162329070221,-0.550307274765554,0.1923190575072394,-0.5074820787261505,-0.6866921066666716,-0.9193351621177706,0.2186055177394469,0.7252725479591406,-0.24097763003167305,0.1864623177376111,0.30331206173701586,0.15358247117092802,-0.15953505975871196,-0.3289753105161506,0.5727266558975721,0.5594253086612986,0.39640079026555913,0.23329565424424148,-0.6257619034190912,0.30959469791949734,-1.056175692619368,0.19054656319722696,-0.7152948999461779,0.33474833488187494,-0.8442731682611178,-0.5496169587550326,0.46239552448524346,0.6288818795992333,-0.34904681056986386,0.9019285240606367,0.013551218504502138,-0.23895641822482117,-0.5589799458778211,-0.10027336954931992,0.1445760006500072,-0.38966937520751926,-0.5216590527183644,0.7104082361570707,0.25104861910229337,0.8595789429260798,0.8730044543656975,0.4990811586534585,-0.022793346509907914,0.19247655287760046,0.7801555356161524,-0.9115559807419575
0.6823055598647132,-0.5235308771613466,0.4285770404783402,0.027446277926748808,-0.6132457053840354,-0.9420364669252068,0.6403232261352614,-0.846194787604042,-0.40597002412254213,0.7923902850413882,0.609300588968702,-0.24587364572646653,0.8834420251978718,-0.7246041287250504,0.8040126832407819,-0.533068366098171,0.6154356596558035,0.0846704638496066,0.9194976150681382,0.17920890362291375,0.28408091502109084,-0.05145201164569138,-0.6452784378452405,0.1983750630846827,-0.21495485762541344,0.5346780122793684,-0.029345759814435546,0.7683424476160983,-0.7251938455697422,-0.6914532147234012,-0.7675564042614147,-0.6487310609774668,0.6402149770568245,0.33632926333517277,-0.039391524435627906,-0.8080090981284638,-0.9345146158123677,-0.8610771120567351,0.8384778330181468,-0.18662264657926644,-0.05912405743204263,0.12996253831412702,-0.4991197875295277,0.41605546902097124,-0.4749068882521764,-0.007901588391883818,0.9400436383444805,-0.7693944636660812,-0.9932847340120713,-0.7624270309344967,-0.3897152217719291,0.8450231088288791,0.6626822126210954,-0.4860269350116707,0.4825957432519769,-0.8917012492653118,-0.4155755014502127,0.4207295230844823,0.8296457045515473,-0.03973482013275875,-0.22606762749927056,-0.2239601435332632,0.19552627645687212,-1.035494309780491
-0.6494648348082366,-0.2581940446886798,0.19683466178726006,0.5898768469895803,0.41383808104564,-0.6943132704504412,-0.149787501539131,-0.870390229138269,0.043561424550452754,0.9463906584608031,-0.0824731880748586,-0.004122773662318668,0.21511161828979716,0.025232287687492652,0.6947810285951697,-0.5536928193469248,-0.6983443384710302,0.659802987908058,-0.3845168742305516,0.24497704063632716,-0.0036621165750505558,-0.005073254020432905,-0.3067646682333909,-0.5288386950829351,0.16126965827664708,-0.8965393774421373,-0.13546966628823437,-0.2060500996322563,0.45543927049131716,0.879553768429117,0.13369234822156506,-0.0647193736989203,-0.4876767201139325,0.4525854075661797,-0.6514442445530106,0.5982749095298614,0.693991905908467,-0.8813185842025196,0.6281094681332606,0.23253745615173163,0.1348778786375735,-0.38271341292194266,0.09710394549573742,-0.7196476725908927,-0.01548421730290217,-0.4047796268974271,-0.8204905053317877,0.010460745185511433,0.8036108825623569,-0.46415248263622405,-0.9512072954925368,0.8893680472546032,0.6815776930687691,-0.5100754991380078,-0.084883990577868,-0.03397847999331427,0.4825864132947493,0.1175132496503527,0.39717068735938854,-0.20145429577045304,-0.13888166550760953,-0.14774972031389913,0.7411992529432356,-1.0865849182044014
0.0204110142862326,-0.8008113953369571,-0.5397932474424054,0.04309453575562789,-0.6684673028376306,-0.8222347869319102,0.0637588790487428,-0.6021868770539206,-0.3675763021707037,-0.25063570050458556,-0.2673083221284902,-0.8749142626696984,0.31969329241470446,-0.009790646900485589,0.5916822934645214,-0.2642629674048129,-0.6965255104343318,0.3275508493240171,0.2716905683333972,-0.8598987205961219,-0.7594834767515505,-0.15462234353000537,-0.2312718219738521,-0.18590992490348038,0.6291926114042768,0.8102503458356318,-0.6275617512809785,-0.1389809732090217,-0.7111486834676759,0.34401026004887253,-0.9373066265541685,0.9447823938392073,-0.4895570551372046,0.5528454380937743,0.44120337788229835,0.024783126188696603,-0.38783137788742805,-0.7886055343005389,0.8854383219941274,-0.760836564635714,0.4193511497423277,0.3130928022473747,0.345806414202003,0.3332418588578707,0.6032415391140467,-0.1361401368970312,-0.29621322850850274,0.8471191549337177,0.021880026558178,-0.5654272754068367,-0.675992202966748,-0.08025985229646536,0.03922796936018447,0.17499581296195596,0.2789836762331799,0.9004168340640214,-0.7136734411316421,0.6991921861475576,-0.37753727104733836,-0.9479867244423581,1.1495527450339356,0.686015290229589,0.6097678971057168,0.02955391284699327
0.23500782005398624,0.0107702936730108,0.6017391982852033,0.9048379273595994,0.12624530269423,0.2109110759675923,-0.5772432894303889,-0.871547343856221,-0.3486518482003924,0.5376823458276301,0.04638298705250116,-0.6399539070087645,0.8551138691459288,-0.7807323887575646,-0.8947181954659986,0.7013775293748021,0.28509905131113794,-0.39545487168071397,-0.2742089770650329,-0.3717167896455129,-0.1581589192787137,-0.6840332958511244,0.6480990062593721,0.05605456862113023,0.26237915025748215,-0.22140734481601454,-0.34394130415636737,0.6937343591489488,0.8718448134154575,-0.3406468038411916,0.5601314432880191,0.3727990236248111,-0.37815639307144083,0.32640655571009924,0.6853348566358635,0.782002060969358,-0.8149015148334677,0.055402298816380535,-0.673730102513973,-0.22413356356936082,-0.4318944613925646,0.8567265052151161,0.5800202669620509,-0.5008735904830022,-0.049805186846520355,0.8253717603147979,-1.0107089687187454,0.10292259714695362,0.8854906839055404,-0.09787361902575054,-0.3217134393879659,-0.04501274458550379,0.14579070036876857,-0.29939425624659993,-0.039894925719697855,-0.30051005001153214,0.2326690048781166,-0.08481160498248479,-0.2536687042222906,0.24503343901098473,-0.5686145481074725,-0.9619411010281413,0.8064414837378278,0.5646527462151547
0.3022431129036481,-0.6506371748298663,-0.4615041987406545,0.8717942058022365,-0.14658899663130964,0.13977751205629252,-0.27916094368468075,0.2884371091681346,-0.4709792676140917,0.764581434512279,0.19425346181642916,0.8501630584340432,-0.27282481212080406,0.18558633698589527,-0.6823141808366076,-0.36565244941327313,-0.0038056619292399924,-0.6379683936545734,0.5920435468218748,0.0037404619738115874,0.7922698953338689,0.353733648425845,0.10370880138333022,-0.6816697962884051,-0.52729426799848,0.13653225903110355,0.5653961226679594,-0.3409260213964662,0.057272949810657864,-0.6237385346229163,0.9843050612205309,0.10850980025523506,-0.8928988617114677,0.5104975830116705,0.14235598635334834,-0.5217209267797478,-0.022706508846177725,0.38609197126145545,0.30818795573644386,-0.8070967466448628,-0.18204661559023982,-0.3342036005831952,0.47149703392019626,-0.06048812044078555,0.37402844783445754,0.009503724914297962,0.05645986742636562,-0.19901140038558807,0.9294518953928008,0.413330942211678,0.9717142030430707,0.3320338047277695,-0.4553302153090919,-0.5694124319360758,0.46128614215988306,-0.7599826766597979,0.4759553712726363,0.43781379901594203,0.6426988235962585,0.24906918728479863,-0.2440183579911508,0.980436406030252,0.49536794590729416,-0.0731061282396486
0.17333514711935782,-0.8208363758478544,0.5464244548487596,-0.45718285520037805,0.5886761776528306,-0.8248991526557525,-0.7884448991749963,0.46226236601369697,-0.3150630596103752,-0.0662203843455231,-0.47599543653186466,0.3947446647563173,-0.8759860363613603,0.22779120097923666,0.6426808961435497,0.49392530123030987,0.5903059054332751,0.3377588501320563,-0.19914586076496327,-0.35501101625354825,-0.3311202905547683,-0.20453711277411601,-0.5959735433613481,0.43384952544668487,0.3105115396820086,0.2191515893300135,-0.5831548950601649,0.5754794988362346,0.8309919372264888,-0.3001046722826646,-0.8848066545451201,0.4808861071267987,0.2074829999856591,-0.5504188438273032,0.4488298370326478,-0.9713813800574886,-0.9868317105321227,0.5446236834637335,0.3912579089625085,0.4792000611735781,0.3186294941241732,-0.37532398303690395,-0.5371155886055803,-0.3762894253748481,0.3417741995195511,0.06085116383404904,0.8172404792214655,0.4953873740544177,-0.24992575740203074,-0.9903534520443027,0.18893082634658054,0.9929938311463451,0.14312292152968406,-0.43520553654710215,-0.7936442370254133,0.33115197143105823,-0.5924980053354088,0.9771813615269278,-0.05977701133002289,-0.6803010386190698,0.8114018683239699,-1.0433564579066827,0.12415647468483323,-0.4795934503878152
-0.5259292025731686,0.34146420012524215,-0.8808441385578268,0.4573460403825924,-0.9813662250483991,-0.8124873019838522,0.6766220114943575,-0.07580185590693556,0.8583769699869056,0.7380037637432488,0.8211369541142851,0.26768209495229467,0.7420925151802968,-0.05883950778743041,0.8617919482341467,0.347861730980101,-0.7453071993643282,0.8773555400026274,-0.14157509250975456,-0.21916551789182856,-0.5417199129518653,0.08651803141516501,-0.3611901358334162,0.9168367006822772,-0.8653491579115256,0.9434788806450878,0.6753250489742664,-0.16440640538379714,0.14443470851553886,0.19123455666683084,-0.6083376942297882,0.19588241975639448,0.2335296311965483,-0.3263616394464284,-0.4259551054139944,0.47826418078777944,-0.05096623355445709,-0.1466852844542017,-0.38393886327754156,-0.9267283494930236,0.8173490198873079,0.009221600985554357,0.20348139761776163,0.7303408132414899,-0.016790225943320802,-0.5433720915271624,0.41068012800901976,-0.4851083524565185,-0.47805313674738403,-0.9628506053833563,0.6498480636339286,0.8234779013999753,0.7507766309726773,0.20379851725020992,0.04924650273933401,0.33167539154352954,0.6343684880409901,0.6129601735828447,0.0027392091731923696,0.18224578913921904,0.35454018854389613,-0.6112887335759285,0.28465837281597256,0.39556656273346724
0.47874023996172904,-0.3268554369726966,-0.9399896234841396,0.2726199696635831,-0.369569258101877,-0.7284358281907339,0.8567340451076406,0.5723996341256087,0.46083080779283214,-0.003130431064960179,-0.8817913893020703,0.8805255315509511,0.4627910377729768,-0.8604004352395282,0.6015007845126505,0.30465488616256486,-0.31351226204170923,0.9274034056287442,0.5512551585981307,-0.26162367166344436,0.2739119616363386,0.5043897255768008,-0.2446145541140723,0.32054746566234016,-0.4147891924560466,-0.7376460626496866,-0.052478021252647444,0.8336547462451966,-0.7294412764749107,0.7977426951547061,1.0282201582358308,-0.3535858133845228,-0.2757957910599669,0.696900741662017,0.7849568572585844,0.864845623556673,0.30083498129835773,-0.08284756713183183,-0.5980502744541025,0.7531221281739586,-0.6467955708460664,0.3656607650599073,-0.7233982844286502,-0.14480076640529996,0.6075349448980629,-0.5968213075036239,-0.8849959967953183,0.744665557980156,-0.25159275021815475,-0.8862108427489654,-0.13830106748376936,0.1958099098962021,-0.34503764905959167,-0.09565114751376505,-0.14387410076691398,-0.8763052816931617,-0.8559844211170353,0.6012497318606955,0.9935676808120076,0.6141519125123246,0.575009760729156,-0.2752392300368113,-0.4696243592178647,-0.2324190339389936
0.7310986472485319,0.5689016154805615,0.268708963309704,-0.07308104453536735,-0.6025477842331293,0.4332040828070858,-1.0248509918010396,-0.7507772975760196,0.42403218104424245,-0.6157438133067836,0.8070798826506826,0.07684655057390044,-0.9347285248420589,1.0740243028086804,0.48653340068899736,0.7594621610603172,-0.9572539923162136,0.04038971205870512,-0.8264572142842974,0.33465385224796385,0.8232553748954257,-0.8391489236507631,0.23031356041199966,-0.49640422103241466,-0.753011109984556,0.44177180929933946,0.40119474612192496,-0.37702417411976796,-0.781697542015745,0.2359330396977675,0.08909189827745281,0.9516053369894515,-0.30616203981062207,0.41485020581127996,-0.21593859521951392,-0.16972890099039617,0.3760547230662523,0.9742697839304744,-0.7433925980904663,-0.05096171616261147,0.45248320393013164,0.5602783390338875,-0.8632200403831475,0.03213899160608656,-0.8388791844177137,0.18459495867511122,-0.47838801751348536,0.033746057634950935,0.9372510749313405,-0.9502266366542998,-0.6257430635116579,-0.8831081067991067,0.24870657767470328,-0.43817017689208926,0.6814677002021229,-0.14917912545491854,-0.7334777763121768,0.2849752585742691,0.5444963829348743,0.06988225947626137,-0.40836768837676773,-0.6536309415689827,0.002830250100626458,0.7899508815413256
0.8439261781118375,0.43058940796536516,0.8106342460253908,-0.01759896189375265,0.9217936343769383,0.06013620926035021,0.4449893710667501,-0.6484330470640244,0.2731233945333436,0.8317216904275317,0.749415234472679,0.5993254223179831,0.14583859507373256,0.11602914726422078,0.8329518683974395,-0.5796018876566744,-0.36529725789437917,0.8978345724266387,-0.06643427940852736,-0.9661831891543111,0.758689716137136,-0.8471175871041126,-0.2915716087924818,-0.7283966225216201,0.7687634121932658,-0.7146303899622602,0.0035304626054173116,-0.29986255954529806,-0.1919585889510617,-0.45659533577457634,-0.7596578246190778,-0.07025591606442141,0.8757490884933523,-0.3202170118594321,-0.45453555998960515,0.6940745768214664,-0.8126398498543966,-0.8697494776077761,-0.16100910715831107,0.717660535499328,-0.5908464058947556,0.4885773472387589,0.714451023816109,0.6199872864674275,-0.5284923721189332,-0.6202338720703899,0.34576753489683215,-0.2865847188901625,0.3166959313512363,0.4303285736977683,0.6215804072111395,-0.6177443481352389,0.9884216035816964,0.18992201884159243,0.9072019994751068,-0.4365863364762379,0.8908018199320262,0.40033972397897377,-0.21873542935491352,-0.8694398807049288,0.46661581921762596,-0.8390799343622273,0.3830469106099029,0.640345592362435
-0.13096343352545692,0.31298958738095234,0.005709688540338417,0.3180793275183622,0.8380256451727415,0.5685829661783752,0.556656438124206,-0.7113780688469488,-0.14926752634174845,-0.7108812626911842,0.2444783086041396,-0.8167368675423062,1.07436235833071,0.9222108436865193,0.6636079842169146,0.18327726503143985,0.14560552411631328,-0.7943509068752586,0.518810245407527,-0.3666006172886713,0.13465113984813137,-0.16195661728204983,-0.15008982523485748,-0.16858973988513748,0.06559582280022616,-0.563171351721272,0.17128406999530427,-0.778455628000585,-0.6772078756433804,0.15925454806019523,-0.9001722511823025,0.7949746170559964,0.6386979342830155,0.05116527546587821,-1.0993486272403419,0.6798826098581431,0.7005850391469524,0.04932368632655376,0.08562542102681764,0.7722449135231857,-0.9004291438261862,-0.5770352704767714,0.8344972480233496,0.0583573051378474,0.2117429393762773,0.8986024764362572,-0.12430898297186746,0.07478036331011695,0.7582902407491873,0.06741106589611205,-0.2311192216071083,0.5940443063441583,0.6255517565063715,-0.44352229227677165,0.9155663121944451,0.3730868184652154,-0.9477568638404374,-0.6831154316679886,1.0151337723404068,-0.29833994825040744,0.4943990916497707,0.5864068745670934,-0.7255638773628138,-0.8480558737013844
