0.6848663884861397,0.1300439218530931,0.4983395053344622,-0.09419979364838593,-0.506845393446022,0.8414293798034187,-0.8225914567781042,0.8770542748999064,0.01705479189890724,-0.3954021021940636,-0.4148543179218769,0.7332710478458457,-0.12159223686101228,0.18322432663537375,-0.6835146512553727,-0.8367803550964092,-0.8266479333339403,-0.2919862886989868,0.6218053624193026,0.8097630343488254,0.9021367108261757,-0.19414862166442148,0.7827393067089483,0.09147725977717358,-0.5190634380025461,0.3885981312830108,-0.6721264984300193,0.27049961643423165,-0.9793440854503466,0.6975258180030987,0.5359888234255465,-0.6875948442260729,0.31525895344081833,0.5251538488781973,0.17066960902944373,0.8927057555607136,-0.7852847818993227,-0.09079054059957103,0.5380266071615307,0.20060842836594764,0.5262946122555416,0.6025797889296045,-0.17832699962208026,-0.3821381163721481,-0.6886243664194278,-0.962513263480256,-0.7694367227599084,0.2522065244349223,0.2913309494553326,0.22061085155118135,-0.5944722879956388,0.5522086961924928,-0.6692761346104292,0.776506154405174,-0.07777448866977174,-0.6120929515457394,-0.6886564158446111,0.7134381021065301,0.7381361162776945,0.10948675089631656,-0.0821294779213817,0.837292912160732,0.29572365385148136,-0.942528146574557
-0.10344370530100691,0.5455700675757953,-0.8456807705031668,-0.5332648528762842,-0.6980538569978963,0.7732444825826413,-0.8420737567605079,-0.876165817353662,0.205117122598222,0.3403108955742775,-0.5087369532022143,-0.15671492974049084,-0.000556145604411723,-0.3701453812712959,-0.11114905150665236,0.07165812462018306,-0.09673943798827955,0.5983695109993423,-0.9943738757421048,-0.9217982326173164,-0.14574333346687796,-0.7675538999241198,0.42166506305220647,-0.29708556575856626,0.1414919223150133,-0.4916472599587194,-0.6499273219300563,-0.48843150384525447,-0.19734691175239427,0.6706744163224525,-0.2134439345325514,-0.26116719372552794,0.552271432850086,0.09243915166635963,-0.17407463858022493,0.36092037668333976,0.2997537705252709,0.4561276245635413,0.18220921221061914,0.35199591159431204,0.5396112537285618,0.5320372503202135,-0.3775987105317584,0.5676207307530488,0.045518492068600036,0.5837759131579956,0.6814004926638303,0.09001742544931143,-0.8613236206561146,0.6213069423507747,-0.21762015312727545,-0.4670394531404365,0.09166796298593405,0.3022627930802488,0.25143907310729663,0.5517970479878842,0.7100509220187006,-0.8812967651009598,0.20418336194435271,-0.7488800153214525,-0.6782739821634625,0.27919210829178215,-0.6981439262258942,-0.37994646962030837
-0.3357752180474425,0.6438110677876636,-0.2307718653246733,0.047898704625763955,0.6055300434895039,0.8458428986817106,0.30744594458242513,0.6274094156997321,0.12018392696603628,-0.12727807407124514,0.517519125226376,1.0544189006690916,-0.6510417737072264,-0.4021792161190396,-0.10835229549472336,-0.6355911197923513,0.5439129030272054,-0.5647354820258665,0.1819476458059842,0.1686306076897205,-0.23202952236170749,0.979693534787024,0.23774075898445224,0.2478765577744267,0.8718149442381375,0.6076819663845914,-0.20205481291691899,0.8243149443361302,-0.7720685672238913,-0.7705629545186437,0.2925277408442619,-0.22631848592172893,-0.747149104170574,-0.4503459816576789,0.7291038634144686,-0.17712302579037176,0.5190699333462159,-0.6909673387300219,-0.5127360069861235,0.3677267102126735,0.44100151705699353,-0.7626850266421015,-0.61330644158555,-0.41305838953214,-0.001385490502336939,-0.5549436497975965,0.19566344689351056,0.6965586855247816,0.6942767005027285,-0.060408987073338194,-0.8427718682327063,-0.2012512075597388,0.38281757242970993,0.03914639450798707,-0.4587258532155567,0.9006034247964021,-0.3995109667895968,-0.3522177953899015,0.6052594180229665,0.9973180714691485,0.20493425505130522,-0.9099843486768333,0.7826148642890149,-0.40633076903289944
0.987691709643967,-0.37914556650193787,0.036438240046183734,0.49217341657202573,0.27065737114015365,-0.7984130711139323,0.15525320444948676,0.6601972085049876,0.010789525487539642,-0.1980759250576556,0.31929455164854215,-0.13097497907042285,0.6137677248825135,-0.9021521736728879,-0.8827122084611078,0.07431668044707829,-0.0900234496561057,-0.4488619542326334,-0.7812284436117729,-0.3760538564090907,0.11741212014856292,0.022843121226234456,0.29391309715104996,0.3473413002429011,0.7033505161654368,-1.1256576820872457,-0.3078631654367481,0.753818679068196,-0.6578708576037436,-0.5717145232791015,-0.43937854963522516,-1.0380716156915026,-0.528777051024605,-0.7713603817771146,-0.7262645915481069,-0.788970916509742,0.4480386519585314,0.3540646267432135,-0.05534952557845724,0.1623959498743545,-0.9525463383461205,-0.07196558230375327,0.8962712064057616,0.6536289101636441,0.6248432248144025,-0.04918757510169014,0.058263862543037254,-0.7529569853209566,-0.8210076962149552,-0.7100102648215936,0.2763634999007019,-0.7005871816290731,-0.5722909681809933,-0.33800951908108856,-0.47215212345136925,0.4636053802820781,-0.599336956814159,-0.3342020129939902,-0.5072424694410093,-0.02805173361207336,0.867496097209403,0.4699828248822209,0.8719065425844601,0.9813726115228589
-0.10256946438334169,-0.8782467213021301,-0.7292024123225078,-0.5462851919880405,-0.42975486162055243,-0.18388504949049878,0.4276027627189735,0.13618169887980278,-0.1384662368706766,0.4697095884043045,-0.6235416165800427,0.2161288698249071,0.5759853020609165,0.2598337140588618,-0.5695277874345008,0.053316009413538756,0.4892229279625542,-0.07613553762642966,-0.5888715323186089,0.05260771734067453,0.08446857759434168,-0.04123721282691687,0.3279169711817302,0.7904166467986403,0.9028225586154135,-0.47807700488951377,0.7642940522792914,-0.1291769154567617,-0.7369895239883131,-0.6437142108306915,0.7109459356598131,-0.029977518419065735,-0.6893063182128997,-0.09614376128334734,-0.4296029346234296,-0.9303489511088274,0.7562132916330251,-0.042071991963713584,-0.45464619785944466,0.4809372221381528,0.33812814939647096,0.8584409286256609,-0.01643582574866742,0.103554701655664,0.7383831804996094,-0.9209417738523595,-0.6555598439009143,-0.6486927657504578,-0.5864006397644952,0.21076427874196013,-0.5856153691642305,0.41858269775179757,0.7012944486571815,0.789107358190865,0.5177109540217686,-0.4006877364905354,0.4532323232385673,0.5090715727266079,-0.5882801338033372,0.27440730630883836,-0.8177072206393985,-0.7243821304498574,-0.41833518103455924,0.5476292960253928
0.7100894323603231,0.2751843592102954,0.7827519730898507,-0.8731642691408785,-0.6942096813767794,-0.3747725154245496,-0.6871026790394092,0.9458050367001918,-0.8079878582725419,-0.22430401762594962,0.2867028983553742,0.5721367675079088,0.15682959546962083,0.7182743006428036,0.2431670104310533,0.7119823519105485,0.8430553441513682,0.15615927320293482,0.7067457988566563,-0.5639450988825512,1.0487701925060355,0.9996509168016985,-0.4853160920259805,-0.6171447870334587,-0.4444614934086123,0.9157364653970241,-0.7572628579646864,0.8034888953600818,0.34822816771250187,1.0011976522063932,0.34079082802330474,-0.06874203140948137,0.0453935110512281,0.6873235733008456,0.96769527910301,-0.5632010606922451,-0.7858970968856454,-0.9461883855273465,-0.3074441018809987,-0.048898422720019305,-0.6371843480142184,0.4006782857525797,0.23569223405750606,0.6665646004713044,-0.9891458277130953,-0.11982941945588821,-0.006527033778754854,0.15388529959821584,-0.15635655726853195,-0.3224973535147148,0.7773440030610774,-0.5467789775096392,-0.42884767899737075,-0.2023004009775673,0.4802308982719836,0.6541074941812524,-0.7168356162829017,-0.8531401340756396,0.28818952102704826,-0.04266936501312031,0.25744351629795925,0.3250861095603157,0.6419384488923414,-0.1501020178188182
0.711586873757754,-0.0706547460008391,0.02129965032397174,-0.1370217368281252,-0.08746201908104906,-0.619105273776007,0.16763559334978173,0.15765277142199152,-0.6322463465725505,0.5388678086648316,0.1620968720565128,-0.27486109070122566,0.5554152323001416,0.0315354805780963,0.02319317982512814,0.5529106468127433,0.3674655925578575,0.07583248681732495,-0.9064681521066107,-0.025385339693984807,0.22540246547103626,-0.9651754088230511,-0.8483102849633504,0.04067273525344693,0.4844478897887996,-0.21105398173252615,0.9763782160791834,-0.591339361608845,0.006264407468868027,-0.6412467642515767,0.6179582763304492,0.9294080408611949,-0.8174037601105846,-0.7758788763370085,0.750521116450424,0.7859589702953773,0.46522900930693734,0.7518000958418127,0.23636536949715845,0.5782235487016671,0.7202160528746024,0.6001873345158072,0.7568555056194345,-0.5089132352385383,-0.36173907042151154,-0.8661867770535937,0.42498859003510836,0.9242181888162682,0.2864492094823934,-0.6287315920290768,-0.732415913935193,-0.0037327282016035093,0.08414411004610126,0.5380187197784174,-0.7364550319354697,-0.38053841373130814,0.7322509432640009,0.10992568969700223,-0.7461743950387923,-0.47169688890265205,0.38782493376993576,0.8710908777070587,-0.10075501819233096,0.4955299222539953
0.7675552617617654,0.12617949938008,-0.04884013491093239,0.9040463125560239,0.8908715183073237,-0.38290405401466376,0.6433444751230654,-0.06412956311035511,-0.6157622395015174,0.05858589515769097,0.85657059429939,-0.5542940655560924,-0.5766507770137821,0.05979332625322309,-0.18122914220214947,-0.7403756336908716,-0.5393738485197674,-0.26257026345566215,0.022689401997307443,-0.9572229827557229,-0.9793378370735885,-0.274495934936529,0.8134115308389278,0.37671634711490865,-0.7836902027000623,0.2727719437277829,0.4692012168740083,0.7833660374848014,0.7190737212321636,0.6704121844456918,0.4467876391236969,-0.09586617639086017,-0.5769702630587558,0.7368746254836751,-0.048573917300926375,-0.0817780018659521,-0.5462126689990818,-0.7057184043723792,-0.7600517445076287,-0.5613106557916319,0.5164191069881645,0.9150485031155104,-0.021600407549365208,0.8086229735983135,0.2378714731673539,0.7426621400210078,-0.9690756288870315,-0.8231778491524998,0.5616959150211295,0.30900277807232884,0.28932142555871476,-0.180639011078166,0.9390645046689746,1.0055256733614777,-0.763103764512788,0.6372016061062655,-0.45115838783687545,0.1809471466662815,-0.033910838134220356,-0.4508413654252734,-0.4575363053000425,-0.635735970516679,-0.5487314335793239,-0.16066661178152425
0.10657389468776085,-0.8467497546677678,-0.4658989215853866,-0.8805690945466296,0.32775224557080995,-0.9819072207296351,-0.282596306535246,0.276382455616353,-0.587087016607599,-0.6515589367839387,0.15870089605103765,0.6494553539761732,-0.5262544306889638,0.6044872572299514,0.020488697098064446,0.400938070148678,0.5468210950357515,-0.414896154563412,-0.5486914310016877,-0.26665760512376435,0.2238376109532488,0.9557310754538197,0.07211857833898883,0.7377455272882352,-0.5705944802530609,0.704659021556685,0.05583999660933525,-0.2654571300571962,-0.2279770175973798,-0.8633101161802925,-0.13795172786081641,-0.5917377817944902,0.27657718532209885,-0.2564751604952207,0.8168518567281542,0.3851341738905132,-1.0705811503850273,0.23313026182303045,0.21193138523896837,0.2506008014857579,0.1286966309403932,-0.8902574674008128,0.5256076151670795,-0.7804761322563057,0.1240750534831039,0.12935649053974108,-0.9661576006136736,0.23678512460995105,0.47114071512266986,0.3246593302513697,0.6000768935886849,0.7761318955091909,0.1898926223639672,0.36693236343706914,0.8483760920390824,0.5668253991887608,0.5098137650315787,0.4974221309744783,-0.37002184741792044,-0.5338417200906822,0.11424908886763885,0.6585860809103111,0.7587504153646593,0.26422402001399836
-0.7705934433979216,0.10095008581093823,0.27834573438939536,-0.8021493662403407,0.12072927076865403,-0.7334304056957404,-0.6031969617536235,-0.2594931404687033,-0.8739082029108594,-0.8523458140116069,-0.5957056088705791,0.4863951105520972,-0.8498006831403375,-0.14289834008963118,-0.10509575941417526,-0.6940504181919273,0.9756544125995681,-0.4877410058985263,0.17041471592722113,0.6239018194090513,-0.32977773405496125,-0.1957666914173924,0.7664727106904484,0.9981081859135781,-0.6563849885310475,-0.5590118426007835,0.347758387974493,0.8426401633072086,0.22021657500926595,0.7483371409301935,-0.14615677670916805,-0.5250462526757496,0.9428975069722585,0.4741406994817188,0.6258819868409153,-1.025563003872878,0.23181491975867652,0.6820842495714463,-0.5509390375027385,0.2629456650167683,-0.8761058653370705,-0.26842348699538965,-0.36066009489377326,-0.08047383181516277,0.7740145575199788,0.5900871109351329,0.8660958147447448,-0.6767013442387805,-0.9150435978578614,0.8481872612937067,-0.3789288266186126,0.4601055729492922,0.720507161815739,0.7685311388731422,0.5529460138236804,-0.32370042458494364,-0.9653876626816518,-0.32121402536291144,-0.44276306288683687,0.5594393153027397,-0.5974158577650435,0.4383139998148381,-0.9009875078298837,-0.5938243372578044
-0.2903209825576114,0.3989362178695539,-0.7355915247806724,-0.32819992825825905,0.815784200235007,-0.873265100361146,0.4496359014291749,0.45851728954328574,0.5425629635816145,0.4039666545895828,-0.4193761048846303,-0.13605226138949233,0.6340631610523788,0.25739832564926873,-0.43970704825471524,-0.11448487885946967,0.6367164927328179,0.7080744817127631,-0.8095376824985155,0.7208359524597652,0.7551615157291998,-0.5124076973943719,0.428952769417204,0.18707323083326413,-0.08003534873153173,0.4020427329868894,0.6226806198440609,0.4523219136286607,0.8503417730251907,-0.06620241039868507,-0.23444210060528264,-0.41326726009888537,0.3808908410910145,0.9236149665627006,-0.6990400814792015,0.9744095977837051,0.8605824506622944,-0.5307373521726095,-0.6680714201965015,0.5441810140434926,0.9064450926230696,0.4514298996878663,-0.4625989162066564,-0.3384178444963206,0.8202998584850449,0.596061837761487,0.3415098465936208,0.8215350481388843,0.9893100063131972,-0.5543041677856138,-0.989947975376474,0.008518046616645236,0.8088605305596138,-0.700845356379569,-0.8100611720519058,0.0973845703671392,0.25122947013552965,-0.7738050083917523,-0.6938878236837869,0.49218077476967176,0.10557953669839004,0.7429294965344234,-0.5625287296763755,-0.12324459321275616
-0.9860826633338136,0.3490381110999661,0.8181473957101532,0.4628524572440469,0.8715096434248024,-0.4206324587793472,0.5024891364431785,0.7259651998143751,-0.1349829577090491,0.35714504138308567,0.5823445538650307,0.702236359706695,-0.06398328640926892,-0.7622243264054442,0.49015978483407974,-0.4289962152331728,-0.7314708899229179,0.0372928424822323,0.26070312718569966,0.8828844193965371,-0.10721647649172641,-0.6025669530635596,0.5185528758249185,0.4682531590244261,-0.176218100628301,-0.49842382508876915,0.5983956279925334,-0.4387836155004028,0.32923255094729176,-0.7039909696755717,0.12721296890950917,0.9450357227051587,-0.7007658093065615,-0.08576819398053692,0.4550517222700957,0.2358093530560966,0.3890961861992501,-0.11469076772958953,0.9801555932739516,0.2507014146929474,0.5464714871280645,-0.31397336263533726,-0.49014689984363646,-0.9730465953498668,0.019194002234218813,-0.6165496231497715,0.6954892767341336,-0.15002869465530563,0.8348808750300691,0.11203508956635885,0.7984110100840971,-0.008057236211874305,0.7402123325073888,-0.04086384208970473,-0.1069009025065546,0.5106745981647969,0.9064566888906775,-0.8459581744168512,0.027139700345155005,0.7989261305457993,-0.14937156209022007,-0.07481831006876671,0.75511168037775,-0.022065771684796953
0.12774470723729975,-0.9686919942496646,-0.6464216503191726,0.4094434076246669,0.31487198023699947,0.44555969145555646,-0.9463989643844932,0.5983612130747613,0.9195601497548392,-0.802203956146027,-0.6790260121834808,0.03420178200654811,-0.2419017337701614,0.6887879724998498,0.7992182879007148,0.5921391808524543,-0.6874777302514501,-0.2747874054965198,-0.866208149950892,-0.5673722236641987,0.739656853979232,0.8921413475276436,0.3044286885982197,0.548400428891302,0.6533875116282984,-0.8955312043819712,-0.7202894680068348,0.8105218183817565,0.77070367997885,-0.9503169743512405,-0.9867835229894439,0.19123540954578827,-0.41200972418563975,0.4318448589996362,-1.0172486429776497,0.9587750644510302,0.5066122060284048,-0.3431831423805024,-0.9434336667570727,-0.9467804087056364,0.10419373701431223,-0.5270159552849922,0.03520385504999046,0.891338507146953,0.3904215944393755,-0.11090586928164847,-0.5741290281474091,-0.5734945030539937,-0.23212384951983128,0.39582182932471666,-0.8428632814558156,-0.9464010401258174,-0.4504651082459492,0.7933721957967715,-0.5978288027393017,0.05703129650596228,0.8098749936993939,-0.2859535880173554,0.8363271354364303,-0.6598319789228184,-0.11851840942738057,-0.5393231434015222,0.8794170169203663,-0.7686212176075766
-0.4651385414365783,0.6447310377567024,-0.38660271979404803,-0.17970628763044844,0.981706096129271,0.9439816669366708,-0.24691812184795148,-0.8530034360383201,-0.7179463574307481,-0.41662747943827183,0.0995393348508205,-0.7643053701093417,0.5891822589257892,-0.012324384725396195,0.1718548374996045,0.7034787128855078,0.27939973954803177,-0.8437383425988838,-0.5576232749209307,0.9568680340725912,-0.08438722631085094,-0.4424468339968771,0.8251351840508763,0.7707859768960581,-0.5033468789111808,-0.7590527054426912,0.6339710809706406,0.061566076752362225,-0.4963081181491976,0.6436560887398888,-0.12143004175794173,0.9478817519616912,0.35204771680757774,0.46345327803152303,0.04289316187119846,0.46790128849152457,-0.8273651768945289,-0.5373678383851779,-0.10864277266909925,-0.9858093966001402,0.251548193080396,0.025565447225160964,1.0098420957660215,-0.2481917438863661,-0.18113369072983102,0.8419199195632795,-0.9006792790975475,0.7418662001207681,0.27333564851947756,-0.5120497786802074,-0.12941355792426815,-0.32929296205946657,0.5085378881509708,-0.6875059507506738,0.16453140168564184,-0.25968741756027724,0.4433136647701472,-0.7526269320279373,-0.5979701824570588,0.0781093140656266,0.9798619877148043,0.17447535912665307,0.6382744175771871,0.017095885110712583
-0.3835837527299166,-0.697296366907644,0.17914427307102296,-0.9687480913613664,1.0609883805183828,0.7116826110242402,-0.9128717324069994,0.26798369983865183,0.440545905252957,0.34599669555887225,0.9626377981041218,0.15105822375320974,0.6797706350901478,-0.7537797303215745,-0.5232988002611836,0.3759577036951283,-0.8331235293476291,-0.7554631954228703,0.1811618960711192,-0.3047246785792517,-0.3047475800325349,0.7461966783869636,0.46256015301020303,-0.3708989021555047,-0.6250275739897933,0.10763418079401532,-0.2186341866587874,-0.4552039964808854,-0.9195849993028551,0.405927434104153,0.1044085656665546,-0.8399604071663003,-0.3718534354527787,-0.11232136618861085,1.023381229580171,-0.23143009866906122,0.3415439361016754,0.4303945305442094,0.4746712753481397,-0.9526481880193751,-0.8524785218038078,-0.7464489453087332,-0.9041500531785438,0.5226073652948062,-0.1789143421311139,-0.9827254797567881,0.044674907607135966,0.18358321716662784,-0.43712997330505154,0.14344154409062404,-0.2619601139059714,-0.2801403331047838,-0.7091803158697709,0.3813455015038752,0.7812485180433623,0.7206852778776236,-0.31449770872337,0.6716966494458729,-0.26369439273690104,0.08880828258779974,0.08803929869938909,-0.8790914918892543,-0.9370782445375989,-0.8402974185648376
0.2305972647096337,-0.44562898787034655,-0.7116786857197333,-0.3978498555944423,0.6005097754052467,-0.6491414303676688,-0.4379027064117922,-0.3324447125461807,0.5213554308213753,0.2282820183072785,-0.11844131244057879,-0.6263207024320832,0.4219535436300814,0.7871963463037907,-0.19296359843918665,0.8846880797608654,-0.7657277208620518,0.5149565781412533,-0.377457887573725,-0.5461631105918785,1.0342427920367911,-0.06972768634612578,-0.43793483695779356,-0.3209370453438498,0.9012795506541038,0.9944613896801395,-0.6749098619716023,0.4302703469437783,0.41443511543324835,0.8031054906129079,0.20402369844266216,-0.23846146264931856,0.23910499017707254,-0.7936480091918525,-0.870471233053074,0.5759088873101167,-0.4380342732259861,-0.19752008635555413,-0.5839796754123534,-0.5458877914556417,0.7677664760637535,0.9749791443898175,-0.6087599297027553,-0.19872058508100277,0.47043945789781816,-0.3253479460649409,-0.6186611793813103,0.2439072919260783,0.8110321042130872,-0.9487282313516581,0.06484911611970001,-0.012915399782282344,0.05860383328957809,-0.7921043621041088,0.6462808155924179,0.14949832332621082,0.5569037425683774,-0.7106448137427495,0.5605240312644822,-0.937705968592408,0.9223452010996698,0.24273915482836106,-0.590447495683426,0.5490967040275861
-0.103302842645913,-0.6836383621150904,-0.7061263196351333,-0.5772520900407805,0.5211626272779092,0.8974960024258583,-0.4499371328664521,-0.48303854089257714,-0.34573634565297706,-0.7028829050526859,0.6993241641818906,0.7862790117903933,0.1912762203125946,0.37108812893871623,-0.42861142569719635,-0.6364110761622916,0.93422918005361,0.5153202780147974,0.8514891635492696,0.6219468656446203,5.076290950548068e-05,0.522410765361075,-0.6008106146915824,0.5457416787229856,-0.8223483605604318,-0.5851006831238771,0.10652076921702425,0.8595796673843188,0.353027004046109,0.5728419011170187,0.4934903226801972,0.8196486003030172,0.05786045205170742,-0.761447751068512,-0.99665765819297,-0.17111959996737203,0.37958329175382155,-0.3095609895079535,0.7351067897127197,0.22337314935294716,-0.5957930424961164,0.7787267108152894,0.0534458083343603,0.19932572127344939,0.2752145273553127,0.1722892011331155,0.3289818650858851,-0.039317580968925056,0.3590894443781046,0.7441722155107562,-0.30847576479164784,-1.0639083197931345,-0.65371104077879,0.6872380507893185,0.27275184016531634,0.9385492262278848,-0.3935998095549669,-0.5587861898591745,-0.5049636410383487,-0.2745669921314198,-0.06985776538964439,-0.19122470663780367,0.1318594718158539,-0.4035899781646542
-0.8792382822571521,-0.7439016173237369,0.8560173679304081,0.09046827184818595,0.7574475629908257,-0.7356865770276712,0.47290001197090037,-0.25414533776117965,-0.04378274438124552,0.11582772755316381,-0.9263911067712959,-0.12096784050994303,-0.9968691555981676,-0.9634037529604773,-0.24651141476701105,-0.6174412609587556,0.675951969375439,0.06543725196388117,0.8343601542818878,-0.4885792625231278,-0.3734518026563658,-0.32300523953563265,-0.15676004078895797,-0.5486847647452395,-0.6265758974872764,-0.7182799168349191,-0.6783075049663307,-0.10425066216685502,0.4658878705473142,-0.9045432376925178,0.14409697396253043,-0.07631653490504134,-0.007824866935849162,0.257926459933953,0.27603479900600497,0.01752074762962552,0.7960306855304689,-0.7487362041459407,-0.07107684126804467,-0.49600754739288155,-0.2957690642986339,0.37400251598836287,-0.37919826576014604,-0.050330496888747245,-0.6829568962391006,-0.015446122580382582,0.45310913434960504,0.7104908652891326,-0.7551305096225622,0.38635779235200834,-0.17980565991902628,0.7907257452772694,0.7240339959927522,0.24538826638748387,0.2709949401650875,0.8775637114789678,-0.7501399230351147,0.9960243212102788,0.43434883505289723,0.089376686730958,0.36917607928155877,-0.12779026425510076,-0.061131095120931844,0.9063033584212984
-0.541315198909424,0.32014405973067767,0.277522293727547,0.7260030999350405,-0.6040799945601736,0.7214903876552994,0.8716088548844128,-0.7575699341492776,-0.4742674112490386,0.48538497511321554,-0.7741994053117476,0.2782898786855982,0.2975984217832548,0.5279969533347424,0.2994234899004549,-0.5180617533815958,-0.08344419599368713,-0.9598779698676465,-0.20500917482636893,0.6389958864380321,-0.5418155507808093,0.8633197549874159,-0.3566254923483456,-0.7824053493106351,0.08251838058322403,-0.12983605766896789,-0.28367837697809994,0.8528405486675328,-0.6612325683114949,0.8701616194548054,0.8407205764157792,0.5883590374470606,0.6106377962580392,0.3900823350206575,0.6005331064265196,-0.8778340316038049,0.2553598650977859,-0.5841499800024714,-0.097565488604894,0.6804636998379178,-0.2697284504290365,-0.05865260092872848,0.7607742518813505,0.6092617455633849,-0.6551852987955833,0.18217057230530287,0.2970750001762721,-0.03442366989535478,0.7939910507900938,-0.7215645107007638,-0.8463425582924697,-0.5283864814177557,0.3909651820539106,0.16421760648580483,0.5902958897096733,0.3014758885463509,0.023266868735365875,0.13383777949356065,-0.31600921696993334,0.1262337499151106,0.26099913508497596,0.4392259906984912,-0.8955191747334497,0.45226104856742055
-0.8935447493836188,-0.34761243362921057,0.5686355500781002,0.3256956506713651,-0.6190298043238509,0.7399951043904516,-0.41886266290071306,1.0648524808458684,-0.6030199976004913,-0.02746775319089334,-0.8758294885782621,-0.8123055969100006,0.19929341495994865,-0.9988170030394863,-0.2381256333897308,0.6132903640797971,-0.05211230983881915,0.6739691080823984,0.11908026638674696,-0.5468289858197097,-0.3471255889565485,-0.7318518062477269,-0.1818695975077842,0.5108464321798207,-0.5859916860659776,0.6737126890085043,-0.5549050259759682,-0.9864303557574989,-0.558304618113415,-0.37354856086227306,0.7240632634016396,0.8720215060831573,0.6963352152361961,0.7735757262807307,-0.67133750301972,-0.03675054877974171,-0.5210442583825652,0.8735531970203374,-0.006298099036499555,-0.6842698916767598,0.09557852022920715,0.6367826590775083,0.3268190987812576,-0.40721406819078676,-0.3041325071768124,-0.4909522074195227,0.7461500659108069,-0.8914022285641168,-0.49072835753246924,0.17499068362205364,0.26059937790309157,-0.04857347467077533,0.9885884233494897,-0.21957649007801527,-0.6081929802152849,-0.6048201154100192,0.47392007307486894,0.6354300469885924,-0.2887286361244623,0.17016311051295893,-0.721267674947575,0.4886095140255361,-0.9997169354071562,-0.3649065663747755
-0.993136998731867,0.7846092560518025,0.010991641239509686,0.8613290395347295,-0.5444957757328373,0.14818259510044812,0.9313361038791537,0.569435742783077,-0.036409648065634986,0.1607765089910935,0.4452958449371791,-0.2822884383634985,-0.6288878802398781,-0.0411967790400583,-0.9700509966239431,0.8716371824107152,0.17590137503462477,-0.8914022408466327,-0.1518882131908039,-0.46359872630885124,0.38181710056001816,-0.43906136410009977,-0.7753926396191713,0.42728243495967244,-0.402930624875389,0.20022248906868034,-0.7363702105272014,-0.01698916479436474,0.48462919741599947,0.14977635058487498,-0.6786838427841224,-0.993731331854578,-0.27967072364709566,0.005818556960103707,-0.5421875269231671,0.5259345778011648,0.9420627326872977,0.0792255439773416,-0.0933114344891636,0.947524085562242,-0.9358254933481205,0.5295558838451978,0.9352214494423059,-0.8994553410620885,-0.34247253187281634,-0.3646519660325376,0.6156289046598358,0.8634637068248648,0.6720680640231731,-0.11049156522309511,0.7720585325016487,0.7033627536096141,0.674527119915207,-0.005036235953051332,-0.4172753637710046,-0.5746946845460532,-0.004157318469173887,-0.2662453250688154,-0.08306187721376146,0.8530584063357101,0.5387326993563515,0.1260786974654391,0.12829370342379032,0.655948949449525
-0.9299784021267316,0.31024834690135483,-0.5185344221586783,-0.00955299317728995,-0.14057686996475888,-0.38572550242609505,0.41712107421438804,-0.8577295410583938,-0.8170048954107747,0.6501078601763346,-0.022935671873604235,-0.40263764617228304,-0.584163186258505,0.009806124301811492,-0.8872913164516831,0.5290949769995623,0.8780444039768052,0.8987058152951342,-0.003771382978256889,0.7013262073386377,0.13331301335045637,0.6312535073034049,-0.5170839274728425,0.14096611766733758,-0.6440456931263374,0.5020136108509594,0.5606773286444307,-0.5220266620527454,0.5127972294540992,-0.2948321812713126,0.5734726064870423,0.603981997272679,-0.08318573663073114,-0.49875637816203655,0.645910686586163,-0.6170842393465878,0.9406421288522095,0.6942922269747582,0.3216856966662509,0.10868410042509977,-0.12626427737306542,0.6395136453950625,-0.5531059726559668,0.969735562698846,0.9100533545721476,0.36035693011039105,0.6777752313236254,-0.5707551393486543,0.020325975977553146,-0.9289569057739875,-0.5427533249689739,0.0538032218850039,0.5750891328650887,0.7313290390928582,-0.2537963150772161,-0.5859973929659371,0.0985604390508561,-0.6372576202732323,0.9475032140622419,0.8373626133240872,0.19556377360371502,0.429134953049912,-0.5989439070740327,-0.2831154239562526
-0.9345395782725687,-0.07654034263956387,0.9107445314514089,0.9323403481292467,0.36335409921813655,-0.4412024498479987,-0.25854624153189576,-0.09479300360509385,-0.1754857040363226,0.7176737512824714,0.37707173414745565,0.7649910784097764,-0.0880249117305334,0.5294656794758585,-0.7694367425909601,0.4508373513201467,0.08295050267983489,0.08202693299736445,-0.8723368394870941,-0.7959163089737962,-0.2667150670279381,0.21526257116982947,-0.7028770694491406,-0.6900505882777511,0.7700066797296716,-1.0581528027821356,-0.9368310807916087,-0.6095351075748234,-0.5279998385441713,0.3904309990872614,-0.6445779457162009,0.44693113868501183,0.16528557340168404,-0.6814961419363224,-0.04227053408212367,-0.469653921642611,-0.358512195283581,0.1808837479192811,-0.6279022857396481,-0.546744794683778,-0.340567099908641,0.4730862582748899,-0.45088902874824005,-0.3055779281414621,0.9696467126805419,-0.6570905422532745,0.7949049084051507,-0.2683334050119699,-0.4522302100502491,0.5007021129532812,0.020949175582546387,0.4745357561827036,0.14380733263043252,-0.43652300049152104,0.17741876140899415,-0.04982262861814177,-1.0532578771487584,-0.7191947192695578,0.03326771024465992,-0.42483695429074364,0.04021917204438297,1.0817735701971956,0.8795575399144655,0.7464329909031768
0.5806864084391845,-0.12025376578651636,0.6243014141968395,-0.12780675254916946,0.8181711068318474,0.8826571588361913,0.004466984128541185,0.45074645212881775,-0.08544250922217711,0.30225533900866,0.6419581675782109,-0.808518163441339,-0.6478146528653022,-0.5002895798571426,-0.46133534758836287,0.05520077410278035,0.2770818226431213,-0.46139654924593887,0.725917699310058,0.26376231220137114,-0.4068738637424825,-0.34318836364048466,0.562595559925877,0.4318719819633807,-0.23721344296259086,0.03465986222564821,0.3356701969371214,0.025073682988645096,0.6526003361095312,0.035227032421828675,-0.8411438619177979,-0.946661828662648,0.6730676533941577,-0.014897784303024464,-0.16090452774467923,0.5070017604057557,0.6081329991382074,0.7569297567641141,-0.7027549380766918,0.6820704631226209,0.39909196237192135,-0.20139809169879894,0.9491638707763548,0.697608514639485,-0.9433501591436257,-0.15537257054089476,-0.625376171202086,-0.057836468672858965,0.47980732815579574,-1.1693240461903114,0.3562817433724236,-0.09151349785122953,-0.42263307359940616,0.6180687994808414,-0.3127512146964587,-0.42889200908883623,-0.3388400171342689,0.6297411549007819,0.6835909271097906,0.9209757227619437,0.0443688169546661,-0.6389077964341596,0.5570858352598086,0.3619751983663968
-0.03412446807118674,-0.9544578907980863,0.9498096043896005,-0.18131850397463034,-0.941889810168659,-0.22539083041428176,0.5813461454952122,0.7984003605483647,0.2273839555000292,0.8144842792566742,-0.8098843078536125,-0.15309854426857217,0.5374932915233182,0.11534343995065018,0.6777148747384949,0.02349134367906207,-0.3439123912788098,0.7830756952133485,-0.17079174070137815,-0.7944510633751922,0.2536899954040224,0.1342960434213909,0.7926347876546924,-0.9218172673298524,0.7451671197403839,0.2622817395339799,1.063029347037841,-0.22639364002952478,-0.6072971585195643,0.3094082153092152,-0.9835800739856799,0.9317786695043255,0.9298752673815461,-0.6514350495266851,0.5042764580905386,-0.9138071051729597,-0.30145251318838673,0.7767321721350227,-0.5967157459969537,0.28519950730953825,-0.7984162569338333,0.6417668356588628,0.3203859282206316,0.019122704027679058,-0.6433784278272651,-0.4117406353220343,-0.7501328769950564,-0.7569291579069284,-0.5444236459404123,-0.8884043077185004,0.29604946552427247,0.19670370631907574,-0.37281990199380166,1.0643198040346458,0.8969960836749598,-1.0619062342249692,0.4469150480886437,0.6082799937191787,0.43991119517647426,-0.8238319149361786,0.5605647620228875,0.7243769474580325,0.38025973003808927,0.08557775128953193
-0.013188538493622004,-0.7607280302061048,-0.019812830975082463,-0.36999618347226404,0.3762988516005067,-0.3989601306195445,-0.2687499121940445,-0.8105118414667116,0.9434069246272976,-1.0051144571282162,0.42124946450413336,0.5782354483885166,-0.7291961588149476,0.3164424166154389,-0.02140757106443192,0.3840153098915843,-0.9157861293349767,-0.8389151678024457,-0.6728088895022852,-0.012554503897149738,0.34070239226321486,0.9529463015464881,-0.6807486934607051,-0.8863034155959622,-0.4065854055515832,-0.7563202894409351,0.4040802395488279,0.8483249412323826,-0.10768319450358144,0.851564329216846,-0.26298075664990883,-0.28294536006508164,0.4161121672921997,0.32687418832382975,-0.3951214175262415,-0.7016313901438354,0.13755262002037932,-0.5651927725376564,0.8607298843708062,0.8276042412673372,-0.9570937964602793,0.1483366249785116,-0.8361142932657424,-0.22470456332788613,-0.962820317368738,-0.36451329124309817,-0.005796337025724907,-0.4069017526189067,0.748119700412307,0.8153041552389974,-0.3372962579243081,0.6306775509228963,0.021440321999726536,-0.4657516996812825,-0.2892460866816515,0.6964766708850871,0.6252250850993741,0.21276515856480815,-0.9632213398800857,0.9623922216421976,-0.3107058302584007,-0.34775396352791094,0.24181034505033328,0.8199577021041746
0.06280833812303488,-0.10761877086135493,-0.9355255741054738,0.6451728162872314,0.2198982006386501,-0.9788703965506922,0.5488634047219347,-0.4105496407108803,0.18145608638357325,-0.7326509496238178,-0.6139073238451181,0.7786778627553689,0.4729512956153678,-0.30440675757879765,-0.8109242738187998,-0.17899394692943524,0.7371702759960826,0.30925427828048613,0.20654404872060045,-0.10393622427294069,0.20782388385221262,-0.644949108730243,0.09313486649101232,-0.1984631973890087,-0.5403733573560173,-0.620169962896723,0.22377297106680571,-0.1663926306626471,-0.3368052310180394,-0.44903561305442574,0.8410007886849696,-0.11589128578998742,-0.37256470303302536,-0.35754297858707507,0.09514392724909904,-0.6883736499054711,-0.4594154772388561,0.44751050491131655,-0.3524382440737768,0.6897120270577306,0.4970208319556151,-0.8812945921771909,-0.5888170295977262,0.6580950650195809,-0.796277583377739,-0.8216942686812782,-0.48213307096188673,-0.23809322892891305,0.7199398424643109,-0.0550167190840094,-0.39136775310648075,-0.6748254341008371,0.4763584126773264,-1.0375353402033536,0.8817668182276193,-0.9828382819789452,0.795981895311213,-0.4509663910488868,-0.8475325169327328,0.009346596226879278,-0.4813652176020098,0.7443922129393628,-0.14213875786907848,-0.5376939062275745
-0.4832393285410948,-0.834731673646036,-0.24535649017563266,-0.6188061745555399,-0.3915684880242175,0.8659055594427834,0.42227249207744966,-0.992711575695395,-0.6607381327969095,-0.0698079896535572,-0.3312624504188417,0.5012713296629195,-0.28970153853580505,0.6685427903263743,0.4081066808417515,-0.7385711000520845,-0.21240993466468844,-0.006715865194916626,0.22595775073298796,0.37463181101046084,-0.5906294765384468,0.5366355155997105,0.8542492136996984,-0.42738716571068136,-0.3045722373949191,-0.8997439812126209,0.6103602110251738,0.4932647369578084,0.5193289699228698,-0.7840469399271328,-0.7612975952255272,-0.7539215964864419,0.22862812586019218,-0.3174169068059406,-0.651963080805162,-0.1291635598021823,0.28959466241870124,0.43834604530945476,-0.3101455594006609,-0.1942262722641195,-0.8604698990145356,0.2185609235211573,0.7704379211154944,0.13297111247579085,0.5125449173082492,-0.4118598796088673,0.8808681832710407,0.9785503572439516,0.2050037712485356,-0.7802212621535463,-0.7117379174552224,-0.3114426532980774,-0.7633485168271015,0.3821261607532508,-0.2782600427988531,-0.36431378931563607,-0.44181331703323135,-0.8367921661732711,-0.9379361218799585,-1.041134041054049,-0.174721176021521,-0.5913176769059589,-0.624418514001184,0.22500960018169072
0.08633265852308614,0.5738563846275776,-0.8494347454150752,-0.40538769102381617,0.1655742629314909,-0.5693818420554126,0.9567145917217097,0.5889667212711132,-0.1359569562516064,-0.7996708822204103,-0.5997257722613052,0.4488109902120043,-0.3670349759927487,0.19457164772077107,0.7001863550963434,-0.7566347238902695,-0.7185444867180997,-0.9378051892918728,-0.4698832317836288,0.20144591859965727,0.9835745508065106,-0.8284852583471458,0.5467882928027064,-0.7104682090210628,-0.9862787547976906,-0.9973261328098206,-0.7108428952390647,0.6764004811287363,0.7095162324590355,-0.6259350707585023,0.8688871099695183,0.24451867328653112,0.9281063990521898,0.24373368483581914,-0.8414176536419694,0.5225855589733424,-0.15937632578633482,0.5886087828855023,-0.5820311285432571,-0.13469872941644545,-0.781467639599753,0.6896852884098512,0.7201482721060095,-1.0711053112527535,-0.788361143125657,-0.0701156969193022,0.8211386519304822,0.12463706947940802,0.7221536977457288,-0.03997016595983016,-0.33892183881963756,0.2531466202402781,-0.4664237599405351,0.803043312486675,-0.08285034175898298,0.7411508307739794,-0.05609149564053606,-0.7404098787577496,-0.3978877803375381,0.8539817232932014,0.4851782274262981,-0.09201980943817788,0.7502054185015083,0.36679072981694505
-0.3983527841876843,0.6031752417957236,-0.38892439130009193,-0.5203555377642818,0.17595344268663501,-0.584832109099363,0.2505428253014945,0.28559821147155684,0.7822361211956959,-0.33162727032495537,-0.686914785325321,-0.26115880566568306,-0.5755472142023701,-0.8282785812882429,-0.8828875497847064,-0.5553358142310143,1.0306882808497753,-0.3999859227835185,-0.992107061231372,0.8276133890793009,-0.4825022602090122,0.7931880486764071,-0.7920329804776169,-0.7268041199150092,-0.9079153965667648,-0.612618019147324,-0.7045727306283901,0.3828899792649631,0.7149863466511622,-0.6463487785411505,0.02749334445720486,0.44075948637104645,0.8793184050383569,-0.40698962975522784,0.14231263397164962,0.5097611608564466,0.8243090563875453,0.15676795306132016,-0.8997103941743769,0.5683136867675096,0.4148631717440163,0.697704825897989,0.10025643317342414,-1.0680749051541087,0.04045581794105213,-0.07910220239249255,0.9630941518891523,0.1592303973122742,-0.8396849761647374,0.8470733611339629,0.1608586383118351,-0.7585520813474858,-0.6835683158460699,-0.344076139035148,-0.006303537075987631,0.12921802689399176,0.521424047133192,-0.024381069110088666,0.6439374007392724,-0.17755682806454276,0.05809472688842074,-0.4627504439776895,0.12536536625277028,-0.31814396010292434
-0.1810212200879482,-0.23881466936123386,-0.15973713446013316,-0.8319446251995819,-0.3796941170592131,0.028934561984532862,-0.9065522884490227,0.707858786259109,0.21368027970922765,-0.500651456589638,0.446436881793284,-0.8545560589029062,-0.4397851219704494,0.016809494291527644,-0.04307328261804333,0.6132798236885586,-0.009492526427536951,0.7717798567973302,-0.6112911058117698,0.3615297693555799,0.2922136112087763,-0.29849652898509527,0.9108956460183708,-0.5549107304995218,0.4979378472712188,0.6152415210289544,-0.4650872906141048,0.62657943163297,0.5237266697638312,0.2217176580084251,0.7617370261188541,-0.9378852289545823,-0.4571882687154943,-0.8205530613639396,-0.6620426878423905,0.5395870753312703,0.44143018445710386,-0.8054222275083124,0.47870595761011336,-0.7032566161407972,-0.0273208542743667,0.5913982404686066,-0.7040951617939761,-0.6525169945789814,0.2557350509606813,-0.16382189313290857,-0.8823791443044762,0.05003814967466208,1.014834588777354,0.9978712372582326,0.5789623898963177,0.5886037379382316,0.300858635909531,0.44693953845101364,-0.13968800556453836,-0.9341815891639285,0.09535969047946669,-0.4769460020086387,-0.7285967671390916,0.4124358348239688,-0.14873258841384973,0.02495169436151201,0.9784395386634694,0.9243832647120518
0.377783143579092,0.07795100110432429,-0.8964920118111853,0.05439529940080878,0.011037555830002627,0.17917417546645487,-0.3464712225578126,0.26652562024873294,-0.6375107074512159,-0.6141625634184573,-0.7959994712622398,-0.9746510790062761,0.6337854247257645,0.30700313610950647,-0.5442130331206798,-0.7692331920595934,0.22045457070930136,-0.7586407928491972,-0.4912872476533845,-0.8107007597550391,-0.02446756029953817,-1.0417345364364277,0.13495360126792066,0.35129821674828104,-0.7881708672365084,-0.18830838378389236,0.9495786769588155,-0.5176771170723917,0.8822729661571089,-0.5822412486005444,0.6727262986295508,-0.641441022853374,-0.6175851786693122,0.8554921719781344,0.1375411440423462,0.7468115207170314,0.1727179080639094,-0.17654575397105265,0.5517798328631072,0.7990412323285401,-0.48055962196864077,-0.17478513300524612,-0.3034200004489511,-0.8631282814569095,-0.4273768472538747,0.27248306324052973,-0.40474042400159527,0.8147054414473489,-0.475727770641607,-0.8462371420197063,-0.5708558120359639,-0.3124243525646484,0.04216175074725461,-0.19575261395877286,0.8373622481547183,0.27823547805013515,-0.7966533536526399,0.5732166684906899,0.30973384387620984,-0.997363411868629,-0.5193168181173167,0.8482374080720938,-0.5925649238160478,0.848227607615377
0.16065683134316933,0.7754568050846034,-0.659041323698451,-0.8101627613598059,0.3592310550424853,0.11719549191337936,0.27336459283331727,-0.11277349781049277,0.32540978470768545,0.9149511219394932,0.26633461059406205,-0.9238541838075285,-0.0817057569806805,-0.30548812658530533,0.08866994303484382,0.9370002218733005,0.9390250198931864,0.7583402648650612,-0.5340667780557232,-0.16346132031027882,-0.0568647283178183,0.26695197369006185,-0.02325376437410287,-0.5766383554192303,-0.7227365969360495,0.34532223801403084,-0.4903574226734213,0.7253819361493646,-0.2078495444626628,0.13248432297944182,-0.5288549530299158,0.09071534748481952,0.6800831916777421,-0.15896095788324738,0.8511742596104586,0.3011847353596665,1.0487430584699875,-0.44815469133544306,0.21219820574443227,-0.13005834841980873,-0.27958217043954586,-0.4171976760506482,0.754337541312885,0.16053883952697415,-0.46053577935166357,0.5236241194061124,0.6456879305850292,0.47227671404797866,-0.5460175869797259,-0.8880243171698896,0.3567039272497894,-0.7112907650378959,-0.14259558468321032,0.2189652997414968,0.2022628109517457,-0.8447619691814341,-0.8175573976132371,0.49724095676639746,0.9391786124545676,-0.35636526495283094,-0.566769574881332,-0.32479185369309116,0.7077952642340035,-0.0809103259940076
-0.2144737254426718,-0.21023108936126356,0.30415348336422926,-0.020737511840537515,1.0353249972553817,-0.9001633709604667,-0.3160703986140887,-0.5787009366243525,-0.4143239406384778,-0.5369740195894446,-0.6846846460837157,-1.0023021075898095,-0.08888932343521105,0.8412205026933333,0.3123899698144784,0.34745703837565967,0.1509535112773479,-0.8528782764779728,-0.3099975769312239,-0.08242179432522834,-0.23706609240678705,0.35514146545804404,0.15830061443740373,0.11041534513099416,-0.07383492862809482,-0.3742010788336445,-0.5408354051009563,-0.7978372940163552,0.20204519487896175,0.39637614100550167,0.056484611071840884,0.963486004568911,0.46295977207395667,-0.02720231636719464,-0.997109224467027,0.8186066012440723,-0.6113681919295453,-0.2056166608852591,-0.01503493933073008,-0.1867695732238317,0.011312585635167016,-0.3731512598059601,0.9252893154341866,0.6167129613183899,0.9871148205845128,-0.18908814661148243,0.07407416062523678,-0.09290863254228762,-0.10934708290532569,-0.49409842216857003,-0.3878091855704655,-0.8894811458360179,0.7181721126130347,0.8176736506282943,0.43421372386871004,0.742723521726911,-0.03667464143398494,-0.97125201397672,-0.45522665965590914,-0.43022999296808107,-0.7740385975816457,0.9351343135571519,-0.3409251811763976,-0.8067935814489949
0.6350521447430377,-0.4565124393454298,-0.6576273587205994,-0.23817077587061242,0.4497841798177793,0.6431727599509233,0.2755278218011229,0.8171708383312183,-0.5925766701305315,0.9391342069637911,0.7828292089552296,-0.12738111926178375,0.5568402751119512,0.5162680908567401,-0.20971002536023398,-0.42450167784893234,-0.7616034509836003,0.6486751737540556,0.6240140751408219,0.4957339654184698,0.506097705452675,-0.013950548392648338,-0.36562455832293017,-0.3677490340281009,0.6660128431240449,0.6518173563607578,0.7380052783934532,-0.8321218684126519,-0.8770706571705211,0.1551502328325216,-0.5739769932953528,0.0007257118923829214,-0.04124641124014308,0.13232575633153734,0.07541182938301372,0.4027183454638219,0.14982957322402446,-0.9821791908876051,-0.870121047043247,0.3561123431693882,-0.35916817994595807,-0.2124239403723404,0.6467079061107758,0.136030269415062,0.7146104770646708,-0.02321793893398151,0.33317721425048535,-0.37172249494330184,-1.044618901645553,0.620876640008903,0.8057317864807466,0.048264776647780866,0.9180706086137751,-0.15393094853255307,0.2820830334509714,-0.663385661595491,-0.7886821673155506,0.538727431060685,0.2319555997308881,0.8555399828569235,0.9497538360761234,-0.8744650583033818,0.013626802356710543,-0.6373359346891487
-0.9033311070273151,0.3330177071752249,-0.0334018436246073,0.9811414615798917,0.2654656746307775,-0.32544263316297395,-0.619139358273207,0.9610954149196397,0.8066934720494064,-0.6896543033873983,-0.4298924333327618,-0.0661114671688543,-0.21380860454381326,0.5637259798476115,-0.9992664792248157,0.11823158000923666,-0.3696565976381323,0.952509517943817,-0.23737103352145178,-0.6558401991032975,-0.13239937696949922,-0.2762441164872611,-1.0289971038783412,-0.4071150944704989,0.2337302874478082,0.14254892056337104,0.38064727875680093,-0.35904822728454344,0.2980724541617368,0.9141594704222835,-0.778077184036178,-0.2460420297735396,0.5064109358233791,0.5133031911479802,-0.20560506536406176,0.4711392444781991,0.43703876783531626,-0.7863019710126686,0.20579175200906902,-0.07851775707524067,-0.4394935201008623,0.013338499189821107,-1.0504076528114463,-0.7600120088451517,0.2680648205497597,0.04221797832583815,0.8174233902230715,-0.11701301821983079,-0.13265284511856845,-0.09999083016209537,-0.5504561318043957,-0.8270180304978476,-0.12773458292307227,-0.32853528446190583,-0.03185620948107215,-0.19262787376262325,-0.9699158825491057,0.3799000915727797,-0.15714315904771192,-0.8577985075103629,0.7667298481960876,0.625795835251792,0.06186793011289171,-0.5902192762567473
0.5783048821881174,-0.08733735378828408,-0.5904983095164309,0.7888169573262138,0.9051598097608261,0.362130427866582,0.009666785507986608,-1.0640776476435552,0.4083979471235598,1.0102763081994117,0.46229789584127334,-0.33954596042263097,-0.040642317704129294,-0.11416710521764939,0.5548337847914881,0.7971500227986559,0.6890081494512581,0.2511806711446781,-0.22109862980353473,0.6379755152062927,0.8120287463838127,-0.7041022730101747,-0.23265222295714022,0.7385821651315511,0.8146838734426034,0.3027746751264373,0.4786447281023253,0.9658705861004835,-1.0649334350979125,0.7966667350230643,0.4463046226238302,0.9278289352315623,0.22661062120344982,-0.5482826415809672,-0.7393680030600525,-0.8213575927541851,-0.8994474903333695,-0.05638402366117111,0.7738876925333531,0.13849410775584148,0.3128964961803229,-0.6881010684049149,0.9233830232477654,-0.6098913824045878,0.7826700006348946,0.6660212819089836,-0.971202852231845,0.5200525535923848,0.9089531642085782,-0.5512381764369769,-0.8321498244487138,0.585947252514267,-0.08060619183294113,0.6268499583468676,0.7051578208470102,0.49060796928912387,-0.6685207270168052,0.6367378221302071,-0.9578295742734613,-0.20771524648863232,1.0143523156677985,0.2831052178127873,1.0546244348528913,0.8101992807380987
0.9813780783013111,0.7218780810537087,-0.9484419822665855,0.2510008611555017,0.9132796341941432,0.9281029731690482,-0.6815708770994595,-0.8510874753126745,0.8124952455646138,0.8325215470875224,-0.079524873572743,-0.6443474456218004,-0.1089594627493927,-0.39148219224665465,0.17232301197141742,0.8533003000390138,-0.7923509031959285,0.29563995754129846,1.0187683972026484,-0.9819063164194641,-0.2710240615873918,-0.3688563053934995,0.6415678091379159,0.9060662141641656,0.14439002572774884,0.26047896625104805,0.9282082034366008,0.7021358496564116,-0.3136457055832318,-0.5630882742664272,-0.0047857893663838524,0.4575194592579229,-0.44956301421513933,-0.25608069523606325,0.1969664596102194,0.15430432266491775,0.258204085933635,-0.05278758764722241,0.5611837097390318,0.22555327878398632,0.44970016677966085,-0.14870867896489975,0.2615368541944487,0.8326078848103914,-0.5786092983476154,0.16701736331327055,0.7004482614551047,-0.4941217118286816,-0.3034044679328467,-0.23350989632856275,0.23837249897641044,-0.7751717125906155,0.5903465412919189,-0.006263283206771053,0.9662660146649402,-0.14928687067536814,0.33483297119392486,-0.28108298139438603,-0.9383621097063684,-0.7102204485391745,-0.6992218227092484,-0.9711659827775776,-0.6235476028345224,-0.18276266749826947
0.6359987681712536,0.7704797958046274,-0.49469492749936617,-0.7028976063033154,-0.18172390575333064,-0.5689528021347987,0.8735748856323705,-0.5819353493929489,0.44162246604071287,-0.9364776033873996,-0.39396989640226276,-0.28842684208201197,-0.41780267921880687,-0.1769475573658246,0.06073494909611646,0.7465938219895183,-0.28232926032845596,-0.3114018937885142,-0.6787982802798358,-0.24354154154305152,-0.30616112341498225,0.8632320959045874,0.2453486897302839,0.8054465878944241,0.05971460069291057,0.8035426656820034,-0.6492841020258491,0.3329172204850455,0.6934792416059634,0.6582312084520914,-0.20774229956008988,-0.15350841713479557,0.8578204775058416,0.06144881802759883,0.6331081085554742,0.2506371892641097,0.11426840000203353,0.07398414649477839,0.8613324644207266,0.6878853018922766,-0.8396851540616641,0.22748049257371772,0.7664208435300703,0.7814773901042489,-0.44982924003571245,-0.977447361995402,0.1737087791165599,-0.08260239061919927,-0.4869410715089324,0.45034256799026007,-0.7029199243517321,0.3146567992521284,0.011576084043725343,0.2752092694545804,0.9302448500474072,0.8964485035881489,-0.7774635641302252,0.06340208116949207,0.04975155940838438,0.09439690075770679,0.7880558541377292,-0.501992902016752,-0.4657658161230409,-0.262230562421114
0.5585151351441608,0.01510707151175894,0.28777587205979555,-0.5412282404195301,-0.7037638973748945,-0.6846185077018933,-0.9444257812397422,-0.5257509224545425,0.21852114343442638,-0.7191032359112368,0.5197985869669521,-0.9234147690513423,-0.7976700318852732,-0.9473027334472707,0.3118600733095058,0.7752968583747364,-0.34811271362242374,-0.4980588128165866,-0.34555740788341116,-0.461496806942306,0.3883825919634274,0.523884521969902,-0.15821350348604926,0.8557155081712917,0.4301842152669142,0.0875565882799878,0.8347553051278274,0.18941054958214765,-0.875059603478528,0.030611574087058946,-0.6950133526164273,-0.9953832778486861,-0.8499256797952144,-0.753154547397096,-0.5943499012017361,-0.44868067115427945,0.44349920391593267,0.7231205649366351,0.9686086115355481,0.9668650289464464,-0.4337265275548263,-0.680806884760814,0.524061283471623,0.9993471873474555,-0.00366834514811612,-0.11861667635997186,-0.9157224442353642,-0.9331597986840869,-0.6441349940710208,-0.021534802474054038,0.3333993276817988,-0.48401213625343337,-0.5731274778453017,0.2888583495367465,-0.18857939406361054,-0.9712727810287682,-0.04697241095595353,0.5284473385510036,0.3743805458966071,-0.026602205993932815,-0.5572325452061648,-0.187854398272611,0.14692947735873396,-0.9314516568207536
0.8456888612452578,-0.1852040674613733,-0.0005001285440069392,0.6781583741111212,-0.4997371840980547,-0.3341885151002486,0.7200911587664692,0.18047165974850232,0.5426923462907842,0.7245039546091618,0.025374569320130824,-0.1951019058804357,-0.23984357137060397,0.5743862130955032,-0.0623718306926242,-0.8422577079665541,0.2668892575715184,0.25217758261028766,0.0023932819473490574,0.5060773796407927,-0.981237560091664,0.8582641672176565,0.8157525817845139,0.2518165480296777,0.024074004431769547,0.4324881695304318,0.10388978074873934,0.33684439753337214,0.3506417009557112,0.6654941703526767,-0.909419838127834,-0.80607263443604,0.7594082660442105,-0.08015965094498112,-0.8541571528105918,-0.732969803440813,-0.5279580950348228,0.9879433665675135,-0.38525388980702324,-0.35923566321855255,0.5161286940318497,-0.1292007929369936,-0.9783455510935121,-1.0566206937581202,-0.04827821128394323,-0.618666216855031,0.9570627436344189,0.07738556056671331,1.09518151738898,0.3834307340716421,0.8668657731512459,-0.3202250081905791,-0.5603010000605841,-0.8206287519738523,-0.9885851404058066,-0.947146824520717,-0.7212966998937935,-0.65801221072327,0.1332181496055982,-0.6875382501038059,0.339018990310616,-1.019055923302243,-0.2107564206483883,-0.9411467150441784
-0.8738067826305207,-0.2421342917443183,-0.7173997383163205,1.070695122641542,0.0026438772032730817,0.5866699907633035,-0.9212910690904375,-0.019429644183084377,-0.03224259465788237,0.5907435897159559,-1.0382540959931252,-0.39839100817566364,0.6527000507371249,0.4319703591241577,-0.43017151896658323,-0.27971265253377897,0.059371818502490376,-0.5707977089862695,-0.40269508691016315,0.8052861221543877,-0.6900222634122308,0.5100497580803862,-0.6514011055466721,-0.925531308272277,-0.8340607703928278,-0.28524309581928553,-0.20448942093800457,0.14417014846193776,0.43357499634256125,0.8923938770781251,-0.22518969891383045,0.9973050850375216,-0.5715273666939631,-0.5191993448212417,-0.6073785643759259,0.8336747709123586,0.8494602806267086,0.445452182743285,0.2586139372653701,-0.812587987732988,-0.6786333217343399,-0.13317002343666595,-0.7503182700526909,0.8705276045534782,0.08066937650438548,-0.3893124755447172,-0.8413590197295728,-0.021417014195921708,0.38699086262511884,0.6285325436130362,0.45210608147179965,0.13256874662452306,-0.14036660768316112,-0.736646404962451,-0.9077889098499003,0.16300883055886484,0.12621358905268598,-0.3707183006367518,0.2281544208282047,0.3357892363971964,0.4624106819565459,-0.21613233300105095,0.27135451732870175,0.10613658021145142
-0.8359258886755093,-0.5734523972273255,0.6168936169420202,0.09681492639089626,0.08713118412093258,0.15299456618456397,-0.16688045814186814,0.294493188174937,0.4062683183849477,0.34658265803607535,-0.3375652604968486,0.6911383708240912,0.6910600893631458,-0.6113258020146035,-0.5149617838371359,0.3956763424389121,0.2578482590630831,-0.6131198147315245,-0.6894749761493955,-0.6039272150270325,-0.976059853604643,0.2567206058136382,-0.9835970197963639,0.3776243351871969,-0.8121384398576497,-0.41876231194072355,0.678000263973346,0.5427704542602202,0.16545855965395684,-0.9190546460763072,-0.4969569730493306,0.844219201752431,-0.6146905742135372,-0.8670422275367795,-0.3550752766045554,-0.5552156106293746,0.43341138516870625,-0.8125442359902787,-0.9597790911558608,0.16163067763298208,-0.6515491035450961,-0.6883956257934183,-0.4877026561371176,0.07790861035498592,0.4522552138340381,-0.2540814991450102,-0.7148793123894497,0.4108270903725144,-0.6728410464622403,0.17782050027003682,-0.7839829699616077,0.7047459258509197,-0.44748861023164,-0.5715341785528825,-0.3592961110775148,0.20932764957865857,0.8986226180176379,-0.06267928619559832,-0.08357608040186437,-0.8977206404343334,0.3706845515467123,-0.5794987762244616,0.4518819697810512,-0.07313262098202011
-0.36413537139198526,-0.6120735599779341,-0.9718463062789212,0.6108662098229973,-0.06811974290995537,0.14895497302337524,0.9505132659328956,-0.12336514952937455,0.7869397727238461,0.49619029358489386,0.4178905041637308,-0.40236993612232563,0.4436097592412902,0.5425874320924462,0.41362943104286365,0.34655587857007863,-0.7432148913581544,0.28615822226779475,-0.16046715499450404,0.7427710687707049,-0.88492452251173,-0.3837864222105458,-0.22358951766924373,-0.33833594497620734,0.875525915242683,0.2346750558502344,0.3459865961230371,-0.4704979456188303,0.6593129108352032,-0.2882216939609554,-0.33014717189702825,-0.5340996468830899,-0.15843891355227036,0.8530007396852255,0.850584115264867,0.5942701161548543,0.6130773559856912,0.1675024958980857,0.8728198064307895,0.8000143494424832,0.6452480198384032,-0.05467592775692098,0.38476468075194625,-0.6448305669538634,0.45796869821683517,-0.027213862133937505,0.45740160836146226,-0.7584428891080695,0.07426864041515469,0.7697560058371575,0.052859949380499316,-0.29300824783927953,-0.4277974175973376,-0.7880566114050471,-0.1245017554220276,-0.27989467798476764,-0.1077958281390412,-0.7912097233434653,-0.5295469264391296,-0.8146134443579411,-0.2536383001063762,0.8071911800709297,-0.7475420901595959,-0.007022706832469278
0.4440834845964555,-0.6986400998071904,0.09513052902489694,0.9444855341882601,-0.4908662218872606,0.8351827331399146,0.6991957328933378,0.8513726249827347,-0.7252775439143495,0.7831976599626804,-0.7063761028162352,0.9330469954541576,0.4853090429155764,-0.1855275657451907,-0.3252173123069948,-0.6733140653112863,-0.6086559634930538,0.9670264648247555,0.7382600631324819,-0.2525507072223099,-0.6074472341715447,0.9312380602205506,-0.01628797399409998,-0.06693285215087175,-0.4945926971625029,0.07067558770926205,0.6469118859540092,-0.27682640886417675,0.25931937901457464,0.8459903798762007,0.9982868673472354,-0.9943838607169886,0.4406428956230892,0.6162942248676755,0.9121937303144894,0.12506548102942716,0.9913712557640042,0.4443448629941994,0.7297444689678628,-0.4696253243247627,0.18186704205278903,-0.2191256534146154,0.09445073509286872,0.7559658832698644,0.10869936474199848,0.285460071315653,0.9831566013055786,0.48024946985485456,-0.8747455283632499,0.9285642637144556,0.8495078855998688,0.9524083883109622,-0.6257967959621438,-0.8682948741558101,-0.04221963667619333,-0.7899101773928755,-0.5753438988211907,0.9346668315501256,-0.26320694850836035,-0.7845255416042672,0.11523025946573684,0.9973370294144221,-0.755428217393534,0.40442404294288814
-0.22610156374488266,-0.5058954809545697,0.14218965211264223,-1.0032735153747623,-0.5942789672240785,-0.6237562856146008,-0.3240850106346589,0.07766877501740099,-0.2877565725069382,-0.28067198765430734,0.7882194789308883,0.11358806548506162,0.22456317760161737,-0.800273338935354,0.6578652251785253,0.06817633851518012,-0.921300792248771,-0.13611095479200097,-0.7671105737574595,0.8309323485118493,0.42504311079557583,-0.9623723647786546,0.7242641245269471,-0.7371984877527731,-0.6576706500828969,-0.9733033932069532,0.13422344180381457,-0.31045932333687626,0.40908383009409643,0.40802308138983157,-0.16084430004723774,-0.011942744621391999,-0.8023453750541549,0.39890761690720844,-0.447505776585821,0.6220624036511837,0.6392503798697409,0.5982118678709417,0.5415388051830954,0.6494047750038354,0.5834360943175874,0.6669178378401139,-0.491301407512593,0.6400160730097761,-0.7558429518243552,-0.4282088359410463,1.062327815136345,-0.2377848826465614,0.8181184707425992,-0.08056098577694201,-0.7523723716137114,-0.2868344057233754,0.8132331731930197,0.289232678496093,-0.39198645067971927,-0.857360274482622,-0.6428606398369568,0.8387593674619329,-0.50693910513116,-0.2637688790725983,1.098158832445237,0.3852954043447916,-0.8496431195997018,0.2599944942464514
-0.7907212447913861,0.08713685119944975,0.5148911734689635,-0.10264823220899943,0.5265858807975232,-0.4396598672199607,-0.5897684889565198,-0.18638928430113744,-0.09822407098198926,-0.6392787659043979,0.07503508468522277,-0.6850365581521769,-0.23516813967045413,-0.22927606622731145,-0.544105072914383,0.8917907319979383,-0.25399449823993847,0.12836321298250164,0.990067183402382,-0.058535048229695574,-0.8824961506816587,0.4263776928869467,0.4213057420318498,-0.7743689289803314,0.4580598863468104,0.7451499288481487,-0.13661291418542576,0.15036618986105021,-0.8067060471376726,0.050302371018868364,0.0011300483577013978,-0.46398016733332004,0.7524385291286724,0.43404474217530664,0.7520454056584012,0.10487240942561349,-0.25704071975895043,0.3719194390014524,-0.17697914442220264,0.2728282561539048,-0.13149502922135725,-0.8776065268544322,-0.021190015370582405,0.4580124338793983,-0.9692800240293231,-0.04074287544358732,-0.017266650415330334,0.21724589195061217,-0.0711300265338276,0.07781974873577566,-0.2101452905345047,-0.3418824329263773,-0.3109006527449871,0.03992530102826912,-0.1996524698562731,-0.49006913012950415,0.7556815238227741,0.016007655207648366,0.8341474901240953,-0.8681042912965409,-0.16315155047449825,0.031921517450721665,-0.03941165769678645,-0.9151415141767374
-0.23728672184199448,-0.7868873397167395,-0.2553815118522397,-0.9975346390335245,0.6766911082199226,-0.4888870897281268,0.4396410273077127,-0.48910426275734764,0.23606967935714485,0.63182560453464,0.1580607935236109,0.545659156218782,0.21574847449572432,0.8649328022569216,0.5756762304609996,0.615533051523705,-0.31364412117809537,-0.14965118469182415,0.11754676109132389,0.26042448819115616,1.0412752523281616,0.551014549621998,0.3393389051551299,0.8158240506791946,-0.22208778518375905,0.6012610152315735,0.823097148594319,0.19935501138349693,0.0687460900494119,0.41649973533484475,-0.6935523929405936,0.3178930817272687,-0.3009053088710828,-1.0175439009197753,0.07662799160886882,-0.49654087744593783,0.19663536530020642,0.08364015571959368,0.5245702627349433,0.1721267902846495,-0.18986403262544194,-0.5849655240417111,0.6644320697877935,0.5997500484347462,-0.19256117894160685,0.7728752963340169,-0.8076782108485745,0.9391961912666913,-0.2372494595022712,-0.7327188434574359,-0.3381581428715186,-0.9637389960173683,0.5845465318212439,-0.05671644360452325,-0.9545478617901997,0.2796998584324921,0.04408223858735298,0.6853967445769824,-0.4680818972900015,0.7017210271639709,-0.8802409702584479,-0.43097365804973586,0.6908951720071985,0.739224026250973
0.06401115477800817,-0.013191618519397652,0.9111046710755596,-0.8174642684666973,0.5892028120406019,0.6756709435245962,0.43761197885848196,-0.6323063652888445,-0.6568338216106947,0.574550440423214,0.6143669554824643,0.7087583162228099,-0.38792130403058667,-0.23557574927401648,-0.6999150441408675,-0.5019421564978804,-0.4158194742470749,-0.36668760539353223,-0.5288150802261924,0.7104462423508597,0.6996524171772673,0.5462357458147973,0.6764181129108138,0.9324898866433471,-0.4431725757541395,0.3886186852625051,0.2222474231222169,0.24273392643228406,0.0647624713878506,0.5360132213252602,-0.912642994978244,-0.49196992530072303,0.1015215043499691,0.8816713444416845,0.1534519804752716,-0.7454014319812552,-0.13158715808587798,-0.7636623931841895,-0.7099736858794305,-0.537347315431416,0.3201167803230469,0.8598544539137831,-0.2610864955384288,-0.681269913371982,-0.5191841154206741,-0.17897402079378888,-0.873083008104907,0.7840536677738574,0.6456278715506026,0.32266576856108387,-0.9627403072687644,-0.5714041276904251,0.6971090407426533,-0.5455671846630571,-0.18413068332835617,0.8422653946876244,-0.3581916414945845,0.6241671128552695,-0.19340073505690691,0.6293324772730435,0.1862212635714804,-0.4685313977701515,-0.08740296177811202,0.3545395440125718
0.8729804230525846,0.05063822244211203,0.9707758059961624,0.026849483710807615,-0.7157039457436956,0.011863916190716584,-0.09115235301723863,0.47714160663138067,-0.022379325708753228,0.3597340562011094,0.7213948275058863,0.6027041150245066,0.8243594456477548,0.7044916275048396,1.0024932853150896,0.9737039962461873,-0.08004478720549346,0.7357255043735409,-0.37331925132702337,-0.7064985007487337,-0.16164847800745735,-0.7805804500858496,1.0172487119702849,-0.5223459896667859,-0.8540828037226071,0.4372073610959444,-0.017633707323867265,0.0014143802018435903,-0.7517751449598662,-0.2570625552172403,0.7257168928153627,-0.19091676443781713,-0.7544745037639964,-0.7544099927820057,0.514770777574924,-0.22307215339291547,0.03322553703474235,-0.6172618774087555,0.5973091597726572,-0.3077764903435085,-0.9587676210315423,-0.08430336748011269,0.5900248475648007,0.2174965448125994,0.92938916796208,0.5105064966025575,-0.8303745481972726,-0.6802717374416596,-0.8644971083589765,0.3663929554433456,-0.5945592458184115,0.16435317617395503,-0.1576311713535458,0.7864106263185224,-0.6715708981843928,0.48870707788531664,0.5574032776985123,0.8397678475852204,-0.9414102177637178,0.8260372189020677,-0.867684828447739,0.04807641284421038,-0.5295831653993799,-0.959492041591703
0.6256390727886735,0.2854893442155335,0.5278305071625325,0.028489371274848893,0.12143978673057032,0.8543671225641299,0.9194599224050187,0.37110100511592325,-0.3213235907668271,-0.3623025349247893,0.9149154523254747,0.3394189261189986,0.5332649907738749,0.8817766075675117,-0.1556832055802773,0.5084118004086646,0.20170882549791647,0.39425991353326206,-0.7641862701501835,-0.5169831582131477,0.23576473986404967,0.41334645708071904,0.7396254335730491,-0.12439902766072075,-0.9574308798162866,0.3106568145851427,0.02612421830931977,0.8031407462649793,0.20394807681998944,-0.18249105745963595,-0.7752595286426465,-0.1673620369462071,0.40288925000197995,0.5130827052655174,-0.8180618392212384,-0.4311409615875126,-0.8282023681848227,-0.34915072987615203,0.22140570812478594,0.026008371257605196,-0.9195095525490637,0.9071255674337544,0.39096616040711063,-0.319410204317238,-0.1934501387279684,-0.2790438504864292,-0.4832242679106644,0.45857659156679564,0.9909760820986662,-0.8594543542266875,1.037915130319415,-0.7797908012191421,-0.6249569926317753,0.5911296629850478,-0.2915598587016617,0.9662038562785027,-0.7906976135596615,-0.5821644809299797,-0.43320048703516023,-0.20685170113940976,-0.5606806016419186,0.3845189062174039,0.8948173329506321,-0.3141510755215917
-0.7858876322859402,-0.7201057659740251,0.9022950399929689,-0.7924395241433059,0.7572667288186092,0.998864803861587,0.49346969041189814,-0.44905536719617484,0.028266292076579935,0.8255784890275202,-0.10963282479926861,-0.1335762957576605,0.43860417091818593,0.466297588354206,0.013651516439287192,-0.13708977386565135,-0.013612922577662667,0.15791862043186558,0.21507775258543804,0.3789521787613803,0.742632377884199,0.29623767139016177,-0.48047497611609513,-0.93773478901181,0.38374446630093373,-0.5989904536536728,0.8545132573956743,-0.37939832759669034,0.5133044581055797,0.09720912371327307,-0.8610330802073602,0.39429436192250034,0.1682276524089843,0.6259706432992225,-0.8473472373867812,0.06841259572939926,0.006132689926609605,0.9754720698152,-0.7717173167100071,0.15952039752122688,-0.15568648026949394,-0.3371808656114552,0.2637934831719724,0.399406355552004,-0.05877944645658961,0.14019450963812807,0.5429217568201653,0.21572378620385965,-0.0918365671918369,0.6151215548999496,0.2651616463207312,0.41399034918083344,-0.12827948149891671,0.11835724135297566,-0.8298541311988203,-1.014418660139822,-0.4369816420154182,-0.7646447980454113,-0.9036940917029086,0.37526846697816907,-0.2669765224298044,0.4198131202899731,0.462993784442319,-0.8896750960364311
0.6907435297429105,0.5700786679440262,-0.7582673866932559,0.2992718205061251,0.6715979123294542,-0.44552659295094377,-0.9352870406623757,0.8744190770975644,-0.3928706625703159,0.926984964928548,-0.6693568292419194,0.3458802030205621,-0.008422077454721233,0.7028036203172003,-0.32647677909301254,0.12172896159416577,0.41796771830809765,-0.8944167558775411,0.6876619638434778,0.437541665158413,0.12163747365805655,-0.024949369079039718,-0.287588864825827,-0.883100325688337,0.9637493984794621,0.6365659031522966,0.9893287963910182,-0.14959595343268287,0.6352601711214652,-0.9134972455073957,0.8313107342443775,0.12200584032990425,-0.5403377995527363,0.031505024471435716,-0.9412642442011986,-0.32072877873233585,-0.920476278672695,0.15950281595521676,-0.6593712184582249,0.33008335066046957,0.7750775839963795,-0.43889172715844893,0.8053728250820311,0.4270055664321477,0.9863839434612225,0.192276217928104,-0.8584387361454178,0.6573764332262849,0.9043431721233751,-1.0136568555261534,0.5589542914262926,-0.2771453113622982,-0.812357521770958,0.4170655543527717,0.5304799402495873,0.8855465889708112,-0.6287881790570163,-0.2694570612109527,-0.8402821891109578,-0.32778787284632527,0.5381528908189358,0.4835622604641783,-0.1321523815256489,0.9790271643157189
-0.4820732725469554,-0.6445323946686181,-0.7017807953116988,0.27203326462313265,0.6374929989348981,0.41941020618667846,0.911067856359856,0.17357415892065453,-0.720809298556709,0.26252942152398107,-0.4036440000896315,-0.20219584312415032,-0.9511820792203375,0.47481494165385985,0.10960408093626017,0.3800881397914277,0.7898449454873664,-0.9331099395414941,-0.2607295144619559,0.24330202740987533,0.4020986928750756,0.8115287934619049,-0.23327958179551858,0.604558542313931,-0.36119903522216457,0.13318799587308583,0.834909445631411,-0.4879155363527927,-0.5361238491487725,0.41527379518815777,0.9309665894261075,0.5065483522971916,-0.7953628681548015,-0.05956899462424595,0.05009044592062471,0.7060032713799191,1.0334739404500004,-1.0261136128376942,0.5166350442949584,-0.7204826462613101,-0.22114775919179697,-0.2215906081047887,0.7061099387008805,-0.8821696689957212,-0.6421104719936827,0.5174864693729171,1.0297273982568182,-0.39815191841420483,0.6855712804495901,-0.35781076091691033,-0.1952753842114397,-0.8646755032415592,0.2963622896404008,-0.8087294610870512,0.7378096365801253,-0.8030762883579734,-0.009573047221475117,0.017244581693426575,0.984224068376109,-1.0237060542307874,0.7199078823653687,0.1531568103342773,0.12549816218941556,0.9071498874251009
0.5937170674962737,0.030652969591018556,-0.4017377022700497,-0.2138741988746493,0.5370046943943261,-0.3512598685725743,-0.16634996368627286,0.6403195998187452,0.856176813108999,-0.9171414321359201,-0.48484339408349636,-0.6415160874155847,0.7821313566940831,-0.1942332692078022,0.9923408009571004,0.9814014769194954,0.04120760807049986,-0.3334134438006624,0.07514734866301079,-0.7713253788849905,0.5907991020104919,-0.18620675221998423,-0.10165073540740521,0.30918713205466886,0.05458552467265851,-0.558841854466128,0.6274909207383104,0.47365189888166964,0.8271290319730007,0.3348723447231475,0.46395222599183544,-0.8987852114635959,-0.7340561516116958,0.9202008046773917,0.900508323988487,-0.16625764297290724,0.899558616683316,0.47990170860961207,-1.0665782496243301,0.7113864784015865,0.44744388220649567,0.766365015550809,0.32213133224378465,-0.5336989998532444,0.9364918576160102,0.8081360949780143,-0.6786457754553978,0.7405832462173472,-0.920526010514353,0.4080122540080899,0.1413063886727266,-0.7105731045024228,-5.277499186441548e-05,-0.5955368787242266,0.9556451239550868,-0.48524527138980167,-0.2872999745050141,-0.9789580491131198,0.46316740696850056,-0.8004039778212267,0.11923859475808371,-0.8788922534537056,-0.3330050945813008,0.6079985307200462
0.17201293935518386,-0.912692210160696,0.2476472082323089,0.5201924556994616,0.22646499564045075,0.24520006820869233,0.9896406261082269,0.40843236103777114,0.05338040500652601,0.28763089196566693,-0.18375941079202507,0.559868609162033,-0.5726197629958321,0.3404929917482702,0.6402998848121888,-0.08936064663005094,-0.3825991108067137,0.489215581324102,0.8681725708212045,-0.13019979054724629,-0.9495256030558693,0.3327460820028303,-0.6696671006117528,0.6237549183005728,-0.5334258663650848,-0.8221692377006957,-0.3675893023732456,-0.785714491212587,-0.05662849108687751,0.6716168852821192,0.04178835283831141,0.6667508828835749,-0.26785162338181645,0.672888476172506,0.3408553510270575,-0.8020689873626894,-0.9418699864395237,0.06045071014350123,-0.29210557288606376,0.9545910976935381,-0.709681324057087,0.6596829504484973,-0.8730125011960368,0.9291378306912659,0.13169462457722478,-0.6200868956766394,-0.647135944491527,0.23099143074150028,0.1331701006227361,-0.5286441590445738,-0.9240362519995156,-0.5594154156748722,0.2313617622796743,0.7184247689297456,-0.21201609352413509,-0.5751167474459431,0.5391202921581235,0.13431367198992333,-0.2715051410621414,-0.2570119957464274,-0.20703406244065237,-0.21091696131928914,-0.7463158710485961,0.4690579298512516
0.3843319278310511,-0.6747182177650063,0.3086082037489024,-0.21670179775556325,1.0594323199590863,0.3975404666232207,-0.7462559648133826,0.5563392228180178,-0.6000936162195877,0.4931509253454116,0.5247295624215349,-0.8951408923463066,0.12927226086594668,-0.7765439123469469,0.17738650599960204,0.9594528087808565,-0.9745169468409957,-0.47068803196849995,0.042706101530060867,0.19648324660663252,-0.520048966188267,-0.7627348500845996,0.09889776331832645,-0.23325935658769326,-0.9268645962828914,-0.37998325612020684,0.2529022031520931,0.7453637909723013,0.42548659646839293,-0.7264017447220223,0.6567314211081468,-0.26363010102223905,0.6504656532904471,-0.8768864429762588,0.0002737451368103605,0.37767681673718495,0.9211727733716581,-0.23687797553450451,0.04352219660766771,0.32356435000918266,0.5402626194045259,0.842259450314008,0.23412036617728127,0.9708493671905134,-0.6330157258576391,0.4450858939224587,0.5591749967066287,0.3122160722798131,0.5686584924818432,-0.6292675246971905,0.866689741066782,0.21604459948646917,-0.9826219274181776,-0.860241027398747,-0.9767045427868568,-0.9441057076482456,0.8607152972051733,0.3987107095208235,-0.15547574394557073,0.3345015537843956,-0.5336581923723558,-0.4715678407094972,0.7444776670357894,0.21107109739972296
-0.46220186217233905,-0.7313819237084991,-0.7943594671441468,-0.8308696576983151,-0.8323852265918432,0.8075460085867379,-0.17006185755737097,-0.6363318800746154,0.545269334146111,-0.5034770121369472,0.9262555879193839,0.8662592376779651,-0.39077599090792875,-0.8469419862566334,-0.17572676340873672,0.905842587021757,0.2716112651646082,-0.24248702946229583,0.3951737959518502,0.8238905926284716,-0.7401219552700233,0.06337623129575873,0.2975473777184754,0.09130964880080301,0.038195579343823005,0.7121996628678164,0.9998815184936238,0.10673168383674159,0.31026097865588476,-0.2513526483555393,0.4941175320972355,-0.8477875077902727,0.9274093262395381,-0.0011463446339332606,0.17698544094583915,0.27693367517664513,0.44334494234765387,-0.4276143098292499,0.005492437293602048,-0.5331731523571404,0.9467510192047028,0.42484797741112135,0.02958183234288833,0.017999165900599134,0.8939568792483843,-0.5332618623601235,-0.5252524284809279,0.45687542509430634,0.3549777325715615,-0.39419318106912604,-0.4481844528313881,0.6623720034645229,0.45735960030379413,0.331744588481345,0.9754080087595622,0.653087197381909,-0.8828080916593612,0.6831356388055032,-0.3762545508028813,-0.11093243182712705,-0.9148583350847364,0.9543913733294169,0.144940072065617,-0.32283991317564276
-0.21899134003222498,0.20553240425946134,-0.4830144986755607,0.7880080249291801,0.6821136489713642,-0.9911179794846103,-1.1417167816093243,0.2977271270336832,-0.6263183765248557,-0.7408730961914145,-0.8149170654254363,0.9138374058364127,0.5197139590053022,-0.31393054912310636,0.2163876832480578,-0.6544610295259903,0.8010679978109374,-0.9579186204043111,-0.057604999659037565,0.7798431325095893,-0.2732798873852012,-0.5297528009809624,0.7210601960031345,0.7697832735677576,0.026845156879599763,0.8453040327524957,0.8739339617899362,0.7498534342709747,0.506434742839307,-0.6082861552690275,-0.1170606180552245,0.39523105716819074,-0.6958396143538741,0.06782923730417334,-0.6679430147368639,0.5204775789080671,-0.6131263463142802,-0.5823075168700915,-0.9629204980952308,-0.7130361485113188,-0.4310751864344738,-0.29648948597564095,0.7808738397195619,0.29720352467317257,-0.20397014718350293,-1.0497883448750125,0.39814378374780945,-0.014503478480518806,0.25525853414330435,0.5085689246324583,0.6670821114036134,-0.41848618869424703,-0.5229789197957573,0.4391546045768924,0.7972881591514933,-0.11278621602953787,0.8464549500897733,-0.23229305357396735,0.2526892553240374,0.4907351333890637,0.8782655567007184,0.5446892087043149,-0.24997675857984708,-0.9183612786853912
0.7393645154246348,0.8731498998427625,0.1480512465257049,0.01590032864630686,0.959828540302084,0.9226546886350782,-0.6497439203849475,-0.18859076408318642,0.5350657130118212,-0.141974579122857,0.09421284726667581,0.2935444164403973,0.3463353434365706,-0.5388833096084888,0.11158784801836383,0.6297664159580051,1.039851997371252,0.9230659761074007,-0.06285011433676192,0.15825307217993506,-0.5007094192616651,0.25887261676976325,0.45389092218212745,0.11675465263695595,0.22192132178699292,-0.9094918849020202,-0.03667425686322412,-0.4521450642927263,0.28843428232180657,0.9057496618879228,-0.04810171502727001,-0.560051379225925,-0.5538002738283345,0.8262293244257277,0.6744492225215748,0.8249259218106756,-0.9023165744688502,0.7461187083095959,-0.09753415019890947,-0.5996226445162544,0.014999875338691737,-0.3038752533782685,-0.8806978657303458,0.147875302750331,-0.5164389639344115,0.5974329640460639,0.507123457769479,0.8859447075294509,0.7580231373618331,-0.31715697698409206,0.32962052966502653,0.37826533903761134,-0.5509963212281794,0.8381616366062116,0.4914897924282446,-0.7684336130256056,0.5541648073007714,0.6515669938485806,-0.8372983945104306,0.48587619006805416,-0.681773008192454,-0.650559957883622,-0.5314772149868381,-0.6360481089917596
-0.4975679658306172,0.7164564659189511,-0.9464457887267226,-0.019289222999227154,-0.8320160396743466,0.8871377232929236,0.23692643008040112,0.07497712251075517,-0.9319444029788688,-0.992326800556466,-0.3775737438972767,-0.3778811414995265,0.9567699195288804,-0.9080995515779091,-0.5644041031038189,0.8763708286601652,0.8479572133128217,0.4817280114264133,-0.06172534366050514,0.9712750753811266,-0.1854318627197426,0.9132187386361452,-0.13110008408670298,0.7511758363842458,0.5366939286687455,0.28779732898898125,0.9828262155427876,1.007837539734393,-0.5803078389785259,1.052447649448641,-0.5125606398012708,-0.06602668667231348,-0.456955806163556,-0.8922659681456095,0.17419427484671213,-0.27821287061638134,0.028846054508945285,0.8567333932121245,0.47115502540460485,0.7398920100273751,-0.4761846201166362,0.5141273912687522,-0.5776984461164706,0.2023719236510364,0.15652830194768313,0.7319895496207391,0.23596068405260703,-0.7246709336480209,-0.08514088506259634,-0.9104640914230995,-0.42376091366936386,0.822951341835193,-0.997197648469613,1.0504924250826044,0.5051373007872861,0.6422966411042453,-0.5249728579528347,0.23741719899767222,0.8797936055345728,-0.8633673499085275,-0.33079490896860825,0.10318864379969221,0.21031288935944167,-0.10324828474573211
-0.6164597163849891,0.6318674275297524,0.27703695215934143,0.6882422402864237,-0.6983630011088583,-0.8370149308202601,0.6390640357181349,-0.35035700514699003,-0.4304638645920406,0.6132966585064927,0.661651147274777,0.5290432207902016,-0.016701519477515525,0.33095192835332976,-0.8338085127780899,0.8159304112664894,-0.4754855774773635,-0.5480078960701247,0.8635210116330451,-0.28551286495613126,0.4090315420252437,0.6489015969515625,-0.37096002460494604,-0.2821656231043024,0.3016054426987549,0.3582860871223134,-0.42386846700690595,0.3809983331730996,-0.020002796121766253,-0.2580964275017905,0.41158480346971626,-0.6508157153865477,-0.9160426246323168,-0.03774615496627742,0.3074559231283378,-0.6056094443527473,1.049119657930023,-0.4225453375062415,0.8003430485960489,0.85600538974637,0.298783401970131,-0.5193057824382734,0.1686052707914396,0.5740349087232743,0.6807759503560036,0.20968921443726507,-0.8536713053768588,-0.49283631811198225,-0.7561392864563281,0.8206656586617589,1.0706009117367596,0.7525403662761417,-0.8762175471424514,0.4583227119759303,0.3949489226697739,-0.7801330648669088,0.3527747779161432,0.25795666873139744,-0.3262511321756316,-0.8187353057760292,-0.6126833123673829,0.5587932932358901,0.5286666946024599,0.25196680242239267
-0.5708567726013445,0.19613623542401326,0.3122301124807818,-0.7827938616615822,-0.1944461895805914,-0.932724373569247,-0.056085849004819374,-0.0318611674559528,-0.4506138816885077,0.22863294848138543,0.6022828536468656,0.772439813976256,-0.7561267556275892,0.32388212617689516,0.9297353223471213,-0.18925728016353327,0.32218199360566135,-0.6760329026518539,0.016599503425435813,0.6462404942167106,-0.5675321173593398,0.28122047377209536,-0.4697693432300668,0.8244194705967507,-0.14004789572049314,0.4111789400128436,0.8442511530026715,-0.4488703177206059,0.9008593812260368,0.15818051602774935,-0.04574773266062038,0.49676584187473916,-0.962391761897291,-0.5984187859640543,-0.30762771982763737,-0.4416485742049418,0.2775868663092933,-0.8029041275864273,0.6808799358231956,-0.6342190232287254,0.6451081826460389,0.8339065872110958,0.36053054414610175,0.11115273892667568,0.17015153003433414,-0.4104546774276422,0.29268190440360176,-0.3353652728001466,0.244322022101789,0.3956191994537157,-0.8811245909583088,-0.8612273230886939,-0.5319868824495526,-0.10173826209600148,-0.35118379928389487,0.3602115006641035,0.28540165741140333,0.26569032498898987,0.10783493150911538,-0.11289772741513199,-0.7281927678297743,0.6993294260572314,0.8811305413093817,-0.19088715441686976
-0.24300321695208132,-0.22065324315884186,0.45536859495151816,0.7611613629888205,0.520772067341972,0.18241350153941993,-0.9948713181982557,0.9765924733637893,-0.5200550834982332,-0.3617034828709078,0.8221215593667561,0.8145830222477586,0.30852945341743965,0.44093489291005067,-0.21127915911030581,-0.7233144525408072,-0.9198843191780666,-0.10445138392149825,-0.4688392243692814,-0.6025821107143847,0.38509769324188653,0.8489955771641079,-0.5357989476357937,-0.6029752573746234,0.5320740621361297,-0.3093843570131366,0.396725717459832,0.9176731318382069,0.5873475100458903,0.03042313994840251,-0.6474407306548356,-0.5769289838125519,-0.6190192596951154,-0.08845393290520327,-0.5434281787985822,-0.8073228134719568,-0.5443332751204986,-0.006257700751571782,0.6336868442127088,-0.370003554102874,-0.19120002708169948,-0.38729401142481695,-0.3447943018956461,1.0599734539693826,0.42376618446109005,0.7580452385645626,0.8394626339186417,0.09367566977364539,-0.6900274850996062,-0.8829258555532367,-1.0153596269894385,0.41506823539871635,-0.5617212262295633,-0.6470367254847312,-0.47303664358400477,0.7528714288962395,-0.6896275169879185,0.7305896311415772,-0.5888283804350741,-0.41690134715853966,-0.893174220594066,0.2806946851971426,-0.9060360189459339,-0.34740031610332656
