-0.35759040519551544,0.3022460181532627,0.7368042139063447,0.13582057510397005,0.48185912722430824,-0.7304803812120859,0.7029777450737897,0.5412953108077971,-0.025917393929864918,0.294327540227594,-0.884287909628813,0.6317161126372559,-0.016837374711853814,0.022011214014655348,0.6077168183242487,-0.02651203726007867,0.8294508903648723,0.6528746872049127,0.0334528080087812,0.5647574287653614,0.6800662166804781,0.28499643266277325,-0.9879899349052085,0.5018836751562887,-0.5295937095689218,-0.029883220183562154,0.1919333846541662,0.521420357150898,-0.13551295457888704,-0.687567427105479,-0.7963628652562724,-0.08287454269917505,-0.45886378546925705,0.3384537031639636,0.43394729349803596,0.9269987005259825,0.4477720105524269,-0.7928644354195166,0.6443474376903577,-0.5472782684634784,-0.5362777677809922,0.37159739205641396,-0.9284654516520316,0.3648674811335979,0.03845738491607839,1.0214782531117972,0.11496676676473398,0.491881106279424,-0.4402431985675901,0.1982965546839923,-0.017624139304971642,-0.790707051159196,-0.9582827261149511,0.41043370304740967,0.6712310524455259,-0.8095874967863095,-0.40054830977470723,-0.9728616578787288,-0.8713557162932457,0.04254155820217076,-0.5681032766561802,-0.6965481804965172,-0.6620230760621066,0.19490269311839228
-0.4877900066213392,-0.647453493169482,-0.29155390321549035,0.8412033920028601,-0.8872298213713408,0.8218056569027367,0.879731417434364,0.5402873782437596,0.2819527206444892,0.7218730824801769,0.956777165847293,-0.33752034099327316,-0.8536193236260801,-0.9203755797195499,-0.41596551203812415,0.8095253409494717,0.3768368020585068,0.2846975843506292,0.22077368537478825,-0.7611724046159651,0.3237392521363722,0.6299290499787029,0.5102080976227135,0.29530280905202433,0.2838587838132591,0.4095413843445368,-0.15015124634707183,0.9427084093031697,0.5127228485625379,-0.8974648368363385,-1.04630815358619,-0.14810520796730753,0.8395200544869013,0.24748485981833523,0.4911515177113914,0.8997974187765234,-0.6503252193793314,0.7325193938246877,0.895742655352771,0.2438945708469754,-0.33120355314488725,-0.21443318345174073,0.18437235338151337,0.8636072241171175,-0.08473974706950929,-0.41275340195037946,0.5473177837384448,0.3477567243185744,-0.8157633412126959,-0.9854339326766474,-0.21378426924260086,-0.5501471470185184,-0.6309600837975484,-0.10548142820146489,-0.9128124374824312,-0.22884515202476186,-0.42673993915153124,0.27077376623299143,-0.4314625430952117,0.13890369458623814,0.8825009087629365,-0.43111924989599204,0.5643242420251451,-0.37552372568438974
0.7838659874276734,-0.279412110319313,-0.7770676935470779,-0.25364183408785257,0.925184196072558,-0.9030982664252217,-0.7793531795816715,-0.6901249960437752,0.6653301162706455,-0.9798162600374289,0.058451041418590366,0.4664844399806367,-0.1538299707069697,0.19665437726861462,-0.23755521975720365,0.5271276728812604,0.5870545146554307,0.7378720671872541,-0.7629890439245959,-0.3715118063706444,0.8718005154118085,0.055291520894603874,-0.6372016658507016,-0.6865932930887215,-0.7009777123210001,-0.8524940029207165,-0.058644678969967994,-0.998990940685017,0.3544128765412178,-0.26772013462330246,0.7420082804844292,-0.5659158864631324,0.48372263156333006,0.05031143599069052,0.5603524668776447,0.08238247608262181,0.6254558401775847,0.8303369630141423,0.18812465791109173,0.17535000131181122,-0.04506551313967588,0.07795425927046495,0.45825159722266884,0.5751638162052191,0.05196038426253202,0.02363692148316418,0.4658432435715443,-0.9862196367841207,0.758592759808227,-0.8343141697250831,-0.8980393645353635,-0.41313846536318577,0.9455960112396449,-0.34552450293514947,0.3015513362990232,-0.3827423086429673,0.7400739556828506,-0.2386695244393413,-1.0247163163965758,0.6218967052902364,-0.8231018253833908,0.8817292604289708,0.6416279773584508,0.5254654878737586
0.9689616099812419,0.6421739124779007,-0.9266449514511381,-0.947544338193022,0.042385967238669914,-0.15633129466674767,-1.022245684324634,-0.5352713633385563,-0.9755338179505791,0.9730135559807398,-0.3913501221477542,-0.6272560128863653,0.44384743043669134,-0.36299697374504225,-0.21059073945878715,0.6660398594155205,0.1070408953628772,-0.3970640680221196,0.3186345078761723,-0.29605557116821446,-0.7441585512332798,-0.2507999449921149,0.19921519068555704,0.4109221990299813,0.9633080402598597,-0.35341328449292064,-0.08796419014074974,0.8620391344319993,0.9290200075912434,-0.9004425956088113,0.35348582221033675,0.8385799110759209,0.6871655204985144,-0.11626451388151127,0.5079838496774984,-0.43292512789448234,-0.5014427559651091,0.1603175927000433,0.31899918687970175,-0.8717905982710721,-0.3489048350103985,-0.8511109905584608,0.19349137548200024,-0.5195284523342893,0.45553079430254484,0.34774631330451644,1.0257738528626936,-0.1453572756991104,-0.7512174405883467,1.0266129359598404,-0.6201335481780772,0.013683139068144667,-0.26888073288487235,0.8152456732069876,0.5300549358927685,-0.33324347902558876,0.2561489530255858,0.8765034375701832,-0.3600880300906781,-0.95348255514169,0.14929103506451272,-0.6806637064152471,-0.6172660350923946,-0.8292113414450683
-0.8189314438355435,-0.14930433841605306,0.19949912451278848,0.2094180945299003,0.4497355416528702,-0.5392747064431513,0.3177224528877749,0.5002204761609117,0.4057416361550321,-0.5581368338185293,-0.14620506921740573,-0.4239719668737565,0.8992820315981991,-0.9443397171222665,-0.4764176240676684,0.025750835686045193,0.9651187923912938,0.6812150524276064,0.05602599593864399,0.15073314392114767,-0.5304715411448879,-0.333684967166584,0.3401679805833524,0.4707774074384887,0.5571494858854033,-0.51276232029333,-0.1494916368665551,-0.19316149098317004,-0.46205264491818804,-0.07921918492035548,0.6746253789532974,0.4425965430927954,0.4968655304145182,-0.029562223579473135,-0.625015378551431,-0.9422734777205897,-0.4682099706907956,-0.9766658269548857,0.8928906600735346,-0.3980312862821138,0.41125534430718247,-0.5913930587309681,0.31401380626318165,0.6766665249002214,0.5382577071427723,-0.7839340381037212,0.12067826175490115,-0.08247093141196249,0.8020330100308612,-0.22725468497154422,0.5224912104881461,-0.8878143078169972,-0.39967309331111833,0.04566723859700991,0.5946886412916874,-0.9828625141311709,0.2225926622954488,-0.6695832145834573,-0.48910046327256307,0.6029742033148062,0.2972131930980586,0.5340274154369258,-0.4951214377287072,0.6095314262114344
-0.1083995186886241,-0.5220197707882761,-0.5185947873830883,0.45380663812572486,-0.9896151123553172,-0.3564909500524842,0.645896685477922,0.1716738671005647,-0.6133184231359553,0.2824410008798254,-0.12200612699427019,-0.5464887187214655,0.6009014742769236,0.9437855838018083,0.45009580683723227,-0.7142794746048522,0.012470653652255859,-0.4522720849138335,0.3359139270715399,-0.5354186274726971,0.6710314317531847,-0.06311241471898216,-0.8253363656752619,-0.10161654844463452,0.4354589991552538,0.8504364451354688,0.4173417332515177,0.35062378142962003,-0.7634890413384241,0.8320953800931019,-0.9386980303873453,0.2251589185467744,-0.9834954117562369,-0.45813679271037777,0.5570464009209775,0.2872962997733547,-0.8164696813510319,-0.331670238937804,-0.4984862240706833,-0.66185856796524,-0.7724963506382729,-0.7209349178232203,-0.42383962812581166,-0.8439654614145693,0.5435164488482587,0.5024567535229569,0.021730461557389377,-0.7179884629853568,-0.9748594802233101,0.5713016860874549,-0.6281335376429149,-0.3411627930129615,0.7387606678558598,0.37421996654763745,-0.2795822565637871,0.4947218823241021,-0.38824005475180157,-0.9608575928777583,0.860217887095923,0.6942685824803551,-0.27550703543223,-0.6524203155757751,0.05474412200550702,-0.761016052620895
-0.6242501414210158,0.386287654073715,0.952658242957581,-1.0392355354070393,0.4208354996251569,-0.05297913519966735,-0.6241315686433309,-0.8043526314417,-0.7862150519436286,0.31928791311763116,-0.5870226288204552,-0.9416051514164143,0.14042000693789625,0.8702772326801087,-0.8091898620682225,-0.43597061148543825,0.5491035730351941,-0.11827825987201868,-0.3872618763197029,-0.6730138145686013,-0.722963562692071,0.12189534964742073,-0.9169515727980306,-0.8546864470438923,-0.11143731248566797,0.404798997434926,1.0003062496780297,-0.29815048539537825,0.07944104691381346,-0.10395414372128031,-0.8018352512489377,-0.1266160393653637,-0.19158962387266942,0.7201246557945553,0.5789748254172611,-0.5046259728508897,0.3602872830731476,-1.0680851352888379,0.34210342353336604,-0.348785586203906,-0.8706673554979238,0.1764640657479899,0.05206738743443906,0.956239733616433,-0.4612192645158333,-0.34370967539159203,-0.9898628155586955,-0.37367122554693655,0.5310649546405369,-0.8351116475436267,0.27858457828884164,-0.5480972006589019,-0.5556287012171073,-0.4411779067814863,0.6960419264200641,-0.7188635952304366,-0.7404302700231664,-1.0518454540095472,0.3749004230064512,0.8706978918554968,0.0009558788293395903,0.04139078293307556,0.758917532458212,0.8671489203582865
-0.7739760391593096,-0.49923881813017645,0.15483337793441954,-0.7817080798760716,0.7207966563949961,0.9320095688670036,-0.8736260492931144,0.6109776517072456,0.3588516572816154,0.06228285829548505,-0.538987650615528,0.2533379410490582,-0.9867839986141704,-0.4510047322689781,-0.021769537023980184,-0.27923984286171577,-0.32576384891565735,-0.3625094165007954,-0.0234024777902129,0.9998925041450484,0.3694848228807175,-0.3063852867457891,-0.5474949101740239,-0.8695224814759628,0.37009742022321357,0.32215758852410414,-0.18553675013075566,0.2896831616429345,0.993926007559147,-0.9967250513461774,-0.6834899428471899,-0.33199328475111556,0.5271022011677197,-0.7110713341612517,-0.5577680301761374,-0.6054383778104244,-0.7140318820912364,0.6582084850791021,-0.49089987725586814,-0.39748568300160414,-0.8822045262037768,0.543809879931741,-0.4185873043485018,0.5649832432999231,0.15535378606179137,0.04935189550255514,0.14358087254361207,-0.9369451788630656,0.22304801735277408,-0.5631626682816198,-0.5547137242861371,-0.4059461894299441,0.4354473351492647,0.9824637150246833,0.9520761888243638,0.39984789890162786,-0.09628708261773133,0.07193381035375673,0.18776661413902734,-0.7697385344445036,-0.9905821683067124,0.5079749019407583,-0.2938155004038076,0.8822515959230599
0.9789775845107351,0.5769380452453619,-0.5688774329936426,0.2768435868075625,0.6440532487288548,-0.4627125038109625,-0.3717605634410055,-0.23740913733246294,0.618240475660029,-0.32195345244152823,-0.5125760263989299,0.6820622196350818,-0.7827209582227277,0.3781049034295305,-0.8281907204711783,-0.4653959202847546,0.6702012968426259,-0.09811781520002202,-0.8576537048546493,-0.5133807662268012,0.3799320779687265,0.1488146479000253,-0.3552663400584186,0.2314389205827021,-0.7469122033979603,-0.8375644321617793,0.7110058573351534,0.3102966983393688,0.8286349891071538,0.06766619576052224,-0.009965407674422444,-0.1815731193998204,-0.6271404981948918,-0.11094372928650365,-0.8285386369455376,0.1632704623313126,0.3345382565912072,-0.14933581356681813,0.5789559371001012,0.6800729140997879,0.05505990628659589,0.560968467006739,-0.37210161308005874,0.6229009987645062,-0.32486735927778065,-0.05591530456749072,0.9276453128288837,-0.7150798369878031,0.7257464324751093,-0.8450906327219868,-0.25325619727203175,0.5916907494102543,-0.8678906029764015,0.8970357098856137,0.20221067803364834,0.18820975503642257,0.2553674952065217,0.30827412101738066,0.09713114036520909,0.12345647204347233,-0.7680705992876495,0.6156585447538605,0.4279160648537763,0.4532996934240452
-0.697702826636408,0.28965010017678694,0.5879175757329026,-0.5271216102427467,-0.9239705135233189,-0.7727015717583026,-0.27595004348051855,0.6592446893386785,-0.016882669150318108,0.8375884560465439,0.8684001989601582,0.3351716480549667,-0.4759956438674524,-0.3154654398770618,-0.2984969888822523,0.23325579650257522,-0.45409642595909894,-0.9093985777562597,0.24222427664806528,0.7764853021928657,0.009148908986178261,-0.23561003692978771,0.708181967771611,-0.22723057476501315,0.666427066719825,0.689033872667763,0.5560014203326451,0.8431198154289876,0.8213194600251243,-0.8009990891170624,-0.5576948827756381,0.1675374171410895,0.9002398827364622,0.6361792263977615,-0.5309745494775107,0.7393527037215386,-0.9642660799711492,0.18871004567008545,0.25456432284439257,0.5686573900942942,0.7605750069164472,-0.7065646022394356,-0.813132908622068,0.17795766497453688,-0.5362060364203367,-0.3331173481647881,-0.4947153951031076,-0.2712524288059759,1.060670946494109,0.5997307507861729,-0.43803142794479544,0.32005325327070067,-0.19321430695667588,-0.47784222420422706,-0.9394017770727747,-0.2863123947259476,-0.4403402569507948,-0.5765692953100485,-0.33729349329075436,-0.1076688297573245,0.8726708293711564,0.6829697014664653,0.34925236988753205,0.04812611858435853
-0.41352945339220426,-0.770368418446939,0.42433226722253803,-0.46439029363558193,-0.7753712382358626,0.7409508951474383,-0.5963755351127453,-0.699620205708048,0.1436178193228308,-0.16979805153962438,-0.3271041860792623,-0.11285999179927866,-0.10381103052580254,-0.7385050476259443,-0.6214998050946751,0.5010802221423376,-0.7434872530356129,0.5039500920128035,-0.250864670631328,-0.6499187217287206,0.32453287208181436,0.7047013023860288,-0.9337133453054696,-0.6485895148083649,0.2493789812590097,0.6167175332923509,0.7636444768373587,-0.24380097779527202,-0.8941303742588899,0.2694601464799603,0.6125256206765908,0.41979858835369444,-0.26517116418555825,-0.8409109439987953,-0.2947361882400046,0.2628763962011801,0.9061574919548092,-0.15730699695318795,-0.5458851724991369,0.8717803608596252,-0.08697976325323986,-0.018539319534059642,-0.028045222821341087,-0.6360659299836536,0.1536622740991442,-0.8449368339435375,-0.3913333052923593,-0.27992933738788883,0.5151234046775792,-0.7497439420490826,0.9315330676959208,0.904000978752511,0.8461807243335289,0.3501507044827601,-0.06472257105262758,0.9373167342047071,-0.5686849816276585,-0.10893235107495773,-0.5185791188819122,0.5613635768018643,0.09390974624591975,-1.0864154781855375,-0.2841151879791035,-0.11417746910229554
0.35568193774376883,-0.5327241132249458,-0.39220569061800936,0.9397161888859935,-0.8146212312485435,-0.7723244037399128,-0.3858683564746157,0.7383881950945648,0.9244879338694597,-0.45840920176015204,0.801845325391688,0.6655595743779508,0.004742584203220712,-0.40214669661899716,0.8040644042823571,-0.09545688706214492,0.929227168213423,0.04481220679581832,0.5250553441777822,-0.09844036884571805,-0.22051439555493224,0.49172359351355566,0.6593917690659303,-0.18869447596671085,0.34175403300750307,-0.5150489772912533,0.9470241061091722,0.2911459676495074,-0.6132858254536702,0.8191915157314811,-0.6327667956983114,0.9111222215915681,-0.219800964130904,0.1903222965001059,0.995363780346642,0.25855640424879556,0.3267419891812595,0.7575590012547532,-0.3904773569721748,-0.11746160754719724,-0.8982512582994784,-0.5354656030705701,0.15945413810491083,-0.07852311372431842,0.8357231613667859,0.8545173204168617,0.21759874452856143,0.8429264394812563,-0.2689614929271306,-0.9634336218421202,-0.5834744170257979,-0.7352784146904052,-0.26405123682672893,0.9848466179702426,-0.7172178660075992,0.04836250313465899,0.16346969015199384,-0.22424061086640423,-0.3781123192747675,-0.20027824395649185,-0.23577520583256595,-0.9077124904845463,-0.724905125429836,-0.4434761603914566
0.5375316334936842,0.7023378786995842,-0.4211443741369967,0.0932291440662257,0.6576132011900315,-0.7919972488686564,0.3839256953827508,-0.5916740216938371,-0.5311466660370401,1.0318398642512716,-0.4145468650499514,-0.03949751459175094,-0.7944016255774511,0.04393875926769164,0.8730467804992501,-0.6673857706016755,-0.27769667895745664,0.7507432165271556,0.38840817481305656,0.7436636392291451,-0.08071895328496193,0.6665788811057565,-0.35135299276063425,0.07718631397828268,-0.42018452956097624,-0.8835989350758314,0.1727168569564912,-0.09275708765307192,-0.5374301657764635,0.4330819975927971,0.5754040086587211,-0.4962174818966122,-0.5366331918537541,-0.3455192271081484,-0.40057280612295365,0.6073159157480327,0.8116299613695034,-0.61146450107579,0.17542540909065418,-0.5692998274771581,0.6380407060022479,0.5516544310709816,0.04032950249248171,-0.7739992629365309,-0.1808809536945395,-0.13083764700896783,-0.8113680804653393,-0.8291548439810086,0.08616907168415477,-0.38246204044849597,0.7471636476373207,-0.34722079037149567,0.7523334559774082,0.8878672196732551,-0.18384378914228253,-0.15284215310316007,-0.34766655468219976,0.9993419334589432,-0.6206853060295178,0.6838589423051847,0.37260508701245065,0.23834179041476733,0.10550462946933425,0.556217646305605
0.17381866199417506,-0.48099328343280084,0.530161210743535,-0.47845619685188384,0.32212810872249564,0.008342875451025522,-0.16265984456620575,0.35844662643654535,-0.06400010883772311,-0.8001232911349532,-0.16652311185392218,0.2449153797670296,-0.998869102339402,0.8890400367196651,-0.6244641931774618,0.9109201895848658,0.21123060040861708,-0.29266261995107934,-0.8498566231394835,0.04292775725661402,-0.2626953204029321,0.28972074533623426,0.6548968975094167,-0.19076444771547818,0.6889841461176247,0.5104774225632619,-0.2502495285231816,0.5346018834340325,-0.534373418430987,-0.2708126658851666,0.6162621133644574,-0.1834315575482566,0.19203578950270236,0.47986561879762824,-0.8427836684014312,0.3370851963339514,0.9950085861920608,0.8438892848415924,-0.27990450076809975,0.2866791945305447,-0.18643961559745592,-0.8660133877526439,-0.275722853739146,-0.4152283167266628,0.7122070300125456,1.1228635587758378,-0.9360335928139552,0.42890576242860257,-0.28195636808016666,-0.8907113151730872,-0.2684957922056619,0.1591753834899478,0.4697800550901994,0.7635672919354861,0.627502530454179,-0.5401534739444676,-0.8710245980354931,0.38249625956436395,-0.07053361557596852,0.26153406171560317,0.061713251134518865,0.6610503201049409,-0.04219600366169707,-0.8943022491607855
-0.4773043304272558,0.6470670039253414,-0.30135631577077615,0.6423680795538316,-0.6835353458988536,0.08271453877214108,0.8997830162502327,0.2997043522923559,0.7457600833918034,0.8595131321097963,-0.3425866851034009,-0.6840391672946382,0.5280369141093676,0.07335228887798961,-0.32897972033474776,0.792678322805066,0.2406185793145803,-0.7502169647843949,-0.8631983508085455,0.7451724338342522,0.960475162979174,0.327654412289363,-0.5973884476228732,-0.3438387995830867,-0.25377191525952725,-0.23034323041485294,0.9306724725271572,0.7392510867745345,0.2891842432314559,-0.3090541499321371,0.2592314712275771,-0.7169922653107805,0.14313793524657825,0.5983464459270856,0.33810093528422347,0.7135455178871934,0.8298099039827433,0.47462703749457824,-0.31019488888396385,-0.10540142149995724,0.23045098611520554,0.07083629162718622,-0.47088974908114056,-0.8738976583891249,0.6386019301142101,-0.8388728661262699,-0.05611772049905553,-0.6673954505603494,0.6099978348600041,0.676756201522384,0.39033403690041046,-0.6480214802031041,0.48015293929796243,0.6472355202230524,0.2876737005437354,-0.10490232516597936,0.3073270934255952,-0.7820295874833456,-0.908183314844465,-0.6912892046896479,-0.24542529441512964,0.11321379789400843,0.10159586414929542,0.23507556835639498
0.4735478724370379,-0.3003087250931239,0.300938223282329,-0.06890699695759461,-0.03980471118173523,0.5692396376995943,0.04119799991897355,0.6254277085607505,0.09758959037001055,-0.3422893332146386,-0.5703369661166806,-0.7534298270755251,0.34425631783987365,-0.7056820570663048,0.021805880488598217,0.7814707306256746,-0.9152056405074077,-0.886892386802056,0.5940734168275774,-0.16370559055288159,0.6275531849875673,-0.63303494378583,0.19284204773523184,-0.5908633454886325,0.12683484428374625,-0.939222331199338,0.5529326602376321,0.2946288977865517,-0.21971184279920303,0.1699627916809526,0.015558748502232767,-0.16107804460412578,-0.6890728626497946,-0.45209122016555514,-0.049816439128779255,0.5956332219767227,-0.07049385602199365,0.00826718407300582,0.29125662895699983,-0.8200397885785888,0.6197482173608916,-0.5915055906571501,-0.576034954617979,-0.7504425384103879,0.016071687736502582,-0.16406965535066143,0.9615307365246804,-0.47681199119833195,-0.8750234737888754,-0.08939798738914714,0.6693029654834597,0.7322293111018314,0.004669664152261888,-0.974664089624401,0.1085252288420333,-0.005199743525790473,0.36307654941639833,-0.3783400162614732,-0.7270795562177477,-0.5461886685054336,-0.8271584273439119,-0.9700761216518825,0.6885017394598658,0.8315598853723736
0.9154310731634399,-0.8063084738485251,0.909151000301982,0.09480662214514074,0.05397594766150027,-0.08885137804585796,0.19215973975207423,0.02753465477236186,0.8605271769193551,0.030797014256224498,-0.27531878810739013,-0.4955466137834358,-0.6052467113698281,0.3304147044035048,-0.7191943895645427,-0.1434296209354582,0.5280118434240462,0.09594953087497538,0.6292638773260277,0.19072926180540217,-0.652108764176148,0.08852489335125091,0.9864476527204236,0.7063364327373011,0.5433481427778034,-0.2928893573358333,0.30769133369517065,0.3223749605241442,-1.012859271135066,0.020757695582146657,0.3047648860062304,-0.6436593728002855,-0.8936514303510057,0.25831980423188156,-0.27751101639923603,-0.4259603728969762,0.40709586699792666,-0.8632754408720196,0.15083961002181323,-0.10479815577816676,-0.05905428097584009,0.0409600789607254,0.5635980123717597,1.0158285802322904,0.09773856289586591,0.033142163449276923,-0.46741309471561987,-0.3644684802730792,-0.8757537531498965,-0.0770425679567146,0.5808384168771574,0.22912821400868844,0.7460836965486224,0.04797724464343345,0.29599376802258015,0.48066855476176995,0.43251674695264203,-0.5372536339848537,0.24885182306195913,0.3245510569529479,0.47308540902814145,-0.5929040189584754,0.8776405474799889,-0.7555873393174493
0.9449702049618586,0.28718032768689583,-0.8184950619289697,-0.9159938937358143,-0.19232069453461698,0.20160394981829177,-0.6118368040121114,-0.03462429366254338,0.10592096772110693,-0.8519245350626871,-0.9836007102203477,0.9447696062002171,0.05163070500277389,0.6506681046531663,0.9496331885978142,-0.4441494228907823,-0.37576095455075664,0.7999187462001371,0.2128630184057343,-0.27373456735495894,0.7780472594495333,-0.9517674567178309,0.7989452693122718,0.13769505478966004,-0.028917633115504326,0.9520170130354657,0.10308098162026119,-0.2950677474938412,-0.22568595426968288,0.04995864922017579,-0.29038097118908834,0.7954723504718337,-0.5872382926211906,-0.5856578356112411,0.3719152693850927,0.6924970227772655,0.019779074899809235,-0.5169728011698981,-0.8649306918523648,0.756088268533494,-0.8669461203030397,-0.49583595719351026,-0.8122333800968091,-0.7703949746613474,-0.40217191548444503,-0.036664788235514695,0.5761824060248277,-0.2881814615147503,0.5781861590954348,-0.1843585543245827,0.40542635482008704,0.7896721847228085,0.5957824795751404,-0.8986393916733662,0.06475063346795906,-0.6870387799102649,-0.5910961626762612,0.024591420604043554,0.4101962736689715,0.5072996428216996,0.2324209008731828,-0.005436929266317253,0.5458510761306918,-0.8957108645707509
-0.36887763702690646,-0.0019881287075170784,0.8506047122367839,0.49076108764474413,0.18331201541806275,0.7997421661598116,-0.8796277756227568,0.1413255412717857,-0.007684243703377391,-0.21625330549444557,0.039348051004382656,0.3547643523687578,0.7444432162270599,0.2621084568239356,0.6793960105547856,0.7677800102107024,-0.20221122038646056,-0.2275648580221898,-0.22963342731340167,-0.07485755594290547,0.4426428520460117,0.7573475406038105,0.03866767085370104,0.4956827389260987,-0.03050516835850381,-0.24584306819331658,-0.46400900098157427,0.9991943119523782,-1.0435394349659968,0.1099263444177323,-0.005201564939070646,0.6934934067299838,-0.47895436174733796,-0.13379560262056622,-0.3109000442132256,-0.7308791289104246,-0.1725196560574262,-0.9924096869235293,-0.7522450067456805,0.44285575564516133,0.1870990917586659,-0.2991118624642499,-0.34246041618058654,-0.006748804861143737,0.7309107989576236,-0.6607359561962463,0.0445462639483849,0.8937125591239957,0.7810319001801675,-0.8476461842051108,-0.7680219642757641,-0.10846849366002931,0.14537804502953872,0.2894436358052364,0.023156051965131486,0.1558430612511667,-0.2840228728931302,-0.9312645541026066,-0.5947604334476451,-0.278228927929292,0.4634561225346163,0.4705095124243474,-0.6810174452236482,0.05335061701814796
0.49493637696785564,-0.5227195362861594,0.9562151704773204,0.37936258853123994,-0.10218068819989168,-0.9111457067541431,-0.9545609084599338,0.10832591409936643,0.16940451675266277,0.07039405647367847,0.16923058152587941,0.5990452404474271,-0.316962375230212,0.1593211920434925,0.42744462581583575,0.7952190395246213,-0.01256678928857511,-0.11561912131421544,-0.18565080161984726,0.5476407882821954,-0.22975162443737718,0.1290751600432667,-0.6401118904603865,0.2029483547577533,0.634881638416606,-0.07242005694510695,-0.4214013927689384,-0.7287466682548016,0.38337777498857606,0.2308514792256391,-0.01865908423052809,-0.7427543966395064,-0.09540298531333802,0.7360784465611796,0.011525296552939102,0.41105181320311446,0.9552216741050328,0.7028833639371521,-0.5270932427465733,-0.13401421048111797,-0.4629755441825112,0.6402696440552988,0.3779199255776078,-0.25665313980974225,0.6447316258807143,0.585058716604876,0.8491641116404076,0.35100930045215256,-0.9244812580452981,0.3614652762227742,-0.0758260671643137,0.43463926312815127,0.3076740643386673,-0.39027785871248355,0.05736061510920676,-0.6821192940486431,0.059842280477558615,-0.16471919519652678,-0.10054995241194375,0.3258604339590505,-0.4176303079125201,-0.06239790840136683,-0.44988975528651065,0.2222276303503985
0.17814523778932023,-0.31236326660816416,0.4389412437240663,0.4103743658522092,0.27021225762021084,0.5741503496244378,-0.32322381679750256,0.5772800298997456,0.09305579090723204,-0.5739954437127099,0.8713033550921755,0.21377286461901757,0.8794059137636101,0.7900392571091135,-0.6621705837743765,-0.6757788321040685,0.4607279053007901,0.038908278635340576,0.12778838262444636,-0.42211392690851424,0.6067331343797384,0.7556950582638802,0.5419307615736337,0.34396203098820477,-0.7875205332168655,-0.8085615775454358,-0.46613321960242105,0.43489331918807006,-0.34341956524518646,-0.39548575756626136,-0.12849841002041365,0.9321475382757736,0.6752673819451218,-0.951073253070233,0.44348795779648564,-0.6582228040316669,-0.5204475190966495,-0.6943628092710812,-0.23790342243370333,-0.2406370647997278,0.5319088996551429,-0.16290767037972945,-0.997921455925811,-0.4758537325877055,-0.23817148580305217,0.4452908570358365,0.3062818091467936,0.3636897463658729,-0.7544940474140692,0.8619569822235468,0.23633482375702153,-0.6561234539155105,-0.15233181829399944,0.8988281072010604,0.5407536777668005,-0.3649869049854382,-0.56475290783252,-0.39354489404104354,0.008344047366078522,-0.42999650237102927,0.9934167758776715,-0.009426780529975788,0.024346897688361527,0.017024594122207387
0.4157035124230577,0.24310049877548345,0.48143951666192075,0.12622427058047525,-0.2649031338419001,-0.7184502499391403,0.11960920668010999,-0.4389464162585246,0.8892552026929309,0.6340330647126113,0.7847198094581975,-0.06987396211452546,-0.08382862483170683,0.03088005248231193,0.5124045230950502,0.16566050383741376,0.010544157218105754,-0.23106905975541586,0.3121324000963916,-0.6422837370904193,0.6907161957276311,-0.8483094659088661,-0.02005195977285723,0.5807711588466609,0.7110262270058627,0.3287734058611558,0.12260801399738286,-0.3029286680526867,-0.4825398846353202,0.4565035521593749,0.7897615433411204,0.1883548275114834,0.8411085110734821,-0.09861936246948266,0.13183435081916856,-0.8594107315488608,-0.6138908672989156,0.8782155977349697,-0.7930308109194966,0.9344716663203296,0.06897454670841549,0.21703628800202113,0.2867296836282186,0.8338201574527238,0.8170164149271177,-0.7376771928608565,0.770241296149289,-0.7100510722334035,-0.7637087449744786,0.5128599312421043,-0.23005237308507698,0.7001962285509189,0.4106849504250869,0.4519174808290525,0.7313183617711732,-0.7744640477639045,0.07456679353144646,-0.7232894000241888,-0.05771022220555273,-0.2116137433183752,-0.595409388409146,-0.32123919007791124,-0.9022387454616505,0.2500021871811431
0.191600110835508,0.017023908694658196,-0.6308663930139252,0.7856783637716065,0.5552334241944414,0.692090035678699,0.8098647819044359,0.44637823393969656,1.0607922170999682,-0.8522248507722541,-0.3933617835002421,-0.11865847953071704,-0.10267048112514646,0.6095201809555062,0.6204050417836999,0.1324630764552892,-0.9222750274312526,-0.8537536856500794,-0.9455512615794732,-0.3734850042577704,0.7040906123094215,0.03153931303325963,0.2965780153076867,0.2151436478387665,-0.14661930799158074,-0.6093175598012761,0.07474210148098301,0.7885632802529674,0.5178992303255161,0.14279230350263572,0.20780952626924198,0.7343199889071026,-0.0732877979055858,0.14364469627041915,0.033591507599999015,-0.8580599162204752,-0.3499846099627204,0.6708095646878934,-0.19684630296613043,0.14711266102067833,-0.2361820095592453,0.9486527183616773,-0.16364542459683284,0.34927645258755236,0.6384913935680308,-0.7108665336346885,0.7627287195666281,0.11938379595908408,0.07183042676222201,-0.2513625420433099,0.7697354143615454,-0.008775755292726617,0.6150911695870638,0.14186118411282572,0.9077232777528499,-0.5674994400473452,0.14781575903836983,-0.5202091736140397,-0.4423981474412947,-0.478095139001224,0.9662060530225018,-0.031604905147056384,0.39343989932106427,0.15535348889018596
0.09718016783762273,-0.43559683068763255,-0.43180355645094015,-0.630733826447905,-0.5707010981318015,0.14717429025187662,0.07697630900873764,0.27906018284749834,-0.12181257413413864,0.8741740311661612,0.5104594833883056,-0.7508182704181172,0.5741501654755407,0.696347880302729,0.7971302797030643,-0.5861978877775182,0.6891426213210172,-0.39932632132212253,-0.1659786414728088,-0.6397795295987505,-0.8243878533308686,0.5338875552766023,-0.7450467818543716,0.8671463938790478,0.4883631913637074,-0.7691200320790754,0.6732106980720908,0.9387906474215016,0.24408967254267444,0.8938188984367474,-0.7454227237453996,0.7299834350990846,0.11885356291700888,0.6721676522333111,-0.7637739286919172,0.36282527785511803,-0.15858995144183563,-0.3350167108990927,0.5029205972702075,-0.0002597230523897487,0.8264315529182936,-0.8449457916576274,0.8519665899786046,1.0393011914312706,-0.5602887932264441,-0.7083494996448776,-0.09342469332216724,0.6752997937669962,0.8727086998266846,-0.9666857552630523,-0.1243685073615751,-0.8908950379166446,-0.2893574036903528,0.781823656221178,-0.9401857740891596,0.3119981666293483,0.7620088425784256,-0.7085892068121762,-0.8097498564033565,0.18606184046637142,0.5119337206572377,-0.5456667011356434,0.7885402129967259,0.3127662398692994
-0.8852092540437531,-0.5830225209936057,0.11626122630874225,0.07633892527439565,0.9172514333568197,-0.1775071991005226,0.7492569167009153,-1.09208083749363,0.4227710120446466,-0.6294240464448461,0.8358763774514173,-0.2441499299141079,-0.9586447562870646,-0.5672255601058327,0.365434049145853,0.09520188320904577,-0.24876808799072903,0.4230598423543359,-0.7519764755095162,-0.5567603207490546,0.5712452150939198,-0.6058936087878397,-0.008621376996982066,-0.3067071578843057,-0.7116541066650373,-0.8701725604020822,-0.35111228189154753,0.6430709738734944,-0.051531912191020934,0.39944378294910665,0.026568797207077804,-0.8157147830566754,-0.41633183050002553,-0.6776311955286651,-0.8871851715972685,0.606217211860127,0.05625699026848541,-0.5736447013502202,-0.02003034389639402,0.6617371787536037,-0.3657124028864451,0.25120745195053334,-0.6884262828049543,0.33332764452109864,0.18150289696609606,0.30062297016468553,-0.8507456917155252,0.47969646340401995,-0.020270811306907444,0.5930827537128784,1.0452732510514562,0.25578654004990486,-0.6650996060820017,0.8316679342129139,0.13707972894531784,0.5939213834781178,-0.5627632282220622,0.6570818891471004,0.7331156798255876,0.4143117534538654,-0.19884502885947208,0.18152070742277426,0.0031568924930012177,0.4754752197745914
0.5388554325487844,-0.002784603819970366,0.907706573039947,-0.5803045405141697,0.37923169120123323,-0.9580733331476023,0.8071417837227832,-0.5772385150211752,0.8207544234811575,-0.010727547831291373,-0.9107087329904855,-1.0064808467384243,-0.8055943350954442,-0.19690438216209216,-0.8564323169191546,0.05720059538719058,0.6572777446776372,-0.49678934507800254,0.5800493367150843,0.7161326569616804,0.6850715982881441,0.9465438868754674,0.3105061010258159,-0.3863350046193843,-0.6392093574057491,-0.9707327445687983,0.14934521049977514,0.7060610148596367,-0.07417577824868976,-0.9885376262878113,0.6593885256348602,-0.07224422396370132,-0.7394015662662237,0.7028594898782468,0.3173235134483201,0.5627638537386345,0.3961096527621592,-1.0883540829586373,-0.2529055495890977,0.964452404013936,-0.36094562865593494,-0.49963097714093485,-0.801486797091644,0.6086665626473399,0.6709947892053669,-0.34318795100852406,-0.38245391915996385,0.43232965835356096,0.824158712075038,0.1311316117204704,0.13077076942644197,-0.1341338269145067,0.7046541049621454,-0.33909598029607535,0.783093374301393,-0.3382968431230733,-0.4795979152254155,0.37915303847451626,0.3505757351948875,-0.026122890305409374,-0.7911575488419409,0.43572192867410364,-0.060829699827548905,0.7088536615270544
0.293694883487861,0.5133206176210843,-0.27535203014085297,-0.12252313298853013,-0.17594434148379698,-0.586418079110054,0.7272374981273685,0.7508670448272601,0.5177063378005466,-0.2208085698530111,0.033523222308591116,-0.6878734715976514,0.17401938193065924,-0.8620446704731957,0.1311294369405016,-0.7062699934099601,-0.863628865183112,0.3112028006912506,-0.5553496075505935,-1.0694807488958489,0.5225297396648877,-0.3722859132883338,-0.847503185231929,0.14683496406504812,0.34805046398628314,-0.5654455787511954,-0.827647002157061,-0.37392190139041004,-0.35268819628326825,0.2560365925442244,0.5267202309136807,-0.7123176449553,0.6777991518322958,-0.6206100199754729,-0.6189248571278094,-0.3054747881380074,0.9386331094671465,-0.30470698233669785,0.8767582376621038,-0.060899350642580855,-0.7388993401709325,0.7603849363008355,0.7117601127169005,-0.08361854882423675,-0.5104814916144242,0.47176627575437013,0.09304592935664277,-0.7784338460490323,0.8099803612174585,0.08479247586375882,-0.26365119633538203,0.7366635193882587,-0.227081924287581,-0.03753107088175556,-0.31934664639421717,0.4764811946562056,0.1882329641773834,-0.5725812463792324,0.4945528000929189,0.7523628944891296,-0.6931449636638236,0.015973018752111712,-0.2912499127777173,-0.9138005824655424
0.5348167403981106,0.10530155234645933,-0.30372308230078526,-0.2987537588563763,0.08618031757772368,0.1119874985905207,0.1363262552757108,0.5543573711099311,0.8962071264292671,-0.6145920486858917,0.9113065882376006,0.656680211840398,0.7702490172854874,0.7795823084952064,0.258756775104367,0.43003871278196715,0.8636674152560202,-0.15068597200851364,-0.1439434624634505,-0.9175694888580119,-0.7064373367487201,0.5803093691068486,-0.15579299184391177,0.5805812623725354,-0.8099745320157361,-0.8770671705797443,0.48827274369242907,-0.6280876324937463,0.542226475356462,0.5232217785726888,-0.6338556795093164,0.9824109601973106,0.7663909933074333,-0.13535825936876233,0.11493304338753857,-0.7072576505300341,-0.5052383899297554,0.13459108122529992,0.21729052248630487,1.0727670130960636,0.41554275758024006,-0.510862035549356,0.07431498715944973,-0.5310041789866581,-0.7466862052376029,-0.14731743435314115,0.7213859095007387,0.658057527899601,0.35125757778385536,-0.7998118594398396,-0.08925481254252965,-0.7061004956805101,0.19841883671894656,0.13196712984518477,0.8796910120500903,0.40417339868789526,-0.547168338233596,0.21004889646223934,0.8279928303278988,0.20345280161511647,0.26504341386235164,-0.6212739578933089,-0.6394185842056141,0.014676076940138838
-0.9910147692366134,-0.43142525069984283,-0.790896243214603,0.40666165196223747,-0.7945307190318271,0.7068941839786901,0.728102533994194,0.8395043761678318,-0.27683646950096064,-0.3391664630800067,0.015669175397267532,0.3453928598693602,-0.7803817871815049,0.9049593798330876,0.07369745312585718,0.48431038557685935,0.6782934555284812,-0.7871548851877093,0.7957066723733167,0.6316488990870486,-0.3426276526262968,-0.20584105321149204,-0.1084886499741824,-0.46458385569153776,0.5479877021184723,-0.059112406550236196,0.28126342723997366,0.7763053913560577,-0.9859893421534536,-0.04361698395817365,0.767788402973711,-0.6936047096225708,-0.29202633358243874,-0.06202323257790779,-0.3273851656827873,-0.5893350285940862,-0.7391192198596457,0.46985280553710296,0.15605936158401135,0.758881034403375,-0.25208829745533556,-0.9589811736976954,-0.3685742072089043,-0.5553171823562133,0.1798722023311119,-0.9468245793964651,0.8024638662907853,-0.8301700737819044,0.8179940571016389,0.14446965515878007,-0.08381293676521946,0.5354017454186225,-0.8986200530772614,-0.014447001234904111,-0.5649726670239669,0.6388189353862102,0.039307712924339544,-0.6357885542742694,0.2137845247425383,-0.6326663088636418,-0.3345362712298754,-0.5107035107646312,-0.42508968686315435,-0.36778552218228056
0.4525523847099939,-0.6025627471865767,-0.37246340833397173,-0.8287433809231173,0.9056598315345772,0.12542346014587594,0.886856786721989,-0.0007049372730572462,-0.36384318806153493,0.607375013494617,0.8935561161154537,-0.9136569013742977,0.40749275915523286,0.45594564669122506,0.35378507069337406,0.15100182974941884,0.7640422935013329,0.3310458345923868,0.18910190922710468,0.22678789818119194,0.306984443531689,0.40154824870134437,-0.5066730224457829,-0.6573411292609992,0.9895309089773703,0.7267820636086522,-0.22451340282293883,0.6013016188671014,0.6362381727216964,-0.8875230987260587,0.23635330990897963,0.4301049504273433,0.8312074267281735,0.5044427762768837,-0.5805842008364539,0.6734506556634137,0.8234454159058848,-0.11982955173840137,0.22145425784862302,0.7219016547940479,0.46395336801892567,-0.35329095532238164,-0.6521950015119624,0.16054218554618543,-0.48561889717859263,-0.5457337745727415,0.8841760429428651,0.11698699411443446,-0.5441903665906807,-0.39275154302291254,-0.21138001202613443,0.12376997204348461,0.8525002205166026,-0.5325052883995834,0.1928193792047006,-0.633709310575806,-0.6215765630787388,-0.6740746693818476,0.2234609744562355,-0.2004723070036336,0.9436349814309428,0.411907497323567,0.9411198703797703,-0.373209555099393
0.31362116102560855,-0.9518951564535243,0.8123114198402774,-0.640433736025317,0.2296136684835206,0.4117377931513697,0.26376609221042235,-0.6425578539033763,0.787324004141822,0.2515597092464146,0.6320067454973561,-0.494467686958199,0.10576016784551556,0.16379673285872212,0.2547366159046469,-1.0773096204346646,-0.18308752584869342,-0.677290613982374,-0.22038967065782922,0.3801899641157456,0.30256253279003387,-0.712895826894543,0.5090185002998875,0.8380027635820926,0.6803765015221395,-0.03437523696526465,0.022388238982198327,-0.673651059500799,0.988106979286985,-0.4294276909461139,0.4467483369585459,-0.1876254977159566,-0.409210738198829,-0.58984282375217,-0.8479033727082179,0.5647378985897094,0.4563184540247982,0.33147626176193756,0.20673310406684434,0.9391206365404066,-0.2553745182332996,0.6654237262446961,0.994754642280322,-0.3362758076506447,0.5148187292847926,-0.3017561927540632,-0.05738870558677593,0.99164908566883,0.8029016137695453,0.23845196877754957,-0.192646780505761,-0.7116388047407582,0.13485268822382412,0.34505447935184863,0.7514847210652457,0.6402389003277789,-0.6578875826579542,0.5851974424786868,-0.7723544728274525,-0.22064068810834137,0.8651863973213663,-0.1994558991610218,-0.2666192536348451,-0.31141445856312155
0.7125037026544786,-0.3752661128571123,0.5247790488515678,-0.37084188342582525,0.5931341735039476,0.19166280734750893,-0.19869458242235233,1.0926104922697113,0.8570211697184553,-0.8023809303283387,0.11971382575553169,-0.5449168837976477,0.5564816722508661,-0.9297207092213536,0.27373990645187235,0.19320468980591188,0.9119238153100734,0.18002418262991948,-0.5123615489584581,0.23981397142543615,-0.04974507805802131,0.057177837454682856,-0.43150053420759504,-0.924493174515524,-0.3872083347893809,0.6894657853352277,0.6709815790049295,-0.4141936523884371,0.17153087413051016,-0.9478778240178511,0.5987245674415217,-0.7539345189936171,0.6281186601091994,0.9683813507314198,0.5423730725265219,-0.08772074669920744,0.14574862744057326,0.7803967274148442,0.07574050184059677,0.44856001254130295,-0.1752109538077935,0.19871030682388377,0.14049921706182622,-0.18275756316477,0.7988945362242357,-0.4992225410612569,-0.2819665926444864,0.9005847127353701,-0.41500980754612354,0.5618143331841996,-0.5844776955342511,0.27384853552243715,0.7149518891564774,0.6127373965620673,-0.6590251555696215,0.34647345408698493,0.9530120605322804,0.8730110144527438,-0.6552253161880544,-0.39721846116585924,-0.2993135594483714,-0.5577418534449874,-0.9037223043099194,-0.8038516234906228
0.09185082759031182,-0.43508972710607474,-0.5166873064056765,0.552470698926843,-0.6913366111883779,0.013587086959835903,0.3757999965690175,-0.7235366089995168,-0.9216180152289358,0.6316316926102399,0.9905127132541378,-0.3137455850983829,0.916911659344071,-0.2671307961219908,-0.6328647393092643,0.055354568981442975,-0.9171840961088282,-0.13241913590085375,-0.959460675924559,-0.11115490322128374,-0.24818911008689043,-0.30986326679040666,-0.4562568932886697,0.7747151642419848,0.8522988981868029,0.3680456067272827,-0.5008678307507783,0.5157052902903465,-0.5274696724255805,0.8416271747889421,0.47621936975216267,0.6279521666068186,-0.36334512151675247,-0.5215563212689305,0.5988610508133845,-0.11774405400084653,-0.2192794166124604,0.02570932277100621,0.06299717467525046,0.44885072018615557,0.73503936347702,0.06170426570919374,-0.8507258115761195,0.7768508435240742,-0.07173547436672335,0.33221088877837424,-0.7999080721692395,-0.7803654672945459,-0.7312563829115797,-0.11191086061292917,0.5385586398283942,-0.5380754238592984,0.5022455982923952,0.5789812582812086,-0.38162755081898286,-0.08614250627510844,-0.6298188540383247,0.9167811936038812,0.8386658858184125,-0.40273297279195397,0.5677741430972129,-0.5169230895016261,-0.6332744738236187,0.020918093709957564
-0.9560833155972407,-0.7986159280819932,-0.28023761228710753,0.5721759739124344,-0.4939540413910004,0.5965721023159384,-0.34304067084844125,-0.2699313297633461,0.30999256664399755,0.007095017418838223,-0.4088819019371297,0.7813840585127882,0.047899779493030814,-0.2901579806440895,0.5745608783463747,-0.28852611822108626,0.5957472261301664,0.21917913598168282,-0.2685174296096057,0.7256252343786735,0.191347403369319,-0.02704626830189749,-0.601866074660528,-0.5210474411334622,0.20183332617429303,-0.29466421001331117,0.8536980225892812,-0.5198518307547462,-0.9639096042755446,1.0438883675638078,0.36203234033863385,-0.2790443565085576,0.9876177325461872,-0.01932669839200396,0.8983623290237843,0.2773145327735618,0.10075209075872209,0.6377838728869631,0.799069591579497,0.22973729329748616,0.13709306176253522,-0.052070236528521455,0.30182946818611944,0.7794259657940356,-0.04358917163235865,-0.728792554752641,0.8640193793280737,-0.4300316474157312,0.6283412811919976,0.1622662500072467,-0.8289997346558877,-0.23425060364217898,0.15246851752863042,-0.5788948121075725,-0.5858184228809336,0.09126226036679741,-0.8372719472428933,-0.46650354815911166,0.9299282054058996,-0.3314999763496954,0.25169988881795924,0.8809062247598229,-0.7574660258589273,0.48680874072065783
-0.3595373415611012,0.7173081352065822,-0.8506677602681367,0.5430411218762999,-0.7807736827876801,0.6837353385241789,0.4320322438885791,-0.5468101952714894,-0.18975179004679354,0.13610401685723628,0.21581406167743067,0.633418016023028,-0.4833255404610862,0.04889351512877721,0.48613505651897504,0.6203105185610442,-0.053297810613223695,0.32643130385171226,-0.07851132760335111,-0.11838291020236824,-0.19088696782889075,0.6851152832409668,-0.32962258701431907,0.8359062494601948,0.4006829752020148,-0.6851464477094074,-0.8133240601634195,-0.2691244170548597,0.7650803116884106,0.8470995719119281,-0.23325666459114808,-0.5164411876423669,0.7012902943868573,-0.2609146783746248,-0.6950888424493522,0.8311164800241299,0.11475292238733314,0.9857109628268121,0.2924940912987988,-0.4560172522067168,0.23460487333587055,0.7832011019399632,0.599613469523054,-0.8554343276707423,-0.74248659209844,-0.05859125479650537,-0.37627923528073626,-0.9428837392101004,0.36031273500366756,0.8496813189406078,-0.30957040058855895,-0.5985450373525483,0.09905854659079984,-0.4491246164761671,-0.43089797071070346,-0.7950131475775473,0.7428923030695801,0.8181690970735634,-0.5445788906616449,0.5425969884778017,0.694717806085994,-0.07958252141292149,-0.02238549158873293,-0.815079038999145
-0.22083357782452448,0.82191799273685,0.8827312836311498,-0.9622403281838667,-0.047254561700047715,0.14141218934892352,0.3160729360174661,0.9057559363131169,0.4807449494712599,-0.11378464551432432,0.9192519200780107,-0.2181043699291807,0.6933296072696091,0.7733964402238545,-0.8737676565741297,-0.09012680408284593,-0.9145496011578611,0.31355508377034713,0.6230710722306204,0.4707671281492569,-0.8337888134473017,0.4005968676649302,-0.8236740419670316,-0.7934310454847564,-0.9593014616714555,-0.7046895062626961,-0.6956244779189344,0.38904248918639817,0.2698050508841316,0.5319676274131742,-0.6908871728286008,0.959446217595759,0.3264158589709021,0.7530385094703991,-0.5791610923307038,0.8332283470241315,-0.7672333646367536,-0.07256962082389995,-0.0463742507739498,0.41581055103889486,-0.21983367348024108,-0.32642357031651914,0.44291787297978485,-0.462869751136294,-0.654006244593798,0.5828566807351381,-0.5504263964771725,-0.20454354278663178,-0.640366878316569,0.13096396205261723,-0.0446669056519855,-0.6539012979736201,0.5823618509271206,-0.6618721874617277,0.7364217151155328,0.8772753528525146,-0.8770356821800085,0.4336365464936176,-0.9272501859241253,0.06872843252393657,-0.55048504986638,0.8126179005101569,-0.03906641169334012,0.736499424114521
-0.2076263664663894,0.0689082469174624,1.072732579009669,0.10210517693597751,-0.9714483597734638,-0.6398843962872405,-0.37881853763616624,0.2675167408902851,0.24543762639172328,0.8894074643028838,-0.9652604721041311,0.37778301173469625,0.4776471960093466,-1.0330100062872651,-0.6406617390996419,-0.7700954092479049,-0.1147902504171302,0.0475106169793964,0.04611933765411358,-0.37270343336544853,0.08509040115400168,0.029655753672931606,-0.8919655235875441,-0.5205133502157181,0.8243302823846299,0.1542934178653026,-0.320750203471706,-0.8603807058657771,0.1567113139973228,0.5608494297119897,-0.6053531204252165,0.7926864237676124,-0.7243365338205987,0.0905481249827873,-0.2406190999802918,-0.573832477445066,0.5240564249086099,-0.02781066448213307,0.19555493893876363,-0.43284317366945424,0.5193470289017057,0.07088723963542298,0.4942346175752561,1.0357108692144428,0.6520661489896835,0.38500755150046073,0.6482757511889217,-0.7840563705256052,0.08556888776457774,-0.7233596817076237,0.6847449538288377,0.8693285509811388,-0.06932176935827213,-0.23494896893011677,0.0038782746315538102,0.013018795980609954,0.585329538011867,-0.9199295528622942,-0.55672683209086,-0.6439318130063822,0.7474338379333612,-0.9732405115572478,-0.3174860734012528,-0.8696616288082031
0.635961872426503,-0.05316883301669269,0.06370582472750612,-0.6470557761768868,0.32557993067844243,0.8565979070298391,-0.5928445870241381,-0.670871122929877,0.19537671725524253,-0.5544280606133069,-0.5427923812177342,0.8686517761608208,-0.9928065908746488,0.515299475795413,-0.8268199323780574,-0.37728473593139483,-0.4738443650805382,0.5366635332222653,0.18940053702706794,0.7426665701024869,0.09133273333326475,0.26396838881702567,0.7582018453028438,-0.949859203279189,0.779540569132035,-0.6467582927971269,0.12465960765837183,0.009042469990331092,0.9942759310427942,0.6046140262180657,0.9456993688835478,0.7631713560657449,0.0067743323472310435,-0.37979125085754184,-0.798671437143585,0.2988181810005501,-0.23333002858047325,-0.14909515850432936,-0.12384451163418816,0.8970238920230649,0.3722187548658864,0.49978015159504674,-0.9326663952983911,0.44295100617981104,0.5787653058383597,-0.04458765098001503,0.3436725226323163,0.5271755581344193,-0.5682245245302424,-0.9883100368186208,0.11092865807322005,-0.7708110792708344,-0.6448200325107334,-0.17702041979555255,0.2358891409399202,0.5784033080389502,-0.3449800450459942,0.17154099677529766,-0.037996821073884135,0.5210332012034139,-0.43492525986112407,-0.1497969490587694,-0.9990182646595294,-0.17721691391136624
0.5884856254291322,0.6716407889629258,-0.5456499013796539,-0.7364720325335126,-0.8571152129145729,1.0913780629735854,-0.36037346434006384,0.022775255225343738,-0.9280131746161762,0.31253471832808655,-0.5541623556375217,-0.5270166633886637,0.44970171884031185,0.1691892682043663,-0.7642958533129678,0.016407662324936068,0.6403961142283551,0.4947040889266134,0.4180265013533697,-0.8880057947285926,0.49245624331236704,0.32263496795308866,-0.6620128775508745,-0.35685713296297195,-0.6760196657012141,-0.7986085156156112,0.8201356738954269,0.07712082422497568,-0.13050948889303948,-0.49161192276042587,-0.1080278716404508,0.0024086650753842864,0.6713928749157412,-0.2681785199483764,0.4376946380163327,-0.39687894977002625,0.033730153215147274,-0.9579855297133759,-0.07923228957167067,0.3591148340635776,-0.5830333944170845,-0.5531042865456881,0.0009564964160959644,-0.18398202104109673,-0.17892648337061304,0.04719548921804351,0.08867541633801701,0.07848253568649266,-0.4763405049433788,0.9125570261783963,-0.18944037561625793,-0.6821772087856739,-0.4232892392234673,-0.16342256130698707,0.4098356259343816,0.6403581915324398,-0.03725953059330467,-0.4649566701662141,-0.2949157960301234,0.8856403058627331,-0.980806570835832,0.598679437214787,-0.2118792069510691,0.5154006465616614
0.2510802707746538,-0.40710102941913884,0.040734998790323385,0.026250851710483386,-0.6643609093010008,-0.9541529132264819,0.03273390382485725,-0.4490470307918144,0.7195818712297035,-0.3049620157819153,0.6161098618255179,-0.9012046435020507,-0.4480409447595104,1.0829645603838705,1.1713658274200422,0.016356529610734194,-0.03633463906163015,0.6168315445656509,0.27886345412440594,0.6342249051562666,0.1874904697193307,0.41694732962469927,-0.2963288257125673,-0.12336327188310237,0.6831744295579887,-0.7404700235406303,0.674605591139491,0.08578722816967807,-0.45465855995420834,-0.864795304318457,-0.03987794033197792,0.12125891703853409,0.2502198660512831,-0.8269206519652383,0.014391775251494793,-0.6195639224599062,0.23040617122872264,-0.24498542774544219,-0.6080297899440837,0.6027800099135723,0.07855405758688935,0.31645792241392745,-0.2509329876350206,0.5663321702766935,0.1602335697739503,-0.3736747805616538,0.10327340474190543,-0.2445114271773635,-0.5770444991177945,-0.7569877846645054,0.44681384938072877,0.3020702584340822,0.2753628461664401,0.8111322016800537,1.0584622349987696,-0.24739063807697037,0.9116510286317248,0.2657915034062902,-0.3253233395427099,-0.7670952380328866,-0.5190094504491445,0.611074302661125,0.11834271276603969,-0.7953007890269614
-0.5208555126781413,0.5293312288812689,-0.9306197283616773,0.5402015950580539,-0.5164762719491216,0.28739482625523954,0.5109569714358011,-0.2539897338878607,-0.9585995603240407,-0.7130635789759395,-0.9297882084629076,-0.17416677596266683,-0.6126406827294888,-0.520422296931652,-0.9811127364093772,-0.8633276021892957,-0.7870881914119798,0.9536007183740547,0.9339881039313804,0.8175808695301516,0.8666176454942738,0.546849905262519,0.7215506794394617,0.15138659200421478,-0.42519983957285357,-0.378834838068814,0.19297944399147632,-0.2317764347278772,0.26755335915533374,0.22615801690811477,-0.8059405811432014,0.5705554527143708,-0.533394343907619,0.8123279772602352,0.2370854741114654,-0.8110669480811816,0.736785836198508,-0.1550050858671297,-0.8493746345909816,0.8819061667968602,-0.698018612722273,0.5861491124112528,0.009430900488476723,0.4384112960334361,0.8732986995445184,-0.3598171494537817,0.0597285468162273,-0.22090608606929654,-0.6177499781552197,0.08220077307166784,-0.36146471397073404,-0.13759112059510104,-0.6297075147033315,0.43744763134319986,0.6765949156795805,0.7346358239058701,0.463232594208665,-0.006056573339363491,-0.7760696565080925,0.9862136090500662,0.13145285581643887,-0.9278644319560969,0.21574252387272375,-0.8661004408547582
-0.47625719475080874,-0.24954518731851127,0.2976786849018228,-0.6519884269202164,-0.8434663316824169,0.20053176111078952,-0.344775502065973,-0.3292751741091611,-0.4398175562049136,-1.0886751342483731,-0.8185178377575151,-0.8564847304885616,0.07351909162783521,-0.5054499282468936,0.7437261572890224,0.329753497026529,-0.4312838816952697,-0.9799087839283056,-0.5078962364388055,-0.936779467895114,0.38090410707613553,0.1435430576472283,-0.7712025220800142,-0.23085638149165177,0.7916913043453054,-0.7601216196589241,0.7255631432972731,-0.1339897656285427,0.555647104691234,-0.8446613093178548,0.2381969823913297,0.1901691776932679,-0.2892291886384688,0.6689311941876902,0.5948207229411813,-0.9739848538757395,-0.49579046632914914,-0.5194778409397105,0.42975176648994595,0.0059225436197789805,-0.45058193069953395,0.9392639489346916,-0.9807413517342423,-0.5109362970202571,0.28732625653730637,0.4219854027231563,0.9282261458344527,-0.4052730284809952,0.9332704541733399,-0.556107024076367,0.3319283549191612,0.5381643561476915,1.0257598217269932,-0.2552540743014604,-0.8817612887588593,0.4352128022386598,-0.4854612432006229,-0.43351216946390014,-0.9356172011454764,-0.49460912264049406,-0.26604060087879144,0.5364614557135907,-0.4652616598032562,0.09735556160178471
0.8009908131796075,0.8729177690563109,-0.972372813380252,-0.9942864398171161,-0.7073966664618301,-0.2898088851700168,-0.37290890118832837,0.09641538442121322,0.4288613365480245,-1.0049096860501479,0.39553939637728075,-0.3324559712974482,-0.5521750882500269,-0.9979904224518058,-0.29842279665030436,-0.22792150922156607,-0.31078491644478323,0.1626018480574204,-0.8009384100683145,0.7985112835291719,-0.7985846354976988,-0.17993346509802355,0.004911066272200781,-0.5364305018801614,0.2292010865784868,0.312349064984872,0.3691556216615839,-0.9558921826102209,0.16501689522481167,0.5816323834201806,0.7986874428198028,0.34457486779570057,0.2834814193089341,0.6137048217751314,0.009619851510734106,-0.6468986052758785,0.6820755131884128,-0.6646808520901959,-0.32299295421244656,-0.8327300346685655,0.54761759657264,-0.4238948048368333,0.739628306951654,-0.3636732037099968,-0.45448303894297093,-0.5307279644508969,-0.03236715863107628,-0.34154600213920194,-0.8084824072932548,0.05560711230327707,-0.10646842916460098,0.29314949713174054,0.02948779946384028,-0.740429307353923,0.19336849904235368,-0.43438838410720026,0.6032186780518705,-1.0242455798200076,0.857559170021994,0.2875598745692918,-0.11404561919966216,-0.8608856467617019,-0.861073776959647,0.530080577163413
-0.7496192972365725,0.4865163963189705,-0.4125247477656476,-0.3288648770536995,0.8550676427622879,0.9295094138757264,0.020505459407655025,-0.8171949658949627,-0.28673710442480105,-0.9962401610089281,0.2643339401872207,-0.8294310105152418,-0.3035998225566583,0.8648112939871087,-0.6612702674947412,0.4834547249335024,0.5874924088347708,0.8756293759931559,0.36070951815286634,-0.04615261988845057,-0.7910620011078073,-0.8590215329223758,0.10423926561491594,0.6230225794018982,-0.24163730306680153,0.4896430582785498,-0.6768454993138178,-0.7807856741024402,-0.8915952118200332,0.8887345609990372,-0.2996855269918288,-0.24920279023519698,-0.25236754147515794,0.008910947537558167,0.824076495868113,0.07207893350639294,0.009588993479953067,0.8713007503068788,-0.5061773051122722,0.41354727116711487,0.9843693836121137,0.6218622169110308,0.35137739772652343,-0.8499824630523127,-0.6855838020358469,-0.09525172949006724,-0.4686801532571039,-0.6388197653010093,0.2426719978669405,-0.7636047652836886,-0.19707036757086419,-0.8147202362837804,0.8666111670187902,0.2484631172216747,0.6786444162442227,0.40046584107900995,0.782229926958636,-0.36951585961202527,0.8929101904666144,-0.740075590299495,-0.9225180410077839,-0.15124075351614774,-0.8282554191874165,-0.30668606480707017
-0.780479954242135,-0.7440729961525938,-0.9852042997352022,0.5824728510567583,-0.5442895840122888,-0.4949482774263191,-0.86273396107423,-0.38942818953227887,0.047935238341137776,0.00408099008729601,-0.8468096305495347,-0.2653667510664277,-0.09992390032147598,0.9654580978878591,0.6498559562220019,-0.1741336861603484,0.8386259663661564,-0.7916319177933473,0.576208258137791,-0.9620587710437452,0.8727547636422059,-0.012956190476379081,-0.6920260716455572,-0.19222204276825194,0.7705428283145328,-0.6288619009357745,0.4895794888458319,-0.3088120715476079,0.4986635787883981,-0.7947327963928666,0.49390850415167764,-0.8483930633919026,-0.9287596978214501,-0.7867633117554782,-0.18702078319686422,-0.7237978165682254,-1.069046167292398,-0.33505475176149746,-0.7527401016858755,-0.43637922602994755,-0.9135890917935159,-0.5331249445447003,0.4589356069041512,-0.6359998281162145,0.8640519578749417,-0.40864644132500105,0.7498757743259785,-0.6245411631351443,0.27869795067359937,0.40623096129312253,-0.8596426459493194,0.33625153146017683,0.3074658388424756,-0.15943650467645454,0.3042899485791679,-0.8610603923578146,0.885138402360466,0.6686463691742084,0.19875221007354926,0.604595903484911,0.6131543228101904,0.3371465601485695,-0.31907766864640696,-0.8374950376268229
-0.3134416472256203,0.515155476185174,0.2812248620727611,0.8248548765592425,0.011734649184386672,0.34716495686572535,0.7763804908466765,0.4254585379841468,0.11578073483311124,-0.053932316049239315,0.5597372345772178,0.5577695477610205,0.16539033982595797,0.8333117379566499,-0.6792356751149442,0.4537429370234213,1.0299201304451235,0.06159379134562548,-0.7846470243564974,0.9083153177446341,1.0117378395605627,-0.5013004936899745,-0.9536160357581194,0.5031331627087844,0.04987747602345971,0.9499580712552667,-0.7345874366113785,-0.803171602432619,-0.8067821965082025,-0.3296774323240741,-0.12817337406891488,-0.8929268455295498,-0.02976415815022282,0.14835228100035103,0.694098656786218,0.25321885069815764,0.4287660971386029,0.68510294078774,0.4587626343329743,-0.41935171960272954,0.524365829895721,-0.47416515013313143,-0.3973428515460522,0.456633892410939,-1.0537881605124788,-0.45779537742582965,-0.5835712245591136,-0.06852949700392683,-0.04306268474016839,0.8204068143474592,-0.8157712547621554,0.23442636948401008,1.0766216141058527,-0.8504906829106141,0.8929487715794999,-0.24905609808266135,0.14657048164800224,-0.7178131225425739,0.2756261485830199,-0.40413556749920976,0.22111464537344533,-0.22748143637507476,0.28716723800840716,0.3910585090900631
-0.3702679705553786,0.8958597335942204,-0.6129655846549831,0.27413136667979954,0.8981829771514516,0.003373075808567938,0.18248314891769926,0.6190453753362242,0.19135467426280175,0.7996105764610912,-0.4157625761052153,0.815743424894309,0.10704274024547444,0.4321339881868207,0.6383083380568408,-0.48169573144676625,-0.5392705820213388,0.6836124980421701,0.05731180114644435,-0.09349453316170986,-0.20000203621857549,-0.297652633568134,-0.29692226008109107,-0.685229597321076,-0.32764987913253074,-1.0403973177974049,0.6649040764178931,-0.7983321029910686,-0.5024329025301095,-0.4991035839649832,-0.05986729268235225,-0.16787324080716104,0.7124323518297841,0.3180107143683122,0.5028782335485689,-0.1629913881755849,-0.9612760343283953,-0.9472590148575646,-0.04178892631022535,0.6140525379349602,0.5583957335367842,0.8290760001196475,0.9874071519049488,-0.11651453018351215,0.25759862815651524,0.3513072403862343,0.8785437838817534,-0.03387291711844542,0.09706861347593532,0.7922522777994463,0.8302458200920526,0.3761051981898275,-0.6788528790718058,0.4110174350376443,-0.5744220370041355,0.3181071224723668,-0.39841930342917364,-0.6715781418015204,-0.7892784347519401,0.16795473393311577,-0.2991032675819761,0.04683304073403319,-0.7149140993419371,0.17204662557915498
0.10118859798252444,-0.6830235611116884,-0.4389572640905679,0.7076340792415452,0.27978592944763014,-0.4046175402484766,0.8117678166507962,-0.2530113545504231,0.1925944883620383,-0.8332709461452286,0.5897602331498978,0.2024005024325568,0.7482929550797427,0.7197330845470227,0.21529931286911647,0.3406093968325092,-0.631604569516871,0.6364971173006991,0.1148612515921772,0.7380952819489908,-0.0257191978719237,-0.7502133375000437,0.2801324893802939,-0.8065421802213708,-0.6484738182999019,0.03227102399727633,0.24041102063615258,-0.5451637119262034,0.4801997505418836,-0.1676755385802381,0.3753954126301229,-0.1788515563749018,-0.5313696635265925,0.7266330211787382,-0.319303563035824,0.3304785272740063,0.3965271916573547,-0.07213879748061344,0.16092968924438344,-0.8192472882073034,0.39056847313229204,0.9063039452628785,0.14554396972290617,-0.6778510433850164,0.26572208134718717,0.10457178305008981,-0.25358201515168477,-0.002700532022617941,-0.990798147380471,-0.573143116172861,0.6418561342492872,0.23264733059457762,-0.6784060797595839,-0.9559046703024203,-0.1881031620810838,-0.3356402382960544,-0.12328711569614031,0.3760698417748256,0.8391701017039008,-0.7483335894030891,0.11188511735905804,0.9308401165037586,-0.7331584212142914,0.9166227531967164
-0.42375647588802734,0.9390093105809724,-0.6064051174931642,-0.2568181203732394,0.4393647324902141,-0.4008537780640007,-0.4210102485688524,-0.9707160457559696,0.3914982933385731,-0.06836338934022473,0.801906733356299,-0.37742208298024527,-0.3072166741719805,0.213567451543625,-0.4732404011956412,-0.8371845463643466,-0.60913397702635,0.13038047958543997,-0.9993321984956631,-0.08923447767566113,-0.3141753888791654,-0.2899069382967282,-0.1499317896883734,0.3583045329494343,-0.10323713845984228,0.6332930713666911,-0.10367531213699932,1.0091848899323979,0.45897200562011964,0.035626511958444684,-0.36665996952575997,0.6190863518695868,-0.17777823485894428,0.8311929265427354,-0.5438571319223952,0.5691410826825875,-0.5522304244237507,-0.6094227452850787,0.37070321805896844,-0.5679802781705703,0.1751124946912921,-0.5677134803000415,-0.7050594717018845,0.8802012613257273,0.1731407234545792,-0.8006148658601915,-0.31367331092551476,0.3850322862023994,0.6158539300163665,-0.1747372253460595,0.0249669514351627,0.9072475206521147,-0.24823189081186472,0.343106289296218,-0.3153424994118803,-0.49827480796739887,0.06144395106997759,-0.5838356735456087,0.6588594826742014,0.6046899596040407,0.9308207708663268,-0.3290900320683887,0.00014571424134746103,0.8871580042502628
0.9899885562725661,-1.0299111273623234,-0.2996563540085013,-0.840578247124665,0.6193312754075653,0.26516436029321855,-0.15388321907673222,-0.7473763245225451,0.5836356739351347,0.8463223050902755,0.891064043367738,-0.6396184236869913,-0.15053639363050098,0.7852032634026558,0.3625915395579655,-0.4042169928687236,0.0663433966137652,-0.34268881358269687,-0.6216530638700414,0.19479369236760014,-0.826459776309961,-0.43921400556589446,-0.37513425913758336,0.9151138830700036,0.7538536244532263,0.08894497045935901,-0.11801198524902912,0.2755262022692191,-0.7628707282934348,-1.015310019592122,0.12330385899746164,0.8446567321992187,-0.6873422744741389,0.6600173584305955,-0.15251771307762874,-0.9186108706925598,0.08989642916226007,-0.6168566154517081,0.5404116708819137,0.013366132496017452,0.7913764184189984,-0.6791980051352835,0.6273527198169819,-1.043333408462379,0.06139633788656164,0.5848137481685975,-0.40705422203911446,-0.7210464722006196,-0.6395029684016051,-0.8241761123112755,0.04236737924613165,0.791841809362016,0.7292043028116195,-0.12357511306573915,0.32998235407040555,-0.7031751866719724,-0.20671147735552575,-0.7323522446692033,-0.3091707440508663,-0.687661273050796,0.24335469015810213,-0.27410084141176394,-0.30913122178203345,0.6401199183312852
1.1147267448647253,-0.7367207002970432,0.9871113419249845,0.02870598197512382,-0.8242291291358916,-0.7659428768734742,0.5929937238324401,0.6164873876597883,0.4220851246396234,-0.5271078659332289,-0.2855715892845203,-0.9216769635548452,0.7239930300108698,0.29987569442952244,0.5154902470454827,-0.6066104271505047,1.1282007938474938,0.8145738533787596,-0.766795308816627,0.6300329117958907,-0.20900728075689412,-0.7903463818358201,-0.9958385040322816,-0.7325728915994565,-0.8186125701352642,0.43442304985885816,-0.591621662090267,-0.19400497251921456,-0.9572947586581457,-0.5198450817779676,0.10128164694872754,-0.5032251070493625,-0.034672435408774294,-0.4501958977463566,-0.7717837205643345,0.9487849009479887,-0.6680634194056434,0.06749745966156868,0.6905189806547258,-0.9208445553367578,-0.7368862565468937,-0.5497907654578182,0.8752639180738208,-0.006704806401172325,-0.13403238645347595,0.5357001459751862,0.9246906325370166,0.6553723477485038,-0.8984835577021119,0.4430086133999227,-0.3741021717336722,0.6450884127906379,-0.3016954868494899,-0.2296821808732432,-0.5255060568016553,-0.44135658617907064,-0.8927901084522896,-0.4906337841885453,-0.3709866492723143,-0.760832724384011,-0.21387747177744276,0.3125477958890044,0.1413876183891159,-0.8234435273677705
0.5798773157414148,-0.33547786787395184,-0.7063453416599008,0.6814073791820128,-0.3444261966088085,-0.3465838621231075,0.8202376317071787,-0.19910087558720724,0.5982773067869942,0.46680631055065525,-0.9141947440232048,0.27066909074837553,0.569734554833937,-0.9719585269793337,-0.5679852660665514,0.7102961075954235,-0.38246012763574067,0.398900678535561,-0.0981691200173207,0.5594350104320749,0.28374512327322265,0.04232025207063735,-0.2736355626955238,-0.11438405914083893,0.7599739719365954,-0.5759396180807161,-0.8597574624043871,0.35346044565440327,0.7743683219661502,-0.42824731757912693,0.09207500455823267,0.37280197908661306,0.7011252584043368,-0.19726902392684664,0.9594788274919206,0.9162691716553375,0.32179603558190994,0.1054096609057118,-0.261310733763769,-0.5605708778803296,0.733424494253468,-0.7954656950577292,-0.4883105767335105,-0.79398694855463,-0.378087561806153,0.9192760621190366,-0.7310655971236955,-0.9726958110222808,-0.9706269793493638,0.9298717117719422,0.09869542758167132,0.8839353042377782,0.05935242444246741,-0.10587112624182587,0.23688615127063772,-0.42755681707897064,0.817416619639916,-0.9040503996313269,0.11373068390801655,-0.16141928235231692,0.019303041030875434,0.32437615059736363,0.897757196190405,0.21046969706468577
0.45153979614109185,0.5310748346115932,-0.45745083952678933,-0.7697777564136132,-0.330247342252874,0.29766402968056316,0.5490506219858005,-0.8852323373655631,0.22815122311026548,0.3112149147587651,-0.8573395528961594,0.48315201801896923,0.06299750476127786,-0.5515660029923073,-0.6525158288849486,-0.1931188433959026,-0.1627162116828797,-0.708984515370037,0.7200816392875338,-0.7757117746718093,0.048172424261304414,0.046796425401134156,0.5022046455648679,0.47645218991610633,-0.2397386479336845,-0.29476959129415725,0.5909296979391461,0.264368486895989,0.3856887256323927,0.04146165394894431,-0.5220162331611267,-0.44594919473253847,-0.27121277981953673,0.1353985766686506,-0.5716141771951523,0.8282461559305545,0.40093308100911584,-0.9217389580101449,0.7898409428683434,-0.5322515693017971,0.4827759338663955,0.1694877555062717,0.03303801458214051,0.9397210251192433,0.8016612308216771,0.9523973313747682,-0.14573209336368698,0.6582182431133958,-0.8061731151213891,0.7234471654646487,0.08391825224514782,-0.20478675892806114,0.6079959091451128,0.25268813217995345,0.07855786542729212,-0.09724273893560695,0.34177526408491254,-0.40601413750496707,-0.7554384982727367,0.25439193290927664,0.12231612426450478,-0.6072263282263177,-0.13838669819718008,-0.011551827126124875
0.31882407409398994,0.3052838868744122,0.45368436199960294,0.20184421543309475,-0.15530523132717278,0.5304031177048973,0.16961326365735196,0.8510888493394406,0.7416831278531759,-0.7817683152991639,0.5748784994959626,0.48492878427167097,-0.43676522687870545,-0.5396451334289392,0.7387042192554651,-0.8422743075459467,0.15986123676322572,0.9623845781284932,0.6093041287281079,-0.6043507029075512,0.3599431611241328,0.8385958480442015,0.13967428189945638,0.3636662541015918,0.29927804620655496,-0.079915834979565,0.019757095566653587,0.061574298948474215,-0.594194848187269,0.9826844908709405,-0.8787783100734311,0.25756900418389916,-0.392283500974171,0.7243449886117663,0.9478177439710767,0.43045758774864545,0.5701344954770915,1.0140613020000995,0.10314686895424163,0.2991397428841077,-0.044733936230076266,-0.025150294261593986,-0.8677336541511529,-0.18283678508207357,-0.4706796886118487,0.8598291107685385,-0.4998023945852712,-0.035151629062694256,0.8996970818118435,-0.425317583122713,-0.599555597120617,0.7258242288761398,0.7693039299154563,0.04784206651164924,0.6845918475162509,-0.6120084970417263,0.5773034861096575,0.988900166148126,-0.873777037358364,0.26093453152791923,-0.595611849129539,0.5293062338769874,0.3463812612359991,-0.3269978422718114
-0.7821590022850193,-0.25583250499796506,0.4263253533663578,0.7642417243351787,-0.4221086416551638,0.6425250255626327,0.8154044838631547,0.8267698079138934,0.9369253396660704,-0.46263743809341107,-0.3526040673168078,-0.9368157109647931,-1.0415254605338493,0.339778145389378,0.897638773250692,-0.3593581379972152,-0.5187723300295126,-0.4235461561502547,-0.233376075680799,0.371741497547398,0.03428130250845296,0.7097332582924991,-0.06131395519561758,-0.10726541930000999,0.7249318625487864,0.9783252766357626,0.2306363971428398,-0.12345018822245946,-0.8662715043211133,0.6742769681642895,-0.6848591259366041,0.7546308307156915,-0.17895309230746567,0.4814566532326753,-0.5300622306491289,-0.05440149251144888,0.7844676970927569,-0.9889799490836999,0.5923767305367709,0.2696786293051393,0.16333169309164663,-0.47881142414361366,-0.25807920793898065,-0.4144097316053277,0.07492583165601979,0.6543557834259632,0.6080524574669302,-0.28814959864405154,-0.49113599649618617,0.5852959337057826,-0.22503310405362842,0.7558408718379444,0.6371195754025141,0.3562119755519624,-0.9652727657740001,0.3597910191396123,0.5944013663491254,0.5829928031811753,0.07696134573824431,-0.9814614732640365,-0.35794467463631174,-0.9339385794349895,-0.8708654503466722,-0.5655334979831041
0.4499381618379934,0.9289037289760729,-0.7793368010161832,-0.45930168023800366,-0.7631160855355485,0.9905758316623776,-0.645552151670447,-0.27690709440878525,-0.16011457748825664,-0.652006534652302,0.7036358091986372,-0.4845545577012975,0.9792388567316563,-0.2086316298594682,-0.705066641928612,-0.9293506429564091,0.3232907748269674,-0.3807990938031218,0.5948878221660895,-0.8627567327202077,-0.8636322599248651,0.7443052270400469,0.6557332977153911,-0.3096715966934682,0.5902040043440637,-0.8815610129474376,-0.4945976111629222,-0.06321833649324837,0.3734156616939899,0.20849347523997075,0.30197279933585064,0.6873370952141338,-0.2064605487223424,-0.6341088162682921,0.6109920200568699,0.8058104947176077,-0.12440191534171197,0.25400152588216174,0.2833474327385718,-0.25055991703294755,0.7285944744980724,0.8243493026778022,-0.6368151804483001,-0.4280643789151847,0.4917685358824404,-0.46994900572211296,-0.8232517297441075,-0.11208615403680322,-0.11147826783681847,-0.21806412046308482,0.1419111258497516,-0.6185999485868661,-0.9049012138206325,0.35655695659826214,-0.17711986516532563,0.5131879315122294,-0.7822028169960182,0.4276218898259892,-0.42013087088291345,0.3015715575524892,0.34902405950654697,-0.8408442964208361,0.5988103004896962,0.8137967478612764
-0.5024456479980546,-0.36598859330186767,-0.07192650397911526,0.8199117934120609,0.6912741061819951,-0.6884666975250258,0.4197233554586558,-1.070797450165752,-0.8581395173881421,0.91956046164715,-0.36507222368664183,-0.1637380391028891,0.3033215435293994,-0.7928327375813231,0.5502501069837549,-0.13581674548881442,-0.6233942151677521,0.9530624078091948,-0.14616031529336504,-0.9393279065441493,-0.9353112626358864,0.33381463098482267,-0.5080824607273438,-0.8272230163615257,-0.014737574987417235,0.0005869731496992436,1.0492975556303086,0.5248253895816282,0.4983935740846619,-0.22549128001500218,-0.6212984631174703,0.30893744399151735,0.897522188368715,0.6240808514751195,-0.6839820375753921,-0.6569274045244462,0.3006486370974445,0.2517811294518456,0.21957103688809224,-0.4542043290185611,-0.8187968466495603,-0.4208581449569252,-0.6580090217016286,0.2653734434377854,0.7444059532151736,-0.43834171655805887,0.8148790747308301,0.7391361957537588,-0.45495377352197225,-0.15123150708956268,0.12062085282811186,0.9123327953319291,0.7815202452999659,0.08352309222674448,-0.9666436325052825,-0.7141837394680401,0.03364898871559929,0.23096994126331016,-0.3462238343718158,-0.40149366268548237,0.05112883666377026,0.10246128503129974,-0.24533102887209912,-0.5196668168091254
-0.13624377611433092,0.7545799936408648,-0.8487668672457187,-0.643643866544551,0.08735345763566627,0.4507981788047233,-0.6267318116622069,0.48179530926785175,0.20517797763220233,0.05152730856562021,0.8312037707209265,-0.048820130613492774,0.40705175022417506,0.006500375027572364,0.20583612445205213,-0.03119311803330671,-0.593052030651718,-0.8539915081634188,-0.5437891894119169,-0.5092676257427551,0.4687266252849436,0.791147015898934,-0.9882543099922856,-0.6114178634885465,0.6880248333954162,0.14873064917887907,0.0746410563299525,0.5984523595771423,0.02992006419385504,0.14496882604383213,-0.7760875100169815,0.8737737865203498,-0.10089462169391428,-0.24613975154731094,0.184071987088261,-0.7693232756727232,0.2084334737078144,0.09331851917161527,-0.8247744517798687,0.9201454120390558,-0.31589892234479544,-0.8027168728824476,-0.1939410770701014,-0.7223916404480495,0.1715145243332868,0.255105574298218,-0.057230195229238445,0.5441548086632426,0.452298535055943,0.19856573041434689,0.8326453757662613,-0.48387413059023765,0.40388406874949045,-0.07798818907649563,-0.11550098316043789,-0.30253938800956703,-0.558005374774625,0.7327749050665577,0.57656067977978,-0.7663781625993498,0.09227321996350796,-0.8400035241643391,-0.12256765481044307,0.6616472965455993
-0.38619273679386357,0.16478899668513836,-0.48563619697980887,-0.8650320459982375,1.0025331987517314,-0.3672484503021804,0.9092779476046651,0.12193746432430469,-0.8203082778286493,0.22114382737333727,-0.6374483951318877,-0.7043015199330191,0.33525653196773453,-0.0982647863931842,-0.48014013680920753,-0.09603631041041671,0.8223727325661181,-0.640902835364972,-0.6962919484587526,-0.8166797664903442,0.16731326275612624,0.08925800421021246,-0.2997419379564239,-1.0969926703680521,0.6775724248172069,0.6943631285007461,0.7875333490235934,0.3827205089686787,-0.10338951276340846,-0.491198756679344,0.8861097629377408,0.18376542640534388,-0.055233993723296626,0.7495281475191344,-0.15625212180527348,0.6498616242765587,0.35344576737216604,-0.42957205496539275,0.8893675944868213,-0.9180138572713664,0.7611210217963984,-0.5334445706395421,0.5247814794358829,-0.6670921417087707,0.21060537486882658,1.0086986472285018,-0.5601694281340788,0.10706703264064062,-0.7358420877895366,-0.5924045288800157,-0.04125230680102132,-0.07070766471186563,0.15569073672162373,-0.46505031422191223,-0.8552439403056087,-0.8707208599348615,0.3600100464405891,0.4027414163658263,0.568842657470799,0.05147379405245453,-0.9423304618457651,0.4433191484371408,0.46506267520689737,0.6077672259482232
-0.014679707940944184,-0.5435794013407254,0.3580337175173065,-0.5039541603052783,-0.6923958509548634,0.3429151416709286,-0.7372111202310089,0.9112252091305886,-0.09536136075300461,-0.08391699754146309,-0.3924836421606054,0.3536483207229828,0.4198297124336141,-0.3338633194151005,0.8732864890262237,-0.6269137176537722,-0.9047019894960586,0.715712691755269,0.5930940660497773,0.643471858609132,0.5949367424861146,0.11277106295106407,0.1450459575632328,-0.24880394393859473,0.1584135022412121,0.4636768631708164,1.029616125608235,0.23488277732835505,-0.8152762053658813,-0.7290221068644633,0.15683398179813157,0.013157324958800454,-0.6225276602166954,0.3006042373366163,-0.9129569817752512,0.14444852003723802,0.23316024133751473,-0.8641161608707202,-0.657623438491922,-0.7922470239494596,-0.36990744617679927,-0.7295185776137774,-0.7485789136617191,-0.7451354924938518,-0.9926253137483183,0.29376487934881257,0.41280749605669803,0.8383347768081595,-0.5578782379586267,-0.269104427607721,0.027666314525913505,0.8163819825960108,0.8363964861726096,-0.2729845138491054,-0.03433729714015987,0.7806192636991112,0.3489600927888037,0.15381343371806186,0.7878652144851946,0.025080448252459905,0.892973561965462,-0.234916544876433,0.6355933982085005,-0.4566046245830515
0.3034690830803384,-0.5126242491470049,-0.07916471499905775,-0.09590379067172727,0.8728352323634274,0.19288441322662492,-0.5126735403966798,0.6038439113141596,-0.8994161642423035,-0.9244447770756752,0.6448041557635547,0.6804565510688984,-0.1324705801887851,0.8751260474057556,-0.40993940374733295,0.6311272187963117,-0.37637371935295305,0.136321144344963,-0.43957834708868737,-0.7112534186023918,-1.0323422518597192,-0.19182997584391315,0.2928721704711126,0.5919175990775957,0.3568946095827428,0.2670873266311897,0.25404335301743886,-0.32028316629488796,0.9465497902786549,0.880824854115517,-0.3251135794836836,0.7261056462322173,0.26401468093080815,0.8065734020539754,0.35646693452467226,0.40962914915886184,0.5406906991883643,0.33010806156185546,-0.872913143560061,0.4657844404952842,0.3556181895938195,0.05606472330764742,0.41303008404813185,-0.7469688759497446,0.48860075419352755,-0.8065510280460984,-0.05913795595105231,-0.5634533249882031,0.7060115847644172,-0.8118262312230276,0.19160927232423286,0.25334992677685153,-0.11636539824387859,-0.32067021791169825,-0.13627304430932718,0.3890092781085303,0.5102086302126254,-0.9055477976688192,0.20754855191679128,-0.2595435081429159,-0.6550602617187382,0.005704493236705854,-0.0150677228456636,-0.505744183103942
0.4799413420093446,0.7287970333960659,-0.7566554752325514,0.9496395861070663,-0.08189578751499371,0.5135875364423121,0.5196903979231207,-0.8793353956035693,-0.2975751788345753,0.20684027529378432,-0.7442604467651177,-0.5610810827704522,0.16307457084183308,0.15893934754465466,-0.02578711440956183,-0.07582373426885486,-0.24747668644236293,-0.5177618954690795,0.0056580883393287235,-0.5988808836223253,-0.5511098374500967,0.26694250228738237,-0.7616600908130999,-0.10064956697820548,-0.9910975718632122,0.8537585432009958,0.471433860707257,-0.04350461518908194,-0.6585981151350337,0.3945244766946314,0.7167041863906038,0.18626529889124238,-0.8775633173921609,-0.1448997882927534,0.7004126246240407,-0.26760203271190147,-0.41158763870907566,-0.26262661854206915,0.3789047534566904,-0.8585746634017757,0.07590177983660396,0.043973625183920076,-0.007860587277530584,0.005701861944428649,-0.4026010516394998,-0.30470961749449077,-0.7994199229513228,0.608523009437752,-0.37555122498246596,0.06454895954064813,0.5356566547908154,0.5929966792227572,0.6084116710714135,-0.11654039451239182,-0.6249136910823938,0.9081417864738652,-0.41678628840087906,0.46701353047837735,-0.682588084623055,0.08592502644585573,-0.8493942623523041,0.2592574163773633,0.16682040944078522,0.25927034787220377
0.3424488291323551,-0.755113855447503,0.3734186290164846,-0.5152723369853752,0.3087094193858433,-0.10920246909131781,0.32729947227468437,-0.28536043984654547,-0.19003167769094648,-0.36065439577694725,-0.25415159602913895,0.9035921120460628,-0.4554384359197079,0.8213525230689944,-0.23035539340071304,0.45537968057799816,-0.7297504736463123,0.669672012974901,0.6678593292799069,0.39272514372521894,0.5331114769378684,0.21129802107838924,-0.888351726552818,-0.11145866277183769,-0.8065766390183029,0.08174747528603277,0.8691834995639476,-0.7734129852493523,0.28429805608752057,0.3995721675875815,-0.1764332205764605,0.8384387951708421,0.5958712966207145,-0.7429672894846553,0.06424067511032105,0.2999974521586992,0.8007055948658053,-0.10021556354920813,0.8861794832621798,0.26446710704836884,-0.9569492881584141,0.1633112166889752,-0.6660955377844107,-0.9096748743165141,0.7616919546100681,-0.8073909987015992,0.6790911625825737,-0.06278859647889104,0.07226802197744653,-0.9248777453563182,0.5215192853192464,-0.21326420407904703,-0.30806256101570206,-0.6354576539043812,-0.6951043375573078,-0.7135733971638502,-0.163261026657765,0.5120278151910556,0.2479915935347458,0.5970521156897469,-0.46171445629184316,0.3071166517578468,0.6287774562954651,-0.9588138108528165
-0.4451293541008923,0.9118647661979465,0.4537162843090512,0.6617766845301143,0.5418417433394407,0.13349513516688005,-0.5361412461971693,-0.011175139996727035,0.17749202737040273,-0.8883578552633495,0.6508490561357085,-0.08040867959683906,-0.4412757306846085,-0.5663607322374432,0.05006687522554176,0.14535785614445168,-0.1859268241188372,-0.11596832417934233,0.25249982106470625,0.40766726094363515,0.05218766469893099,-0.7476025123455945,-0.10569917118589908,-0.1469843111735039,0.7978461700416504,0.1062482189597278,-0.6877163211120335,-0.8768408226387654,0.41610494597115977,-0.08114106930417675,0.32614476185386976,0.7429371067508583,-0.8353315658533038,0.22936290989450248,-0.25791756562827706,0.4243896207644515,-0.005171683916160179,-0.8975608019860404,-0.9316410253379828,-0.8742982757715196,-0.08838159286557024,0.952115922537162,-0.6732315161873677,-0.7264076586773531,-0.3944117608235272,0.6725748224853199,0.7236849159109833,-0.09065372138270655,-0.284678757559063,-0.6598642117282132,-0.38993514799637286,-0.5669529223328327,0.5573183260702019,0.49405683597877614,0.6357713402839575,-0.6144061555852591,-0.07459388185512861,-0.21185943129253482,-0.8737867491123124,0.7322068286039701,-0.750529787189743,-0.43148843602773806,-0.7563325275943052,-0.6924732840527499
